3.864181041717529297e-01
3.623337447643280029e-01
3.411142230033874512e-01
3.198508918285369873e-01
3.089886307716369629e-01
3.038181960582733154e-01
2.996220886707305908e-01
2.949594557285308838e-01
2.862713634967803955e-01
2.801962792873382568e-01
2.761464416980743408e-01
2.723381221294403076e-01
2.682049274444580078e-01
2.635363638401031494e-01
2.577967941761016846e-01
2.500886023044586182e-01
2.428425401449203491e-01
2.335987836122512817e-01
2.262009084224700928e-01
2.187321633100509644e-01
2.107608765363693237e-01
2.024812251329421997e-01
1.940154135227203369e-01
1.855625957250595093e-01
1.774083971977233887e-01
1.698067039251327515e-01
1.629983037710189819e-01
1.571904271841049194e-01
1.524649113416671753e-01
1.488004773855209351e-01
1.460695564746856689e-01
1.439374387264251709e-01
1.419267207384109497e-01
1.388024836778640747e-01
1.379771232604980469e-01
1.373778581619262695e-01
1.369448155164718628e-01
1.365594416856765747e-01
1.362241208553314209e-01
1.359322071075439453e-01
1.356132775545120239e-01
1.353425830602645874e-01
1.350753605365753174e-01
1.348040550947189331e-01
1.345484256744384766e-01
1.342944055795669556e-01
1.340564489364624023e-01
1.338094621896743774e-01
1.335805207490921021e-01
1.333575248718261719e-01
1.331446915864944458e-01
1.329058408737182617e-01
1.326924264430999756e-01
1.324808001518249512e-01
1.322827935218811035e-01
1.321105062961578369e-01
1.318901181221008301e-01
1.316690146923065186e-01
1.314810216426849365e-01
1.312871426343917847e-01
1.310822069644927979e-01
1.308966279029846191e-01
1.307364702224731445e-01
1.305177956819534302e-01
1.303420364856719971e-01
1.301841884851455688e-01
1.300085932016372681e-01
1.298381090164184570e-01
1.296387016773223877e-01
1.294600963592529297e-01
1.292852759361267090e-01
1.291065663099288940e-01
1.289452910423278809e-01
1.287612468004226685e-01
1.285806894302368164e-01
1.284306794404983521e-01
1.282313168048858643e-01
1.280691921710968018e-01
1.278920173645019531e-01
1.277257204055786133e-01
1.275388300418853760e-01
1.273718774318695068e-01
1.271572858095169067e-01
1.269781738519668579e-01
1.267828643321990967e-01
1.266174763441085815e-01
1.264286041259765625e-01
1.262280791997909546e-01
1.260299384593963623e-01
1.258548200130462646e-01
1.256444454193115234e-01
1.254544854164123535e-01
1.252661943435668945e-01
1.250779628753662109e-01
1.248561218380928040e-01
1.246325969696044922e-01
1.244317218661308289e-01
1.242132037878036499e-01
1.240030080080032349e-01
1.237966939806938171e-01
1.235658153891563416e-01
1.233527511358261108e-01
1.231093630194664001e-01
1.228739917278289795e-01
1.226269081234931946e-01
1.223929524421691895e-01
1.221193000674247742e-01
1.218797788023948669e-01
1.216090247035026550e-01
1.213637888431549072e-01
1.210792139172554016e-01
1.208084076642990112e-01
1.205063313245773315e-01
1.202167868614196777e-01
1.199041157960891724e-01
1.195868104696273804e-01
1.192517355084419250e-01
1.189224943518638611e-01
1.185608729720115662e-01
1.181562840938568115e-01
1.177707836031913757e-01
1.173397898674011230e-01
1.168826073408126831e-01
1.163929030299186707e-01
1.158765926957130432e-01
1.153094395995140076e-01
1.146680563688278198e-01
1.139716506004333496e-01
1.131591424345970154e-01
1.122708693146705627e-01
1.112255007028579712e-01
1.101162061095237732e-01
1.089618727564811707e-01
1.080807745456695557e-01
1.075500175356864929e-01
1.073169931769371033e-01
1.069853529334068298e-01
1.067312881350517273e-01
1.065644919872283936e-01
1.061605736613273621e-01
1.058569848537445068e-01
1.055458113551139832e-01
1.052766591310501099e-01
1.049293577671051025e-01
1.045032441616058350e-01
1.042641401290893555e-01
1.037951707839965820e-01
1.033190265297889709e-01
1.028128787875175476e-01
1.022585779428482056e-01
1.016476675868034363e-01
1.009770780801773071e-01
1.001592501997947693e-01
9.916380792856216431e-02
9.789741039276123047e-02
9.633936733007431030e-02
9.405173361301422119e-02
9.020397812128067017e-02
8.205769956111907959e-02
5.859571322798728943e-02
3.443774208426475525e-02
3.078741021454334259e-02
3.046517632901668549e-02
2.998507022857666016e-02
3.034625202417373657e-02
2.995157986879348755e-02
2.965458109974861145e-02
2.967868559062480927e-02
2.926663681864738464e-02
2.910850197076797485e-02
2.895041368901729584e-02
2.896496467292308807e-02
2.879944443702697754e-02
2.886208891868591309e-02
2.867059223353862762e-02
2.839891985058784485e-02
2.834444493055343628e-02
2.826891280710697174e-02
2.814374864101409912e-02
2.806289680302143097e-02
2.792845852673053741e-02
2.795664966106414795e-02
2.800337783992290497e-02
2.767888456583023071e-02
2.763676829636096954e-02
2.756424434483051300e-02
2.759376168251037598e-02
2.751290425658226013e-02
2.761008590459823608e-02
2.800301276147365570e-02
2.738994359970092773e-02
2.768306620419025421e-02
2.708156593143939972e-02
2.706043049693107605e-02
2.699542418122291565e-02
2.702693827450275421e-02
2.712824195623397827e-02
2.684603072702884674e-02
2.685708366334438324e-02
2.674537710845470428e-02
2.673622407019138336e-02
2.691368013620376587e-02
2.658153139054775238e-02
2.672049961984157562e-02
2.685070782899856567e-02
2.679725363850593567e-02
2.674168907105922699e-02
2.650128863751888275e-02
2.655893564224243164e-02
2.671040222048759460e-02
2.631320618093013763e-02
2.640165016055107117e-02
2.657103165984153748e-02
2.629957720637321472e-02
2.630939893424510956e-02
2.631917037069797516e-02
2.652561105787754059e-02
2.615394257009029388e-02
2.601646818220615387e-02
2.598950453102588654e-02
2.615359984338283539e-02
2.669186517596244812e-02
2.592639625072479248e-02
2.617666497826576233e-02
2.582152374088764191e-02
2.579939737915992737e-02
2.564379200339317322e-02
2.583522908389568329e-02
2.590422891080379486e-02
2.573434263467788696e-02
2.570044063031673431e-02
2.557641826570034027e-02
2.567420713603496552e-02
2.582973614335060120e-02
2.543579228222370148e-02
2.540116570889949799e-02
2.540715225040912628e-02
2.534352429211139679e-02
2.529237419366836548e-02
2.549313008785247803e-02
2.531087212264537811e-02
2.527044527232646942e-02
2.533739246428012848e-02
2.503145486116409302e-02
2.499401383101940155e-02
2.499950118362903595e-02
2.492085285484790802e-02
2.507573924958705902e-02
2.516401000320911407e-02
2.496640756726264954e-02
2.489322796463966370e-02
2.506597340106964111e-02
2.471795864403247833e-02
2.472878061234951019e-02
2.500790171325206757e-02
2.462495118379592896e-02
2.473959513008594513e-02
2.464901469647884369e-02
2.446678280830383301e-02
2.457619272172451019e-02
2.458734996616840363e-02
2.441705390810966492e-02
2.431547828018665314e-02
2.436053939163684845e-02
2.431256324052810669e-02
2.505406737327575684e-02
2.425190247595310211e-02
2.412199601531028748e-02
2.408457733690738678e-02
2.396693266928195953e-02
2.438479475677013397e-02
2.416772581636905670e-02
2.403396926820278168e-02
2.395673096179962158e-02
2.402909286320209503e-02
2.398941665887832642e-02
2.378856763243675232e-02
2.380188368260860443e-02
2.450660802423954010e-02
2.372390590608119965e-02
2.357375621795654297e-02
2.370839007198810577e-02
2.369140274822711945e-02
2.376537770032882690e-02
2.421087771654129028e-02
2.372461929917335510e-02
2.334075048565864563e-02
2.384037896990776062e-02
2.315456606447696686e-02
2.318343147635459900e-02
2.315939404070377350e-02
2.357053011655807495e-02
2.303075790405273438e-02
2.301253378391265869e-02
2.308355644345283508e-02
2.330100536346435547e-02
2.311310730874538422e-02
2.292861230671405792e-02
2.304672822356224060e-02
2.305112592875957489e-02
2.292933501303195953e-02
2.277815528213977814e-02
2.320006862282752991e-02
2.290164679288864136e-02
2.291248925030231476e-02
2.327398769557476044e-02
2.290051244199275970e-02
2.281796373426914215e-02
2.259492874145507812e-02
2.244880236685276031e-02
2.259951643645763397e-02
2.255612052977085114e-02
2.250162884593009949e-02
2.253389544785022736e-02
2.281607687473297119e-02
2.312823943793773651e-02
2.265433594584465027e-02
2.257215417921543121e-02
2.248178608715534210e-02
2.258072234690189362e-02
2.223783358931541443e-02
2.244172431528568268e-02
2.223783731460571289e-02
2.276960387825965881e-02
2.215571701526641846e-02
2.208260260522365570e-02
2.209514752030372620e-02
2.209342271089553833e-02
2.212947420775890350e-02
2.209387160837650299e-02
2.208746783435344696e-02
2.202308736741542816e-02
2.215207368135452271e-02
2.189235202968120575e-02
2.284566685557365417e-02
2.239856868982315063e-02
2.221843041479587555e-02
2.182575128972530365e-02
2.233026549220085144e-02
2.232213318347930908e-02
2.313270606100559235e-02
2.226199395954608917e-02
2.169663086533546448e-02
2.163781411945819855e-02
2.169370092451572418e-02
2.154158800840377808e-02
2.163073793053627014e-02
2.201220206916332245e-02
2.209792099893093109e-02
2.174325101077556610e-02
2.174944430589675903e-02
2.180527336895465851e-02
2.181635238230228424e-02
2.175171859562397003e-02
2.168849855661392212e-02
2.146748453378677368e-02
2.189446054399013519e-02
2.154714614152908325e-02
2.158849500119686127e-02
2.168329618871212006e-02
2.138369716703891754e-02
2.129163406789302826e-02
2.209791727364063263e-02
2.183144539594650269e-02
2.146175689995288849e-02
2.145820483565330505e-02
2.132138237357139587e-02
2.131127566099166870e-02
2.160672098398208618e-02
2.126053161919116974e-02
2.141807600855827332e-02
2.157685719430446625e-02
2.139994502067565918e-02
2.208697423338890076e-02
2.152382209897041321e-02
2.135824039578437805e-02
2.111661806702613831e-02
2.139770798385143280e-02
2.123534306883811951e-02
2.145945280790328979e-02
2.164120227098464966e-02
2.120110020041465759e-02
2.105945907533168793e-02
2.117815800011157990e-02
2.147709578275680542e-02
2.146598882973194122e-02
2.100746519863605499e-02
2.166744321584701538e-02
2.099233120679855347e-02
2.125795744359493256e-02
2.093242481350898743e-02
2.111502550542354584e-02
2.093794383108615875e-02
2.091097459197044373e-02
2.072759717702865601e-02
2.086977474391460419e-02
2.125755324959754944e-02
2.080713212490081787e-02
2.088296227157115936e-02
2.154026180505752563e-02
2.074338868260383606e-02
2.077734097838401794e-02
2.069248631596565247e-02
2.073842100799083710e-02
2.072006091475486755e-02
2.121947146952152252e-02
2.078722976148128510e-02
2.087341994047164917e-02
2.060110494494438171e-02
2.067472599446773529e-02
2.080024220049381256e-02
2.112668193876743317e-02
2.073502168059349060e-02
2.057916857302188873e-02
2.060450427234172821e-02
2.056420408189296722e-02
2.152963913977146149e-02
2.054226770997047424e-02
2.086229436099529266e-02
2.081991732120513916e-02
2.063363976776599884e-02
2.080270648002624512e-02
2.047551609575748444e-02
2.123234234750270844e-02
2.120811492204666138e-02
2.071381732821464539e-02
2.063300088047981262e-02
2.081217803061008453e-02
2.047370187938213348e-02
2.069371752440929413e-02
2.043834142386913300e-02
2.035301923751831055e-02
2.101659402251243591e-02
2.077026478946208954e-02
2.077018097043037415e-02
2.023694291710853577e-02
2.049638330936431885e-02
2.067822590470314026e-02
2.059947885572910309e-02
2.026663906872272491e-02
2.124218083918094635e-02
2.058954164385795593e-02
2.043036557734012604e-02
2.023578807711601257e-02
2.069557830691337585e-02
2.027613297104835510e-02
2.020952105522155762e-02
2.032161317765712738e-02
2.073032036423683167e-02
2.035237848758697510e-02
2.019334770739078522e-02
2.047291584312915802e-02
2.050705254077911377e-02
2.027603797614574432e-02
2.032334357500076294e-02
2.008604258298873901e-02
2.011248096823692322e-02
2.006947994232177734e-02
2.048769220709800720e-02
2.003737539052963257e-02
2.003289014101028442e-02
2.035366930067539215e-02
2.027175575494766235e-02
2.015174180269241333e-02
2.005442976951599121e-02
2.034424990415573120e-02
1.999747380614280701e-02
2.060024067759513855e-02
2.029214799404144287e-02
2.053103782236576080e-02
2.053171023726463318e-02
2.002799510955810547e-02
1.999925263226032257e-02
2.081103064119815826e-02
2.013228461146354675e-02
2.000028826296329498e-02
1.993992924690246582e-02
2.029086090624332428e-02
1.994949951767921448e-02
1.984470337629318237e-02
2.009223960340023041e-02
1.995624415576457977e-02
1.981045305728912354e-02
2.059571258723735809e-02
2.005972154438495636e-02
2.011631429195404053e-02
1.995635032653808594e-02
1.991807855665683746e-02
1.983492448925971985e-02
1.992882229387760162e-02
2.009504474699497223e-02
1.989755779504776001e-02
1.992468163371086121e-02
2.011947706341743469e-02
1.983991265296936035e-02
2.006853558123111725e-02
1.976115070283412933e-02
2.055472880601882935e-02
1.990734599530696869e-02
1.966945268213748932e-02
1.991223171353340149e-02
2.005691640079021454e-02
1.976959034800529480e-02
1.994725130498409271e-02
1.980947889387607574e-02
1.974222995340824127e-02
2.021248079836368561e-02
1.976090669631958008e-02
1.977246068418025970e-02
1.966932415962219238e-02
1.976357586681842804e-02
1.991225779056549072e-02
1.989067904651165009e-02
1.954630576074123383e-02
1.966237276792526245e-02
1.976659893989562988e-02
1.984297856688499451e-02
1.955949328839778900e-02
2.000761963427066803e-02
1.982683688402175903e-02
1.989604160189628601e-02
1.995972730219364166e-02
1.964246295392513275e-02
1.988397352397441864e-02
2.031848765909671783e-02
1.954462938010692596e-02
1.966023631393909454e-02
1.962459273636341095e-02
2.023792453110218048e-02
1.957326382398605347e-02
1.952061057090759277e-02
2.007460966706275940e-02
1.953027956187725067e-02
1.959137618541717529e-02
2.015260793268680573e-02
1.989268139004707336e-02
1.983811892569065094e-02
1.956729777157306671e-02
1.978785358369350433e-02
1.943453773856163025e-02
1.939525082707405090e-02
1.959454640746116638e-02
1.981018111109733582e-02
1.987430080771446228e-02
1.965832710266113281e-02
1.961256377398967743e-02
1.946647837758064270e-02
1.945945434272289276e-02
1.950469613075256348e-02
1.984165981411933899e-02
1.956252567470073700e-02
1.988840661942958832e-02
2.025609463453292847e-02
1.978640444576740265e-02
1.954285614192485809e-02
1.982857473194599152e-02
1.947790943086147308e-02
1.937962323427200317e-02
1.943534240126609802e-02
2.004737220704555511e-02
1.943661272525787354e-02
1.957789994776248932e-02
1.968856714665889740e-02
1.957696303725242615e-02
1.947733387351036072e-02
1.949016563594341278e-02
1.946854218840599060e-02
1.948101259768009186e-02
1.954191736876964569e-02
1.964875496923923492e-02
1.924346946179866791e-02
1.953273452818393707e-02
1.924659684300422668e-02
1.934613846242427826e-02
1.946469768881797791e-02
1.964746601879596710e-02
1.978382095694541931e-02
1.942989788949489594e-02
1.945194229483604431e-02
1.932686381042003632e-02
1.932735927402973175e-02
1.937353052198886871e-02
1.932217366993427277e-02
1.935777440667152405e-02
1.949486508965492249e-02
1.956974156200885773e-02
1.918277144432067871e-02
1.973322220146656036e-02
1.961241103708744049e-02
1.919037289917469025e-02
1.942175440490245819e-02
1.915134675800800323e-02
1.935438998043537140e-02
1.952226273715496063e-02
1.919355243444442749e-02
1.922731660306453705e-02
1.899887435138225555e-02
1.902266219258308411e-02
1.925249584019184113e-02
1.924501545727252960e-02
2.076827920973300934e-02
1.924269087612628937e-02
1.934224180877208710e-02
1.896326802670955658e-02
1.976216398179531097e-02
1.953514479100704193e-02
1.955718733370304108e-02
1.900663413107395172e-02
1.961199939250946045e-02
1.912789791822433472e-02
1.956306025385856628e-02
1.913230493664741516e-02
1.906087435781955719e-02
1.929417997598648071e-02
1.982514373958110809e-02
1.913454756140708923e-02
1.910888217389583588e-02
1.902877166867256165e-02
1.896177418529987335e-02
1.898240484297275543e-02
1.923592202365398407e-02
1.943151094019412994e-02
1.926874928176403046e-02
1.986337080597877502e-02
1.925515756011009216e-02
1.893981732428073883e-02
1.906000263988971710e-02
1.899909786880016327e-02
1.989282108843326569e-02
1.961500197649002075e-02
1.905975490808486938e-02
1.915402151644229889e-02
1.897286437451839447e-02
1.900097541511058807e-02
1.927793771028518677e-02
1.909200847148895264e-02
1.914434321224689484e-02
1.901418715715408325e-02
1.935919001698493958e-02
1.915254257619380951e-02
1.884401962161064148e-02
1.904558576643466949e-02
1.905427314341068268e-02
1.918064057826995850e-02
1.923522353172302246e-02
1.897672191262245178e-02
1.893031783401966095e-02
1.907112263143062592e-02
1.897049881517887115e-02
1.911011338233947754e-02
1.894527487456798553e-02
1.916769519448280334e-02
1.886798813939094543e-02
1.988909207284450531e-02
1.900411583483219147e-02
1.882975548505783081e-02
1.883595436811447144e-02
1.898910105228424072e-02
1.913958042860031128e-02
1.884017884731292725e-02
1.877440139651298523e-02
1.907279901206493378e-02
1.931644417345523834e-02
1.897244714200496674e-02
1.890306174755096436e-02
1.906101778149604797e-02
1.890078745782375336e-02
1.879364438354969025e-02
1.895087398588657379e-02
1.951352693140506744e-02
1.876325719058513641e-02
1.931017637252807617e-02
1.934292912483215332e-02
1.896563172340393066e-02
1.891803555190563202e-02
1.904089935123920441e-02
1.886533759534358978e-02
1.879836618900299072e-02
1.884602755308151245e-02
1.884758472442626953e-02
1.886454224586486816e-02
1.873949542641639709e-02
1.868953928351402283e-02
1.932357996702194214e-02
1.881323568522930145e-02
1.908942125737667084e-02
1.908614486455917358e-02
1.887915469706058502e-02
1.909977383911609650e-02
1.906009018421173096e-02
1.893582753837108612e-02
1.888747140765190125e-02
1.895515248179435730e-02
1.877382211387157440e-02
1.882783137261867523e-02
1.869634538888931274e-02
1.876999251544475555e-02
1.888551376760005951e-02
1.902054995298385620e-02
1.872872374951839447e-02
1.898555271327495575e-02
1.918399706482887268e-02
1.889221929013729095e-02
1.874722540378570557e-02
1.899664476513862610e-02
1.940791308879852295e-02
1.866488717496395111e-02
1.871299743652343750e-02
1.885490305721759796e-02
1.880512945353984833e-02
1.877088099718093872e-02
1.858054846525192261e-02
1.906952448189258575e-02
1.990486681461334229e-02
1.888023316860198975e-02
1.862248033285140991e-02
1.882649771869182587e-02
1.851176470518112183e-02
1.868109032511711121e-02
1.914611831307411194e-02
1.886674016714096069e-02
1.889955066144466400e-02
1.859173551201820374e-02
1.870014891028404236e-02
1.880592480301856995e-02
1.863532140851020813e-02
1.877717301249504089e-02
1.883589476346969604e-02
1.878756470978260040e-02
1.848981343209743500e-02
1.858929730951786041e-02
1.863989233970642090e-02
1.899966970086097717e-02
1.860779896378517151e-02
1.873901300132274628e-02
1.874075271189212799e-02
1.863700337707996368e-02
1.859925873577594757e-02
1.898204535245895386e-02
1.904233917593955994e-02
1.860818266868591309e-02
1.867222599685192108e-02
1.864387094974517822e-02
1.880735158920288086e-02
1.872466690838336945e-02
1.846387796103954315e-02
1.856772974133491516e-02
1.888438314199447632e-02
1.867196522653102875e-02
1.862947829067707062e-02
1.909444481134414673e-02
1.860535703599452972e-02
1.838958077132701874e-02
1.865237392485141754e-02
1.873016171157360077e-02
1.850914955139160156e-02
1.906904205679893494e-02
1.863648369908332825e-02
1.873288303613662720e-02
1.877399533987045288e-02
1.865504495799541473e-02
1.868020743131637573e-02
1.864967122673988342e-02
1.857523620128631592e-02
1.895315013825893402e-02
1.877608709037303925e-02
1.855698414146900177e-02
1.848946884274482727e-02
1.861133612692356110e-02
1.876151561737060547e-02
1.860307529568672180e-02
1.839787140488624573e-02
1.865941099822521210e-02
1.832154206931591034e-02
1.841547712683677673e-02
1.884080655872821808e-02
1.868936419486999512e-02
1.866059005260467529e-02
1.860272511839866638e-02
1.915680803358554840e-02
1.845134794712066650e-02
1.879741065204143524e-02
1.870911382138729095e-02
1.841805316507816315e-02
1.877779699862003326e-02
1.911801472306251526e-02
1.912138238549232483e-02
1.868357881903648376e-02
1.910321228206157684e-02
1.888305880129337311e-02
1.847557909786701202e-02
1.851970329880714417e-02
1.851006224751472473e-02
1.834025792777538300e-02
1.835137605667114258e-02
1.879016682505607605e-02
1.881980150938034058e-02
1.873937435448169708e-02
1.841249503195285797e-02
1.866683177649974823e-02
1.849400252103805542e-02
1.873815059661865234e-02
1.861250028014183044e-02
1.843769103288650513e-02
1.834619604051113129e-02
1.880601048469543457e-02
1.887219771742820740e-02
1.856295950710773468e-02
1.832463033497333527e-02
1.869480684399604797e-02
1.871521584689617157e-02
1.863036490976810455e-02
1.844456046819686890e-02
1.852292940020561218e-02
1.852329634130001068e-02
1.851142570376396179e-02
1.859796047210693359e-02
1.844714954495429993e-02
1.855804212391376495e-02
1.887703128159046173e-02
1.843973435461521149e-02
1.839099079370498657e-02
1.831037551164627075e-02
1.832718029618263245e-02
1.908637210726737976e-02
1.881441473960876465e-02
1.906037889420986176e-02
1.837370730936527252e-02
1.857721991837024689e-02
1.885101385414600372e-02
1.892613433301448822e-02
1.870703138411045074e-02
1.825023442506790161e-02
1.816860213875770569e-02
1.844398304820060730e-02
1.857175491750240326e-02
1.855666190385818481e-02
1.841568388044834137e-02
1.839410327374935150e-02
1.879136636853218079e-02
1.836280338466167450e-02
1.840070262551307678e-02
1.856292970478534698e-02
1.847193948924541473e-02
1.847837492823600769e-02
1.839005947113037109e-02
1.867348141968250275e-02
1.830188930034637451e-02
1.873562298715114594e-02
1.826615817844867706e-02
1.822637952864170074e-02
1.835666596889495850e-02
1.845615915954113007e-02
1.865944638848304749e-02
1.877003721892833710e-02
1.826427690684795380e-02
1.834126934409141541e-02
1.845322921872138977e-02
1.841863058507442474e-02
1.846194267272949219e-02
1.883431151509284973e-02
1.867597550153732300e-02
1.889776252210140228e-02
1.881895214319229126e-02
1.843592151999473572e-02
1.823575980961322784e-02
1.870992593467235565e-02
1.845814473927021027e-02
1.832005940377712250e-02
1.820780895650386810e-02
1.820693351328372955e-02
1.875547878444194794e-02
1.816277578473091125e-02
1.844048313796520233e-02
1.822456717491149902e-02
1.885009370744228363e-02
1.822664774954319000e-02
1.814519800245761871e-02
1.836610212922096252e-02
1.846558600664138794e-02
1.824371702969074249e-02
1.845015771687030792e-02
1.827243715524673462e-02
1.830461248755455017e-02
1.846727170050144196e-02
1.842396892607212067e-02
1.842932216823101044e-02
1.821719110012054443e-02
1.842835918068885803e-02
1.874789968132972717e-02
1.801954396069049835e-02
1.810648292303085327e-02
1.854301616549491882e-02
1.804434508085250854e-02
1.825105585157871246e-02
1.801805384457111359e-02
1.833135820925235748e-02
1.847057044506072998e-02
1.871554367244243622e-02
1.839941367506980896e-02
1.875442080199718475e-02
1.835524290800094604e-02
1.809790730476379395e-02
1.839457266032695770e-02
1.820078678429126740e-02
1.828608475625514984e-02
1.877016201615333557e-02
1.841189153492450714e-02
1.833217218518257141e-02
1.818449422717094421e-02
1.829883828759193420e-02
1.824435964226722717e-02
1.860831864178180695e-02
1.818247325718402863e-02
1.798615604639053345e-02
1.838050596415996552e-02
1.815933361649513245e-02
1.816620118916034698e-02
1.806390658020973206e-02
1.864856667816638947e-02
1.821314357221126556e-02
1.801167242228984833e-02
1.851482875645160675e-02
1.878081448376178741e-02
1.849501207470893860e-02
1.833541877567768097e-02
1.899892278015613556e-02
1.831957697868347168e-02
1.821526885032653809e-02
1.853809505701065063e-02
1.818059012293815613e-02
1.827199384570121765e-02
1.814936287701129913e-02
1.857003755867481232e-02
1.848187670111656189e-02
1.838623918592929840e-02
1.821968704462051392e-02
1.806651987135410309e-02
1.809238269925117493e-02
1.804805174469947815e-02
1.824188232421875000e-02
1.883205398917198181e-02
1.814053021371364594e-02
1.825987733900547028e-02
1.806696504354476929e-02
1.816136203706264496e-02
1.832187175750732422e-02
1.810985803604125977e-02
1.822532527148723602e-02
1.804619841277599335e-02
1.843312196433544159e-02
1.817318052053451538e-02
1.812828704714775085e-02
1.836551353335380554e-02
1.823800057172775269e-02
1.818032003939151764e-02
1.799737848341464996e-02
1.803513802587985992e-02
1.817847415804862976e-02
1.802650094032287598e-02
1.811875402927398682e-02
1.793338172137737274e-02
1.837435550987720490e-02
1.804764196276664734e-02
1.855150796473026276e-02
1.805883459746837616e-02
1.804820634424686432e-02
1.797303184866905212e-02
1.817061565816402435e-02
1.809729635715484619e-02
1.807168312370777130e-02
1.825174875557422638e-02
1.811618171632289886e-02
1.802989467978477478e-02
1.815432123839855194e-02
1.828404515981674194e-02
1.830265484750270844e-02
1.783029362559318542e-02
1.814465783536434174e-02
1.809196174144744873e-02
1.786265149712562561e-02
1.803934760391712189e-02
1.781950704753398895e-02
1.812054775655269623e-02
1.937936246395111084e-02
1.895687729120254517e-02
1.799129880964756012e-02
1.796541921794414520e-02
1.790689304471015930e-02
1.811809651553630829e-02
1.794484630227088928e-02
1.834059506654739380e-02
1.817699149250984192e-02
1.800989918410778046e-02
1.800423860549926758e-02
1.822402514517307281e-02
1.787071302533149719e-02
1.797060295939445496e-02
1.794754900038242340e-02
1.816674321889877319e-02
1.787611469626426697e-02
1.859472878277301788e-02
1.905179955065250397e-02
1.788936182856559753e-02
1.782144792377948761e-02
1.788755320012569427e-02
1.787315309047698975e-02
1.783975586295127869e-02
1.840892806649208069e-02
1.811433397233486176e-02
1.774832978844642639e-02
1.799105294048786163e-02
1.799838617444038391e-02
1.791276410222053528e-02
1.775202155113220215e-02
1.792765408754348755e-02
1.823190040886402130e-02
1.807922311127185822e-02
1.930885761976242065e-02
1.795397326350212097e-02
1.781629584729671478e-02
1.873702369630336761e-02
1.788913644850254059e-02
1.812158897519111633e-02
1.792381517589092255e-02
1.785195991396903992e-02
1.808886043727397919e-02
1.823122054338455200e-02
1.766605488955974579e-02
1.768686808645725250e-02
1.799849234521389008e-02
1.800983957946300507e-02
1.820052973926067352e-02
1.792931929230690002e-02
1.772489957511425018e-02
1.799952611327171326e-02
1.827076822519302368e-02
1.857483759522438049e-02
1.770708709955215454e-02
1.778947934508323669e-02
1.799681037664413452e-02
1.793801784515380859e-02
1.773254014551639557e-02
1.775918714702129364e-02
1.801128312945365906e-02
1.779094897210597992e-02
1.824298687279224396e-02
1.803717948496341705e-02
1.808515936136245728e-02
1.765810325741767883e-02
1.811779476702213287e-02
1.800785958766937256e-02
1.762132532894611359e-02
1.782231032848358154e-02
1.793530210852622986e-02
1.781938783824443817e-02
1.787312328815460205e-02
1.799267530441284180e-02
1.758708991110324860e-02
1.766324043273925781e-02
1.770665124058723450e-02
1.769851706922054291e-02
1.761754043400287628e-02
1.764247752726078033e-02
1.830299571156501770e-02
1.792691648006439209e-02
1.792930997908115387e-02
1.767738722264766693e-02
1.772877387702465057e-02
1.772063411772251129e-02
1.830328628420829773e-02
1.780194602906703949e-02
1.766767539083957672e-02
1.762149669229984283e-02
1.790544949471950531e-02
1.772583276033401489e-02
1.774502731859683990e-02
1.782019808888435364e-02
1.768611371517181396e-02
1.775493472814559937e-02
1.789634488523006439e-02
1.765805482864379883e-02
1.773949339985847473e-02
1.780849136412143707e-02
1.824844256043434143e-02
1.795536838471889496e-02
1.794914901256561279e-02
1.774562709033489227e-02
1.843753457069396973e-02
1.815907843410968781e-02
1.768758147954940796e-02
1.760440692305564880e-02
1.796417869627475739e-02
1.770880073308944702e-02
1.767515018582344055e-02
1.779219880700111389e-02
1.788279972970485687e-02
1.769154705107212067e-02
1.771496981382369995e-02
1.771250367164611816e-02
1.757537573575973511e-02
1.766929216682910919e-02
1.771889254450798035e-02
1.748593151569366455e-02
1.755031570792198181e-02
1.782837510108947754e-02
1.807485334575176239e-02
1.790276169776916504e-02
1.764590479433536530e-02
1.753005944192409515e-02
1.778974942862987518e-02
1.779181510210037231e-02
1.839226484298706055e-02
1.780676469206809998e-02
1.756577566266059875e-02
1.783425733447074890e-02
1.778607815504074097e-02
1.753317750990390778e-02
1.744476333260536194e-02
1.809830218553543091e-02
1.787408068776130676e-02
1.765829324722290039e-02
1.771084405481815338e-02
1.865291036665439606e-02
1.780019514262676239e-02
1.747513562440872192e-02
1.768945716321468353e-02
1.782331615686416626e-02
1.791333593428134918e-02
1.788794249296188354e-02
1.801938936114311218e-02
1.756756007671356201e-02
1.745658367872238159e-02
1.822533085942268372e-02
1.776615343987941742e-02
1.754917204380035400e-02
1.755047775804996490e-02
1.780334860086441040e-02
1.764994859695434570e-02
1.754067838191986084e-02
1.760833524167537689e-02
1.765047386288642883e-02
1.754254475235939026e-02
1.745821163058280945e-02
1.740842312574386597e-02
1.792466826736927032e-02
1.771634258329868317e-02
1.784613355994224548e-02
1.774043031036853790e-02
1.788614317774772644e-02
1.751860603690147400e-02
1.739451289176940918e-02
1.834433712065219879e-02
1.827085390686988831e-02
1.754339784383773804e-02
1.742175593972206116e-02
1.744647324085235596e-02
1.776770502328872681e-02
1.750115118920803070e-02
1.748531125485897064e-02
1.757405698299407959e-02
1.735450513660907745e-02
1.740956865251064301e-02
1.773658022284507751e-02
1.735476776957511902e-02
1.789803989231586456e-02
1.755723729729652405e-02
1.734266243875026703e-02
1.800707168877124786e-02
1.814696006476879120e-02
1.747321337461471558e-02
1.762084662914276123e-02
1.741755753755569458e-02
1.726464554667472839e-02
1.741408742964267731e-02
1.755592040717601776e-02
1.761149987578392029e-02
1.742404140532016754e-02
1.759484596550464630e-02
1.732499338686466217e-02
1.748183742165565491e-02
1.858291402459144592e-02
1.736862398684024811e-02
1.771893352270126343e-02
1.751504465937614441e-02
1.762506365776062012e-02
1.755392551422119141e-02
1.732424460351467133e-02
1.733195781707763672e-02
1.735607720911502838e-02
1.730412058532238007e-02
1.762843690812587738e-02
1.742620207369327545e-02
1.835421472787857056e-02
1.732468046247959137e-02
1.730352081358432770e-02
1.787559129297733307e-02
1.778413914144039154e-02
1.785361394286155701e-02
1.780775375664234161e-02
1.757788471877574921e-02
1.752178184688091278e-02
1.738307252526283264e-02
1.774352416396141052e-02
1.729130372405052185e-02
1.725978404283523560e-02
1.757861301302909851e-02
1.732278615236282349e-02
1.739602163434028625e-02
1.736000925302505493e-02
1.735182292759418488e-02
1.776320673525333405e-02
1.766461320221424103e-02
1.724360883235931396e-02
1.738573051989078522e-02
1.727685891091823578e-02
1.737066917121410370e-02
1.777180284261703491e-02
1.751092448830604553e-02
1.740440167486667633e-02
1.739848591387271881e-02
1.728150993585586548e-02
1.765406876802444458e-02
1.708489842712879181e-02
1.729384437203407288e-02
1.718938909471035004e-02
1.717822067439556122e-02
1.722032763063907623e-02
1.756731048226356506e-02
1.806196570396423340e-02
1.739016361534595490e-02
1.732115074992179871e-02
1.751405373215675354e-02
1.714682765305042267e-02
1.730276085436344147e-02
1.736842095851898193e-02
1.742494292557239532e-02
1.761537231504917145e-02
1.747286692261695862e-02
1.756393909454345703e-02
1.759103871881961823e-02
1.796310767531394958e-02
1.731829904019832611e-02
1.740151271224021912e-02
1.722492091357707977e-02
1.776227355003356934e-02
1.712276227772235870e-02
1.740626990795135498e-02
1.721551083028316498e-02
1.730204187333583832e-02
1.721890270709991455e-02
1.749949343502521515e-02
1.716666296124458313e-02
1.730746962130069733e-02
1.737012900412082672e-02
1.757645234465599060e-02
1.717842184007167816e-02
1.719443127512931824e-02
1.739745587110519409e-02
1.740397140383720398e-02
1.888397336006164551e-02
1.723193563520908356e-02
1.737609691917896271e-02
1.754794828593730927e-02
1.736545376479625702e-02
1.709869876503944397e-02
1.751656271517276764e-02
1.734527945518493652e-02
1.713237725198268890e-02
1.789403520524501801e-02
1.760820858180522919e-02
1.732892729341983795e-02
1.715975999832153320e-02
1.710741408169269562e-02
1.715505309402942657e-02
1.744901202619075775e-02
1.733999513089656830e-02
1.730715669691562653e-02
1.728117093443870544e-02
1.726107485592365265e-02
1.789532601833343506e-02
1.733575202524662018e-02
1.714539155364036560e-02
1.726820133626461029e-02
1.703169755637645721e-02
1.752539165318012238e-02
1.726426370441913605e-02
1.708737201988697052e-02
1.716181077063083649e-02
1.732483319938182831e-02
1.754552498459815979e-02
1.740860193967819214e-02
1.782242394983768463e-02
1.741863414645195007e-02
1.709237135946750641e-02
1.752251945436000824e-02
1.702225767076015472e-02
1.744195818901062012e-02
1.700640656054019928e-02
1.730471476912498474e-02
1.792106404900550842e-02
1.769077591598033905e-02
1.703542657196521759e-02
1.724474504590034485e-02
1.707907579839229584e-02
1.727631129324436188e-02
1.721301861107349396e-02
1.725636422634124756e-02
1.714578643441200256e-02
1.786565594375133514e-02
1.713924482464790344e-02
1.724564656615257263e-02
1.713083870708942413e-02
1.725422032177448273e-02
1.716438494622707367e-02
1.708907634019851685e-02
1.729929447174072266e-02
1.715792901813983917e-02
1.707384362816810608e-02
1.710250414907932281e-02
1.695760712027549744e-02
1.707637682557106018e-02
1.695698872208595276e-02
1.726771518588066101e-02
1.729663647711277008e-02
1.754975505173206329e-02
1.755824126303195953e-02
1.695112325251102448e-02
1.711066439747810364e-02
1.742809638381004333e-02
1.708531938493251801e-02
1.706644147634506226e-02
1.732157170772552490e-02
1.711358502507209778e-02
1.721785403788089752e-02
1.715094037353992462e-02
1.715694926679134369e-02
1.712563075125217438e-02
1.695290394127368927e-02
1.759885810315608978e-02
1.734661310911178589e-02
1.740188896656036377e-02
1.715625636279582977e-02
1.723476313054561615e-02
1.699089072644710541e-02
1.722568459808826447e-02
1.722901128232479095e-02
1.716870628297328949e-02
1.763134822249412537e-02
1.717100478708744049e-02
1.698673143982887268e-02
1.698775589466094971e-02
1.699297316372394562e-02
1.724827848374843597e-02
1.716393977403640747e-02
1.744560524821281433e-02
1.754631847143173218e-02
1.711015030741691589e-02
1.721831969916820526e-02
1.745869219303131104e-02
1.684482581913471222e-02
1.710901781916618347e-02
1.701706647872924805e-02
1.694427616894245148e-02
1.696233265101909637e-02
1.699930615723133087e-02
1.689551398158073425e-02
1.712168380618095398e-02
1.741150394082069397e-02
1.712378300726413727e-02
1.683771237730979919e-02
1.727489382028579712e-02
1.710494048893451691e-02
1.685055531561374664e-02
1.690911874175071716e-02
1.717232353985309601e-02
1.726644113659858704e-02
1.705683767795562744e-02
1.694881170988082886e-02
1.710724271833896637e-02
1.730021834373474121e-02
1.704765670001506805e-02
1.744293235242366791e-02
1.704526320099830627e-02
1.808043755590915680e-02
1.777927204966545105e-02
1.724162697792053223e-02
1.702715270221233368e-02
1.708062738180160522e-02
1.712935604155063629e-02
1.692505739629268646e-02
1.727683097124099731e-02
1.718896254897117615e-02
1.733036153018474579e-02
1.720434613525867462e-02
1.682724244892597198e-02
1.683691143989562988e-02
1.711274310946464539e-02
1.695458590984344482e-02
1.710220612585544586e-02
1.711240038275718689e-02
1.684154570102691650e-02
1.682043634355068207e-02
1.741477474570274353e-02
1.789045706391334534e-02
1.755333133041858673e-02
1.745037920773029327e-02
1.716452650725841522e-02
1.736432127654552460e-02
1.711430214345455170e-02
1.685217022895812988e-02
1.683212071657180786e-02
1.695403084158897400e-02
1.676489599049091339e-02
1.706073805689811707e-02
1.694889739155769348e-02
1.725415512919425964e-02
1.721658743917942047e-02
1.680972799658775330e-02
1.683598570525646210e-02
1.725345849990844727e-02
1.687694154679775238e-02
1.684182323515415192e-02
1.707774959504604340e-02
1.684499345719814301e-02
1.733739301562309265e-02
1.695134490728378296e-02
1.713969372212886810e-02
1.690050959587097168e-02
1.718885265290737152e-02
1.698968559503555298e-02
1.689242757856845856e-02
1.695461571216583252e-02
1.718424074351787567e-02
1.719750277698040009e-02
1.687315106391906738e-02
1.709209196269512177e-02
1.692667417228221893e-02
1.704152859747409821e-02
1.760252006351947784e-02
1.736428029835224152e-02
1.679509505629539490e-02
1.723431237041950226e-02
1.700814254581928253e-02
1.717318035662174225e-02
1.706186868250370026e-02
1.710086688399314880e-02
1.694700680673122406e-02
1.695445738732814789e-02
1.714889891445636749e-02
1.699438318610191345e-02
1.678513921797275543e-02
1.704483665525913239e-02
1.736697368323802948e-02
1.718778535723686218e-02
1.701378263533115387e-02
1.683148369193077087e-02
1.719045452773571014e-02
1.730455830693244934e-02
1.701125875115394592e-02
1.724015362560749054e-02
1.676119863986968994e-02
1.684452779591083527e-02
1.688856817781925201e-02
1.765256375074386597e-02
1.788572967052459717e-02
1.697492599487304688e-02
1.725315116345882416e-02
1.706496439874172211e-02
1.699453592300415039e-02
1.667282730340957642e-02
1.688048243522644043e-02
1.698441803455352783e-02
1.683712564408779144e-02
1.687836088240146637e-02
1.673699170351028442e-02
1.679464615881443024e-02
1.703369803726673126e-02
1.693971455097198486e-02
1.675689592957496643e-02
1.664515398442745209e-02
1.678693853318691254e-02
1.738566160202026367e-02
1.677582226693630219e-02
1.667937077581882477e-02
1.709101535379886627e-02
1.767908968031406403e-02
1.692846976220607758e-02
1.707403920590877533e-02
1.688371971249580383e-02
1.700273714959621429e-02
1.702888496220111847e-02
1.680971123278141022e-02
1.683206483721733093e-02
1.681805774569511414e-02
1.688709110021591187e-02
1.681092008948326111e-02
1.668877340853214264e-02
1.667355373501777649e-02
1.692015863955020905e-02
1.684507355093955994e-02
1.692114211618900299e-02
1.679525151848793030e-02
1.701487973332405090e-02
1.705016754567623138e-02
1.700285077095031738e-02
1.676846481859683990e-02
1.678061112761497498e-02
1.701609417796134949e-02
1.774630509316921234e-02
1.679997332394123077e-02
1.696692593395709991e-02
1.675823330879211426e-02
1.680946163833141327e-02
1.662183925509452820e-02
1.669609546661376953e-02
1.714091747999191284e-02
1.684151031076908112e-02
1.664376817643642426e-02
1.669741980731487274e-02
1.743853464722633362e-02
1.703114621341228485e-02
1.678820699453353882e-02
1.665675081312656403e-02
1.663051545619964600e-02
1.666855812072753906e-02
1.671911403536796570e-02
1.694573462009429932e-02
1.672128215432167053e-02
1.693307049572467804e-02
1.667993515729904175e-02
1.685266382992267609e-02
1.691006682813167572e-02
1.684566959738731384e-02
1.685162074863910675e-02
1.676183380186557770e-02
1.671023108065128326e-02
1.686474680900573730e-02
1.680593378841876984e-02
1.662844605743885040e-02
1.683446019887924194e-02
1.698926091194152832e-02
1.703876815736293793e-02
1.663751527667045593e-02
1.692203432321548462e-02
1.677804626524448395e-02
1.686558127403259277e-02
1.684133708477020264e-02
1.694874279201030731e-02
1.674485951662063599e-02
1.697130128741264343e-02
1.721069589257240295e-02
1.673026569187641144e-02
1.679281331598758698e-02
1.706772111356258392e-02
1.693914458155632019e-02
1.671273261308670044e-02
1.698698848485946655e-02
1.705893687903881073e-02
1.691994816064834595e-02
1.727404445409774780e-02
1.684201881289482117e-02
1.654683053493499756e-02
1.732930727303028107e-02
1.674028486013412476e-02
1.677735149860382080e-02
1.722626015543937683e-02
1.695151254534721375e-02
1.690354384481906891e-02
1.688047312200069427e-02
1.695812866091728210e-02
1.695243455469608307e-02
1.679650321602821350e-02
1.686037890613079071e-02
1.673030294477939606e-02
1.683325134217739105e-02
1.703715138137340546e-02
1.674969866871833801e-02
1.689078845083713531e-02
1.659274101257324219e-02
1.671170815825462341e-02
1.668295264244079590e-02
1.680792681872844696e-02
1.670735143125057220e-02
1.680643670260906219e-02
1.657583191990852356e-02
1.694697141647338867e-02
1.705108210444450378e-02
1.662931963801383972e-02
1.669535227119922638e-02
1.688092574477195740e-02
1.701883040368556976e-02
1.657191663980484009e-02
1.664014719426631927e-02
1.659869030117988586e-02
1.670449599623680115e-02
1.722548529505729675e-02
1.674769259989261627e-02
1.652041822671890259e-02
1.668882742524147034e-02
1.664120890200138092e-02
1.665194705128669739e-02
1.661450415849685669e-02
1.683496870100498199e-02
1.682064495980739594e-02
1.681395806372165680e-02
1.787060499191284180e-02
1.668757200241088867e-02
1.657141558825969696e-02
1.679215393960475922e-02
1.672352477908134460e-02
1.652929745614528656e-02
1.661880500614643097e-02
1.668533310294151306e-02
1.686462201178073883e-02
1.655785925686359406e-02
1.672989130020141602e-02
1.652544364333152771e-02
1.692022942006587982e-02
1.717266067862510681e-02
1.667443290352821350e-02
1.682468317449092865e-02
1.679575443267822266e-02
1.713256165385246277e-02
1.689367927610874176e-02
1.698273420333862305e-02
1.693165116012096405e-02
1.665972918272018433e-02
1.672801934182643890e-02
1.680818386375904083e-02
1.644845306873321533e-02
1.647643744945526123e-02
1.663969457149505615e-02
1.689806394279003143e-02
1.673087291419506073e-02
1.691018417477607727e-02
1.693548448383808136e-02
1.657878980040550232e-02
1.670335419476032257e-02
1.658629812300205231e-02
1.682270318269729614e-02
1.714387722313404083e-02
1.675014197826385498e-02
1.684382930397987366e-02
1.730573177337646484e-02
1.655005477368831635e-02
1.663693971931934357e-02
1.680847443640232086e-02
1.656556501984596252e-02
1.656333729624748230e-02
1.656100712716579437e-02
1.665037870407104492e-02
1.779672503471374512e-02
1.677519083023071289e-02
1.716371439397335052e-02
1.656483672559261322e-02
1.653741858899593353e-02
1.648748666048049927e-02
1.683725602924823761e-02
1.640855707228183746e-02
1.672496460378170013e-02
1.667272299528121948e-02
1.676830835640430450e-02
1.703829132020473480e-02
1.661931723356246948e-02
1.698185876011848450e-02
1.664891652762889862e-02
1.672592759132385254e-02
1.648820377886295319e-02
1.650595478713512421e-02
1.655315048992633820e-02
1.645617000758647919e-02
1.648357883095741272e-02
1.655893772840499878e-02
1.707322150468826294e-02
1.659485325217247009e-02
1.648353971540927887e-02
1.651949062943458557e-02
1.662923395633697510e-02
1.666558720171451569e-02
1.646944880485534668e-02
1.667715422809123993e-02
1.655158586800098419e-02
1.649394445121288300e-02
1.651419326663017273e-02
1.653323136270046234e-02
1.645614393055438995e-02
1.639998517930507660e-02
1.646145060658454895e-02
1.669486984610557556e-02
1.658078841865062714e-02
1.711075007915496826e-02
1.679722964763641357e-02
1.667222194373607635e-02
1.667635887861251831e-02
1.644407212734222412e-02
1.656612567603588104e-02
1.639270968735218048e-02
1.636472158133983612e-02
1.664694584906101227e-02
1.639427803456783295e-02
1.663315296173095703e-02
1.651976630091667175e-02
1.676445081830024719e-02
1.668261550366878510e-02
1.673296466469764709e-02
1.649014651775360107e-02
1.646356284618377686e-02
1.653311774134635925e-02
1.653341203927993774e-02
1.650763303041458130e-02
1.675352826714515686e-02
1.642184518277645111e-02
1.675795204937458038e-02
1.686952076852321625e-02
1.670907065272331238e-02
1.635828241705894470e-02
1.688912697136402130e-02
1.687396503984928131e-02
1.651371270418167114e-02
1.666200160980224609e-02
1.638168655335903168e-02
1.636493578553199768e-02
1.661455631256103516e-02
1.635704562067985535e-02
1.667538098990917206e-02
1.638242043554782867e-02
1.708399690687656403e-02
1.646845974028110504e-02
1.646585948765277863e-02
1.702549681067466736e-02
1.684217900037765503e-02
1.660803519189357758e-02
1.641076430678367615e-02
1.649342477321624756e-02
1.651772297918796539e-02
1.641855947673320770e-02
1.680257171392440796e-02
1.629147492349147797e-02
1.651917770504951477e-02
1.645068824291229248e-02
1.654246449470520020e-02
1.677204668521881104e-02
1.662691310048103333e-02
1.666650362312793732e-02
1.665201596915721893e-02
1.694399863481521606e-02
1.671972125768661499e-02
1.699112169444561005e-02
1.668647304177284241e-02
1.648553460836410522e-02
1.637794263660907745e-02
1.677037589251995087e-02
1.688231527805328369e-02
1.643155142664909363e-02
1.652095653116703033e-02
1.632135361433029175e-02
1.718488335609436035e-02
1.658280007541179657e-02
1.638230308890342712e-02
1.636984944343566895e-02
1.635116524994373322e-02
1.677264273166656494e-02
1.646682061254978180e-02
1.676619984209537506e-02
1.702448539435863495e-02
1.669661886990070343e-02
1.643707230687141418e-02
1.632412150502204895e-02
1.643838360905647278e-02
1.755742356181144714e-02
1.661346107721328735e-02
1.666959747672080994e-02
1.645976863801479340e-02
1.647519692778587341e-02
1.651911810040473938e-02
1.670259609818458557e-02
1.640022732317447662e-02
1.653177291154861450e-02
1.698159612715244293e-02
1.644437387585639954e-02
1.692928001284599304e-02
1.672731712460517883e-02
1.628015562891960144e-02
1.645126193761825562e-02
1.671727001667022705e-02
1.645060814917087555e-02
1.655218563973903656e-02
1.665025949478149414e-02
1.686917431652545929e-02
1.681034266948699951e-02
1.633769646286964417e-02
1.640016958117485046e-02
1.648011989891529083e-02
1.647396013140678406e-02
1.643673516809940338e-02
1.629935577511787415e-02
1.647896133363246918e-02
1.688260957598686218e-02
1.665992476046085358e-02
1.651427522301673889e-02
1.638214476406574249e-02
1.642001233994960785e-02
1.643326692283153534e-02
1.636454649269580841e-02
1.648647710680961609e-02
1.641634479165077209e-02
1.669066585600376129e-02
1.651482470333576202e-02
1.772418990731239319e-02
1.720467954874038696e-02
1.692575402557849884e-02
1.649190112948417664e-02
1.651524938642978668e-02
1.627328060567378998e-02
1.648713462054729462e-02
1.709318719804286957e-02
1.655469648540019989e-02
1.644649356603622437e-02
1.673068664968013763e-02
1.629786007106304169e-02
1.618158258497714996e-02
1.629680767655372620e-02
1.638558320701122284e-02
1.653960533440113068e-02
1.657094433903694153e-02
1.650979369878768921e-02
1.696437038481235504e-02
1.659925095736980438e-02
1.648835837841033936e-02
1.641441509127616882e-02
1.662040874361991882e-02
1.686306297779083252e-02
1.639390550553798676e-02
1.659502647817134857e-02
1.642115786671638489e-02
1.625965163111686707e-02
1.619573682546615601e-02
1.647756993770599365e-02
1.669419184327125549e-02
1.658402383327484131e-02
1.665223576128482819e-02
1.627642102539539337e-02
1.654369011521339417e-02
1.656545884907245636e-02
1.703567057847976685e-02
1.659043692052364349e-02
1.651736162602901459e-02
1.637898385524749756e-02
1.632820628583431244e-02
1.658902876079082489e-02
1.656232401728630066e-02
1.646434515714645386e-02
1.686412654817104340e-02
1.681820675730705261e-02
1.638711616396903992e-02
1.649902574717998505e-02
1.645002141594886780e-02
1.665993593633174896e-02
1.636338606476783752e-02
1.661901734769344330e-02
1.643529348075389862e-02
1.635211892426013947e-02
1.660709269344806671e-02
1.658821292221546173e-02
1.644629240036010742e-02
1.655441150069236755e-02
1.648983359336853027e-02
1.641011610627174377e-02
1.628036051988601685e-02
1.628538221120834351e-02
1.620751060545444489e-02
1.644730940461158752e-02
1.655239611864089966e-02
1.644997298717498779e-02
1.665407232940196991e-02
1.691786199808120728e-02
1.616523228585720062e-02
1.631457172334194183e-02
1.616755686700344086e-02
1.656140759587287903e-02
1.642865315079689026e-02
1.647089608013629913e-02
1.648638211190700531e-02
1.655383966863155365e-02
1.652025431394577026e-02
1.661051623523235321e-02
1.658687554299831390e-02
1.621840894222259521e-02
1.664376258850097656e-02
1.665601506829261780e-02
1.637803576886653900e-02
1.628714799880981445e-02
1.642059348523616791e-02
1.617608219385147095e-02
1.634179987013339996e-02
1.640165969729423523e-02
1.667592115700244904e-02
1.680918037891387939e-02
1.661688275635242462e-02
1.643147505819797516e-02
1.626590639352798462e-02
1.684001274406909943e-02
1.669954508543014526e-02
1.688884757459163666e-02
1.641341671347618103e-02
1.643525622785091400e-02
1.661650091409683228e-02
1.616428233683109283e-02
1.642397791147232056e-02
1.630171760916709900e-02
1.660063117742538452e-02
1.631651073694229126e-02
1.638028956949710846e-02
1.621731743216514587e-02
1.669668778777122498e-02
1.662793196737766266e-02
1.629807427525520325e-02
1.624849811196327209e-02
1.659439876675605774e-02
1.643682643771171570e-02
1.652256771922111511e-02
1.653128303587436676e-02
1.622249558568000793e-02
1.630416698753833771e-02
1.655689813196659088e-02
1.632561907172203064e-02
1.645430177450180054e-02
1.626203581690788269e-02
1.661682873964309692e-02
1.656095124781131744e-02
1.628783717751502991e-02
1.637298613786697388e-02
1.622959412634372711e-02
1.625591889023780823e-02
1.625879295170307159e-02
1.645466126501560211e-02
1.631253026425838470e-02
1.653398387134075165e-02
1.654961891472339630e-02
1.661456562578678131e-02
1.660975627601146698e-02
1.629945077002048492e-02
1.633349433541297913e-02
1.629071496427059174e-02
1.619570329785346985e-02
1.623731292784214020e-02
1.632930710911750793e-02
1.624750159680843353e-02
1.651961170136928558e-02
1.644443348050117493e-02
1.619928702712059021e-02
1.633743941783905029e-02
1.617351360619068146e-02
1.680527813732624054e-02
1.629804074764251709e-02
1.636802405118942261e-02
1.663221977651119232e-02
1.638178713619709015e-02
1.651066169142723083e-02
1.644092984497547150e-02
1.616945117712020874e-02
1.632699742913246155e-02
1.617157272994518280e-02
1.620865426957607269e-02
1.625841483473777771e-02
1.631383784115314484e-02
1.629084534943103790e-02
1.656420156359672546e-02
1.632828451693058014e-02
1.657512038946151733e-02
1.634592376649379730e-02
1.651880890130996704e-02
1.635459251701831818e-02
1.646198704838752747e-02
1.647897996008396149e-02
1.643234305083751678e-02
1.641138270497322083e-02
1.631657592952251434e-02
1.638077944517135620e-02
1.698415353894233704e-02
1.635142788290977478e-02
1.609233394265174866e-02
1.661858521401882172e-02
1.657908037304878235e-02
1.652946509420871735e-02
1.667142473161220551e-02
1.649788022041320801e-02
1.626630127429962158e-02
1.636052317917346954e-02
1.643197052180767059e-02
1.618051528930664062e-02
1.659594103693962097e-02
1.616706512868404388e-02
1.643910445272922516e-02
1.635636761784553528e-02
1.650437712669372559e-02
1.623131334781646729e-02
1.614833064377307892e-02
1.632331870496273041e-02
1.641560532152652740e-02
1.615847088396549225e-02
1.632047630846500397e-02
1.624915003776550293e-02
1.619733124971389771e-02
1.628530956804752350e-02
1.633807457983493805e-02
1.643703691661357880e-02
1.619179919362068176e-02
1.661069691181182861e-02
1.656103506684303284e-02
1.640894077718257904e-02
1.631992496550083160e-02
1.615207456052303314e-02
1.634185202419757843e-02
1.628716662526130676e-02
1.627762988209724426e-02
1.605551876127719879e-02
1.621272601187229156e-02
1.650438830256462097e-02
1.627020910382270813e-02
1.611811481416225433e-02
1.657563820481300354e-02
1.615350320935249329e-02
1.633138768374919891e-02
1.663632690906524658e-02
1.634265482425689697e-02
1.614514179527759552e-02
1.619638130068778992e-02
1.705056242644786835e-02
1.602726988494396210e-02
1.606083475053310394e-02
1.634182594716548920e-02
1.616711542010307312e-02
1.638935692608356476e-02
1.655264943838119507e-02
1.612582243978977203e-02
1.608870737254619598e-02
1.612705551087856293e-02
1.624954864382743835e-02
1.613833941519260406e-02
1.639310270547866821e-02
1.686123199760913849e-02
1.640891842544078827e-02
1.649705320596694946e-02
1.669383421540260315e-02
1.615355536341667175e-02
1.645088568329811096e-02
1.631767675280570984e-02
1.625262573361396790e-02
1.608160138130187988e-02
1.672645844519138336e-02
1.630095764994621277e-02
1.651320420205593109e-02
1.629863865673542023e-02
1.627165824174880981e-02
1.661728508770465851e-02
1.670828647911548615e-02
1.620162464678287506e-02
1.630710810422897339e-02
1.673585735261440277e-02
1.655467227101325989e-02
1.613278314471244812e-02
1.602273061871528625e-02
1.639072597026824951e-02
1.606293767690658569e-02
1.599686592817306519e-02
1.628123223781585693e-02
1.613536663353443146e-02
1.645932346582412720e-02
1.639412902295589447e-02
1.601384393870830536e-02
1.628877781331539154e-02
1.616082526743412018e-02
1.659606210887432098e-02
1.600556820631027222e-02
1.633446663618087769e-02
1.607175916433334351e-02
1.625034771859645844e-02
1.635673083364963531e-02
1.640948466956615448e-02
1.628569141030311584e-02
1.631876453757286072e-02
1.600409299135208130e-02
1.651558279991149902e-02
1.623032428324222565e-02
1.639086939394474030e-02
1.613772846758365631e-02
1.627774722874164581e-02
1.669418439269065857e-02
1.626856066286563873e-02
1.640802063047885895e-02
1.634471863508224487e-02
1.629770547151565552e-02
1.610512845218181610e-02
1.619765721261501312e-02
1.623056828975677490e-02
1.619459688663482666e-02
1.645332016050815582e-02
1.614462584257125854e-02
1.619253866374492645e-02
1.624852791428565979e-02
1.600611209869384766e-02
1.643910817801952362e-02
1.616911962628364563e-02
1.683032326400279999e-02
1.620866172015666962e-02
1.619746349751949310e-02
1.616346649825572968e-02
1.634532585740089417e-02
1.615201123058795929e-02
1.639642938971519470e-02
1.621101424098014832e-02
1.655162684619426727e-02
1.610249653458595276e-02
1.609663851559162140e-02
1.618128828704357147e-02
1.592772081494331360e-02
1.615967601537704468e-02
1.627164706587791443e-02
1.639335416257381439e-02
1.604333706200122833e-02
1.657416485249996185e-02
1.628842018544673920e-02
1.663438603281974792e-02
1.652755029499530792e-02
1.613152958452701569e-02
1.601862162351608276e-02
1.673291064798831940e-02
1.728561706840991974e-02
1.622603833675384521e-02
1.622819900512695312e-02
1.632996834814548492e-02
1.608028449118137360e-02
1.611768826842308044e-02
1.619242504239082336e-02
1.646153070032596588e-02
1.601306907832622528e-02
1.621024310588836670e-02
1.626227051019668579e-02
1.607999578118324280e-02
1.610935106873512268e-02
1.594426669180393219e-02
1.618473604321479797e-02
1.603976450860500336e-02
1.598723977804183960e-02
1.641026139259338379e-02
1.627081632614135742e-02
1.617393456399440765e-02
1.657114923000335693e-02
1.655609160661697388e-02
1.604815758764743805e-02
1.639172993600368500e-02
1.608535647392272949e-02
1.628870703279972076e-02
1.633958145976066589e-02
1.637547835707664490e-02
1.597972959280014038e-02
1.614751666784286499e-02
1.671588420867919922e-02
1.615112833678722382e-02
1.610516384243965149e-02
1.633274368941783905e-02
1.631006971001625061e-02
1.615126989781856537e-02
1.607020199298858643e-02
1.636425219476222992e-02
1.619099639356136322e-02
1.614563353359699249e-02
1.619486510753631592e-02
1.625702343881130219e-02
1.605788245797157288e-02
1.608679629862308502e-02
1.608893088996410370e-02
1.635413989424705505e-02
1.639280468225479126e-02
1.609834097325801849e-02
1.597826182842254639e-02
1.595642603933811188e-02
1.691906526684761047e-02
1.631549559533596039e-02
1.617958769202232361e-02
1.633531041443347931e-02
1.622901298105716705e-02
1.642606221139431000e-02
1.645202748477458954e-02
1.617748104035854340e-02
1.601180434226989746e-02
1.609659753739833832e-02
1.602894440293312073e-02
1.601136103272438049e-02
1.613716967403888702e-02
1.602845825254917145e-02
1.642012223601341248e-02
1.651963219046592712e-02
1.637489907443523407e-02
1.597447879612445831e-02
1.607923954725265503e-02
1.599209941923618317e-02
1.600012928247451782e-02
1.593685522675514221e-02
1.632575131952762604e-02
1.596644893288612366e-02
1.615391671657562256e-02
1.614690013229846954e-02
1.583713106811046600e-02
1.595831289887428284e-02
1.604067534208297729e-02
1.630968414247035980e-02
1.590652950108051300e-02
1.631605811417102814e-02
1.618567854166030884e-02
1.606032252311706543e-02
1.624759472906589508e-02
1.645534485578536987e-02
1.597018167376518250e-02
1.607788726687431335e-02
1.590106450021266937e-02
1.625478081405162811e-02
1.610678434371948242e-02
1.637161336839199066e-02
1.608199439942836761e-02
1.609132438898086548e-02
1.608599908649921417e-02
1.635579578578472137e-02
1.617600396275520325e-02
1.654970273375511169e-02
1.611898839473724365e-02
1.624521799385547638e-02
1.612658053636550903e-02
1.595713570713996887e-02
1.627103425562381744e-02
1.614361815154552460e-02
1.594483479857444763e-02
1.621178910136222839e-02
1.622512005269527435e-02
1.606326550245285034e-02
1.598473079502582550e-02
1.653866097331047058e-02
1.639728061854839325e-02
1.589503325521945953e-02
1.593521609902381897e-02
1.644800789654254913e-02
1.622793450951576233e-02
1.588248647749423981e-02
1.583787612617015839e-02
1.611765101552009583e-02
1.586566492915153503e-02
1.621407270431518555e-02
1.593977771699428558e-02
1.622016169130802155e-02
1.629060879349708557e-02
1.670287735760211945e-02
1.603985950350761414e-02
1.613178476691246033e-02
1.612892188131809235e-02
1.587361656129360199e-02
1.604895479977130890e-02
1.591594144701957703e-02
1.624421961605548859e-02
1.659546047449111938e-02
1.601563207805156708e-02
1.587502844631671906e-02
1.593021489679813385e-02
1.582339964807033539e-02
1.604436337947845459e-02
1.650181971490383148e-02
1.613928191363811493e-02
1.584200747311115265e-02
1.616043224930763245e-02
1.593047752976417542e-02
1.593566685914993286e-02
1.603408902883529663e-02
1.584370620548725128e-02
1.610156521201133728e-02
1.609589904546737671e-02
1.616513542830944061e-02
1.611055992543697357e-02
1.578393951058387756e-02
1.588946022093296051e-02
1.597058400511741638e-02
1.605685800313949585e-02
1.611634343862533569e-02
1.615228317677974701e-02
1.628305763006210327e-02
1.591555029153823853e-02
1.637646183371543884e-02
1.591731980443000793e-02
1.615303568542003632e-02
1.602077484130859375e-02
1.612795330584049225e-02
1.615555211901664734e-02
1.615532673895359039e-02
1.585605926811695099e-02
1.600786484777927399e-02
1.583447307348251343e-02
1.591000705957412720e-02
1.659283787012100220e-02
1.586760021746158600e-02
1.593329012393951416e-02
1.601115241646766663e-02
1.600854285061359406e-02
1.636864617466926575e-02
1.609520427882671356e-02
1.608024537563323975e-02
1.591164432466030121e-02
1.583563536405563354e-02
1.627904176712036133e-02
1.580893248319625854e-02
1.628994569182395935e-02
1.605023071169853210e-02
1.643732190132141113e-02
1.587027683854103088e-02
1.590641215443611145e-02
1.602182723581790924e-02
1.602319441735744476e-02
1.625988818705081940e-02
1.587531343102455139e-02
1.605966500937938690e-02
1.589041389524936676e-02
1.589020155370235443e-02
1.604247093200683594e-02
1.635306328535079956e-02
1.590351760387420654e-02
1.605252735316753387e-02
1.601489260792732239e-02
1.626882143318653107e-02
1.603830792009830475e-02
1.587259769439697266e-02
1.587230153381824493e-02
1.598899252712726593e-02
1.595233008265495300e-02
1.597088016569614410e-02
1.599098369479179382e-02
1.598043367266654968e-02
1.615420542657375336e-02
1.648105680942535400e-02
1.603320427238941193e-02
1.628132909536361694e-02
1.588443480432033539e-02
1.585413888096809387e-02
1.583632081747055054e-02
1.636788621544837952e-02
1.617260277271270752e-02
1.580945774912834167e-02
1.597425155341625214e-02
1.616277359426021576e-02
1.595147512853145599e-02
1.586896926164627075e-02
1.598684117197990417e-02
1.593158394098281860e-02
1.584378071129322052e-02
1.594448275864124298e-02
1.630029641091823578e-02
1.595919393002986908e-02
1.601618900895118713e-02
1.576620899140834808e-02
1.576285809278488159e-02
1.576614193618297577e-02
1.599881984293460846e-02
1.600920408964157104e-02
1.601601392030715942e-02
1.604530587792396545e-02
1.612488925457000732e-02
1.595733314752578735e-02
1.574238203465938568e-02
1.587365195155143738e-02
1.596236042678356171e-02
1.587011665105819702e-02
1.596507243812084198e-02
1.596817374229431152e-02
1.609081588685512543e-02
1.601612940430641174e-02
1.615838892757892609e-02
1.591383665800094604e-02
1.586099155247211456e-02
1.573010534048080444e-02
1.587224751710891724e-02
1.606958359479904175e-02
1.578647643327713013e-02
1.574062742292881012e-02
1.633130759000778198e-02
1.597171463072299957e-02
1.586869172751903534e-02
1.613192819058895111e-02
1.568413525819778442e-02
1.584790460765361786e-02
1.564946770668029785e-02
1.600951142609119415e-02
1.583349704742431641e-02
1.586480997502803802e-02
1.608395017683506012e-02
1.564069278538227081e-02
1.603382825851440430e-02
1.610732451081275940e-02
1.583988405764102936e-02
1.593849435448646545e-02
1.587158255279064178e-02
1.606960780918598175e-02
1.588990353047847748e-02
1.595655642449855804e-02
1.580866239964962006e-02
1.572734303772449493e-02
1.593077927827835083e-02
1.585634425282478333e-02
1.577035337686538696e-02
1.592949777841567993e-02
1.606862619519233704e-02
1.618817262351512909e-02
1.603337749838829041e-02
1.564330607652664185e-02
1.602068170905113220e-02
1.584566757082939148e-02
1.579402014613151550e-02
1.602765731513500214e-02
1.637808419764041901e-02
1.599944196641445160e-02
1.610281877219676971e-02
1.598947122693061829e-02
1.617629639804363251e-02
1.583492010831832886e-02
1.619969494640827179e-02
1.619827002286911011e-02
1.584250666201114655e-02
1.573023945093154907e-02
1.592017151415348053e-02
1.628595404326915741e-02
1.593819819390773773e-02
1.584702730178833008e-02
1.577808707952499390e-02
1.595409959554672241e-02
1.596226915717124939e-02
1.576413586735725403e-02
1.570471189916133881e-02
1.597596891224384308e-02
1.580812968313694000e-02
1.588939316570758820e-02
1.565352454781532288e-02
1.574494689702987671e-02
1.590329222381114960e-02
1.621894352138042450e-02
1.608338207006454468e-02
1.623054035007953644e-02
1.583772338926792145e-02
1.581876724958419800e-02
1.581691205501556396e-02
1.600219868123531342e-02
1.583912968635559082e-02
1.594113931059837341e-02
1.570545136928558350e-02
1.591773703694343567e-02
1.592940837144851685e-02
1.595270447432994843e-02
1.576121523976325989e-02
1.593905873596668243e-02
1.583085954189300537e-02
1.562234945595264435e-02
1.568569056689739227e-02
1.603166200220584869e-02
1.582195609807968140e-02
1.640045270323753357e-02
1.612850464880466461e-02
1.602240465581417084e-02
1.630228757858276367e-02
1.613479852676391602e-02
1.578494720160961151e-02
1.571960560977458954e-02
1.591480895876884460e-02
1.592417061328887939e-02
1.574821397662162781e-02
1.594317145645618439e-02
1.566879078745841980e-02
1.567510701715946198e-02
1.580095663666725159e-02
1.574672944843769073e-02
1.564040221273899078e-02
1.565800607204437256e-02
1.597616262733936310e-02
1.595817320048809052e-02
1.575953699648380280e-02
1.571702770888805389e-02
1.562786661088466644e-02
1.575003005564212799e-02
1.592790521681308746e-02
1.559836138039827347e-02
1.569062285125255585e-02
1.590717397630214691e-02
1.578861474990844727e-02
1.574119552969932556e-02
1.586489565670490265e-02
1.569042541086673737e-02
1.576112397015094757e-02
1.563724875450134277e-02
1.573422178626060486e-02
1.565656252205371857e-02
1.564922370016574860e-02
1.570047624409198761e-02
1.580912806093692780e-02
1.575211063027381897e-02
1.572724618017673492e-02
1.577584072947502136e-02
1.596267335116863251e-02
1.570192538201808929e-02
1.586233265697956085e-02
1.560117956250905991e-02
1.591383107006549835e-02
1.560922805219888687e-02
1.565624773502349854e-02
1.573932170867919922e-02
1.570396684110164642e-02
1.572641916573047638e-02
1.581086404621601105e-02
1.610716804862022400e-02
1.562812179327011108e-02
1.585305109620094299e-02
1.570115797221660614e-02
1.572155766189098358e-02
1.621124707162380219e-02
1.576842181384563446e-02
1.566459983587265015e-02
1.559563353657722473e-02
1.556925848126411438e-02
1.561247184872627258e-02
1.561925280839204788e-02
1.550351642072200775e-02
1.577811501920223236e-02
1.575252413749694824e-02
1.561817061156034470e-02
1.580433361232280731e-02
1.573618315160274506e-02
1.616942137479782104e-02
1.552656013518571854e-02
1.562204584479331970e-02
1.579931192100048065e-02
1.548526156693696976e-02
1.564007066190242767e-02
1.581614464521408081e-02
1.580611243844032288e-02
1.589070074260234833e-02
1.561804115772247314e-02
1.582744717597961426e-02
1.575658097863197327e-02
1.604342646896839142e-02
1.547092106193304062e-02
1.582910120487213135e-02
1.583072170615196228e-02
1.565333269536495209e-02
1.582122594118118286e-02
1.570824906229972839e-02
1.580035500228404999e-02
1.617668382823467255e-02
1.566460169851779938e-02
1.562212873250246048e-02
1.573015004396438599e-02
1.581793837249279022e-02
1.575361751019954681e-02
1.577725633978843689e-02
1.546819787472486496e-02
1.557926088571548462e-02
1.569620706140995026e-02
1.553368754684925079e-02
1.567627489566802979e-02
1.601707004010677338e-02
1.572289876639842987e-02
1.587764546275138855e-02
1.557461731135845184e-02
1.550041977316141129e-02
1.552630774676799774e-02
1.569727435708045959e-02
1.580197177827358246e-02
1.565547101199626923e-02
1.556384470313787460e-02
1.585922017693519592e-02
1.556731294840574265e-02
1.592529937624931335e-02
1.602053456008434296e-02
1.551654562354087830e-02
1.572544313967227936e-02
1.561087276786565781e-02
1.570506766438484192e-02
1.544019579887390137e-02
1.538962218910455704e-02
1.564462110400199890e-02
1.556644123047590256e-02
1.555427629500627518e-02
1.560349203646183014e-02
1.558142062276601791e-02
1.549616083502769470e-02
1.556000299751758575e-02
1.562733761966228485e-02
1.553166750818490982e-02
1.574238575994968414e-02
1.580836996436119080e-02
1.569833420217037201e-02
1.552351750433444977e-02
1.605254225432872772e-02
1.570412144064903259e-02
1.552818343043327332e-02
1.561519876122474670e-02
1.562321651726961136e-02
1.565864682197570801e-02
1.572613418102264404e-02
1.555847749114036560e-02
1.560791302472352982e-02
1.552736386656761169e-02
1.561865676194429398e-02
1.558796130120754242e-02
1.614774949848651886e-02
1.561971753835678101e-02
1.567007228732109070e-02
1.558418478816747665e-02
1.547857187688350677e-02
1.563013345003128052e-02
1.589376479387283325e-02
1.566229946911334991e-02
1.567004621028900146e-02
1.581752859055995941e-02
1.574922353029251099e-02
1.566343568265438080e-02
1.537998858839273453e-02
1.569484919309616089e-02
1.559654809534549713e-02
1.558711193501949310e-02
1.530254073441028595e-02
1.540725864470005035e-02
1.557470392435789108e-02
1.557890512049198151e-02
1.618948578834533691e-02
1.542402617633342743e-02
1.571829058229923248e-02
1.573000662028789520e-02
1.566563919186592102e-02
1.569979824125766754e-02
1.544772274792194366e-02
1.597928069531917572e-02
1.573947817087173462e-02
1.557102054357528687e-02
1.556069869548082352e-02
1.542996242642402649e-02
1.544882263988256454e-02
1.531299669295549393e-02
1.569418050348758698e-02
1.540004555135965347e-02
1.552678551524877548e-02
1.566381379961967468e-02
1.543687190860509872e-02
1.548177842050790787e-02
1.565084606409072876e-02
1.600218936800956726e-02
1.616992801427841187e-02
1.559947058558464050e-02
1.549814362078905106e-02
1.554818358272314072e-02
1.555258035659790039e-02
1.544225495308637619e-02
1.602380536496639252e-02
1.586639881134033203e-02
1.546029932796955109e-02
1.546273566782474518e-02
1.624841243028640747e-02
1.538294553756713867e-02
1.534085534512996674e-02
1.577561162412166595e-02
1.561925746500492096e-02
1.560914050787687302e-02
1.540724188089370728e-02
1.558933500200510025e-02
1.540853176265954971e-02
1.530881039798259735e-02
1.555978972464799881e-02
1.545907557010650635e-02
1.556788757443428040e-02
1.544495578855276108e-02
1.560450810939073563e-02
1.554593443870544434e-02
1.551806554198265076e-02
1.550941728055477142e-02
1.537181995809078217e-02
1.533912681043148041e-02
1.549713592976331711e-02
1.620867103338241577e-02
1.538492832332849503e-02
1.532267592847347260e-02
1.553466450423002243e-02
1.541426964104175568e-02
1.531778834760189056e-02
1.533472817391157150e-02
1.546812895685434341e-02
1.528686750680208206e-02
1.535576116293668747e-02
1.543507259339094162e-02
1.536987815052270889e-02
1.527131814509630203e-02
1.568716205656528473e-02
1.538282167166471481e-02
1.531319878995418549e-02
1.552175357937812805e-02
1.560531742870807648e-02
1.549933198839426041e-02
1.530291978269815445e-02
1.556435227394104004e-02
1.540612149983644485e-02
1.559970807284116745e-02
1.546209771186113358e-02
1.568926498293876648e-02
1.561109069734811783e-02
1.526527851819992065e-02
1.537046395242214203e-02
1.533829327672719955e-02
1.548334676772356033e-02
1.536738313734531403e-02
1.576845906674861908e-02
1.549432799220085144e-02
1.521701272577047348e-02
1.555007416754961014e-02
1.569128036499023438e-02
1.558092981576919556e-02
1.539153046905994415e-02
1.532364170998334885e-02
1.520752999931573868e-02
1.544958725571632385e-02
1.543352846056222916e-02
1.542966719716787338e-02
1.525170914828777313e-02
1.527670491486787796e-02
1.542556844651699066e-02
1.540443580597639084e-02
1.536961272358894348e-02
1.593695580959320068e-02
1.540936436504125595e-02
1.530533935874700546e-02
1.535592041909694672e-02
1.575619541108608246e-02
1.548266969621181488e-02
1.537548098713159561e-02
1.561197359114885330e-02
1.522765029221773148e-02
1.516673713922500610e-02
1.532578654587268829e-02
1.544802449643611908e-02
1.566977426409721375e-02
1.514979824423789978e-02
1.538461074233055115e-02
1.545371953397989273e-02
1.541908923536539078e-02
1.516520231962203979e-02
1.520787738263607025e-02
1.557350996881723404e-02
1.581948623061180115e-02
1.519026979804039001e-02
1.520269084721803665e-02
1.609532535076141357e-02
1.522380299866199493e-02
1.562226470559835434e-02
1.540794037282466888e-02
1.522907894104719162e-02
1.566447503864765167e-02
1.542037352919578552e-02
1.533311419188976288e-02
1.536680851131677628e-02
1.514458470046520233e-02
1.523515395820140839e-02
1.558832358568906784e-02
1.555332355201244354e-02
1.652250252664089203e-02
1.529903337359428406e-02
1.518801413476467133e-02
1.532585266977548599e-02
1.600104756653308868e-02
1.624446548521518707e-02
1.531836576759815216e-02
1.532274112105369568e-02
1.521834917366504669e-02
1.519756764173507690e-02
1.533439196646213531e-02
1.535014715045690536e-02
1.530086249113082886e-02
1.522056851536035538e-02
1.533610653132200241e-02
1.520330179482698441e-02
1.573078148066997528e-02
1.526111271232366562e-02
1.537883933633565903e-02
1.513334270566701889e-02
1.524655986577272415e-02
1.531310845166444778e-02
1.504418905824422836e-02
1.528212614357471466e-02
1.558998227119445801e-02
1.530861016362905502e-02
1.513327565044164658e-02
1.509552355855703354e-02
1.547644101083278656e-02
1.521341316401958466e-02
1.518278568983078003e-02
1.527590584009885788e-02
1.506066601723432541e-02
1.538810599595308304e-02
1.523870322853326797e-02
1.522613782435655594e-02
1.528494432568550110e-02
1.522122696042060852e-02
1.541365589946508408e-02
1.500198896974325180e-02
1.522599067538976669e-02
1.512643881142139435e-02
1.538016553968191147e-02
1.556578464806079865e-02
1.522912085056304932e-02
1.523793768137693405e-02
1.503733452409505844e-02
1.514176372438669205e-02
1.515276357531547546e-02
1.553572621196508408e-02
1.535671390593051910e-02
1.518376637250185013e-02
1.510386355221271515e-02
1.536955405026674271e-02
1.544467266649007797e-02
1.516490709036588669e-02
1.522801257669925690e-02
1.513090636581182480e-02
1.521540619432926178e-02
1.517579611390829086e-02
1.520186290144920349e-02
1.531502604484558105e-02
1.508148107677698135e-02
1.498050149530172348e-02
1.540789101272821426e-02
1.550696510821580887e-02
1.504198182374238968e-02
1.498725730925798416e-02
1.560380589216947556e-02
1.513083092868328094e-02
1.513796206563711166e-02
1.508234534412622452e-02
1.499937567859888077e-02
1.544109452515840530e-02
1.525929104536771774e-02
1.498730946332216263e-02
1.502983365207910538e-02
1.517740171402692795e-02
1.494057010859251022e-02
1.522945892065763474e-02
1.537929102778434753e-02
1.537960488349199295e-02
1.513996627181768417e-02
1.520557329058647156e-02
1.503336150199174881e-02
1.519729755818843842e-02
1.489155553281307220e-02
1.537472102791070938e-02
1.506773941218852997e-02
1.542265899479389191e-02
1.508552487939596176e-02
1.507376506924629211e-02
1.561814825981855392e-02
1.512922905385494232e-02
1.518092676997184753e-02
1.514178700745105743e-02
1.504518836736679077e-02
1.493951585143804550e-02
1.506692823022603989e-02
1.549749076366424561e-02
1.537066977471113205e-02
1.538386847823858261e-02
1.500508375465869904e-02
1.503920368850231171e-02
1.537518016993999481e-02
1.580399461090564728e-02
1.507630292326211929e-02
1.532708667218685150e-02
1.495497394353151321e-02
1.524172257632017136e-02
1.495333574712276459e-02
1.540696900337934494e-02
1.497671194374561310e-02
1.515396684408187866e-02
1.510418392717838287e-02
1.498265191912651062e-02
1.514274254441261292e-02
1.485506724566221237e-02
1.495256926864385605e-02
1.510794553905725479e-02
1.494681183248758316e-02
1.485139783471822739e-02
1.549328584223985672e-02
1.549228653311729431e-02
1.490900013595819473e-02
1.517378911375999451e-02
1.501499861478805542e-02
1.486073527485132217e-02
1.496150996536016464e-02
1.480352226644754410e-02
1.485855225473642349e-02
1.483548153191804886e-02
1.489587966352701187e-02
1.490358356386423111e-02
1.503767445683479309e-02
1.482365559786558151e-02
1.476925704628229141e-02
1.534595433622598648e-02
1.512147299945354462e-02
1.496426947414875031e-02
1.486315764486789703e-02
1.475018728524446487e-02
1.499858126044273376e-02
1.473780348896980286e-02
1.524707861244678497e-02
1.501902937889099121e-02
1.493249926716089249e-02
1.467492431402206421e-02
1.472934707999229431e-02
1.531731802970170975e-02
1.488884631544351578e-02
1.485569216310977936e-02
1.486845128238201141e-02
1.505426038056612015e-02
1.486333739012479782e-02
1.496368460357189178e-02
1.503398641943931580e-02
1.494115870445966721e-02
1.495729293674230576e-02
1.481000054627656937e-02
1.509744394570589066e-02
1.511439122259616852e-02
1.489038392901420593e-02
1.495884731411933899e-02
1.501717139035463333e-02
1.478975266218185425e-02
1.477422937750816345e-02
1.463622879236936569e-02
1.496965624392032623e-02
1.527910307049751282e-02
1.486480887979269028e-02
1.480520516633987427e-02
1.486282423138618469e-02
1.504297088831663132e-02
1.474122237414121628e-02
1.481524854898452759e-02
1.476321555674076080e-02
1.478429138660430908e-02
1.515038218349218369e-02
1.496125105768442154e-02
1.472088322043418884e-02
1.470842771232128143e-02
1.468305569142103195e-02
1.492968667298555374e-02
1.505053136497735977e-02
1.489928644150495529e-02
1.468845549970865250e-02
1.471432112157344818e-02
1.476826984435319901e-02
1.494438014924526215e-02
1.461572851985692978e-02
1.495878398418426514e-02
1.519075594842433929e-02
1.492471713572740555e-02
1.491022948175668716e-02
1.468582358211278915e-02
1.472673565149307251e-02
1.486134249716997147e-02
1.558321062475442886e-02
1.525531616061925888e-02
1.503493078052997589e-02
1.479917485266923904e-02
1.478282269090414047e-02
1.512051653116941452e-02
1.498472876846790314e-02
1.491091214120388031e-02
1.460673473775386810e-02
1.470197364687919617e-02
1.468463987112045288e-02
1.455232501029968262e-02
1.470636576414108276e-02
1.497061364352703094e-02
1.453601103276014328e-02
1.451455801725387573e-02
1.472210139036178589e-02
1.454653870314359665e-02
1.448794733732938766e-02
1.476226001977920532e-02
1.471998263150453568e-02
1.466080266982316971e-02
1.451841648668050766e-02
1.450796332210302353e-02
1.505152042955160141e-02
1.477945595979690552e-02
1.504408568143844604e-02
1.452838722616434097e-02
1.511971466243267059e-02
1.463776640594005585e-02
1.444959081709384918e-02
1.448940671980381012e-02
1.483613252639770508e-02
1.452519744634628296e-02
1.448934059590101242e-02
1.444157026708126068e-02
1.462207641452550888e-02
1.478808280080556870e-02
1.456670090556144714e-02
1.481914520263671875e-02
1.460172049701213837e-02
1.441018562763929367e-02
1.472332235425710678e-02
1.456314977258443832e-02
1.447748020291328430e-02
1.442739833146333694e-02
1.537587773054838181e-02
1.448693685233592987e-02
1.469548791646957397e-02
1.474159583449363708e-02
1.480339094996452332e-02
1.455782447010278702e-02
1.508521568030118942e-02
1.451258361339569092e-02
1.458211150020360947e-02
1.453672349452972412e-02
1.457652170211076736e-02
1.469740178436040878e-02
1.451571751385927200e-02
1.476083882153034210e-02
1.478726044297218323e-02
1.455359719693660736e-02
1.457522716373205185e-02
1.440403237938880920e-02
1.435295492410659790e-02
1.435541734099388123e-02
1.439242344349622726e-02
1.466471422463655472e-02
1.446620188653469086e-02
1.434604637324810028e-02
1.436960231512784958e-02
1.454447116702795029e-02
1.460035331547260284e-02
1.457333192229270935e-02
1.460664812475442886e-02
1.451054681092500687e-02
1.462434791028499603e-02
1.474884431809186935e-02
1.475610211491584778e-02
1.528625003993511200e-02
1.430475711822509766e-02
1.454287860542535782e-02
1.459500566124916077e-02
1.434219721704721451e-02
1.474768109619617462e-02
1.470882259309291840e-02
1.442002225667238235e-02
1.458422373980283737e-02
1.490150764584541321e-02
1.460313238203525543e-02
1.444521639496088028e-02
1.432139705866575241e-02
1.453150901943445206e-02
1.449776068329811096e-02
1.443804055452346802e-02
1.479911152273416519e-02
1.467635482549667358e-02
1.435555238276720047e-02
1.454526837915182114e-02
1.445866469293832779e-02
1.449896488338708878e-02
1.456265989691019058e-02
1.429075002670288086e-02
1.456513069570064545e-02
1.443251315504312515e-02
1.444310229271650314e-02
1.474213786423206329e-02
1.485566515475511551e-02
1.444215979427099228e-02
1.463452819734811783e-02
1.440285053104162216e-02
1.442014332860708237e-02
1.445962768048048019e-02
1.444469112902879715e-02
1.449398230761289597e-02
1.437711436301469803e-02
1.438177563250064850e-02
1.440556906163692474e-02
1.453402172774076462e-02
1.454368140548467636e-02
1.432881224900484085e-02
1.429929304867982864e-02
1.450354699045419693e-02
1.434990204870700836e-02
1.432592701166868210e-02
1.420150883495807648e-02
1.439871452748775482e-02
1.466314680874347687e-02
1.441002730280160904e-02
1.419121772050857544e-02
1.427603513002395630e-02
1.419230736792087555e-02
1.423148717731237411e-02
1.420493889600038528e-02
1.429907046258449554e-02
1.473605446517467499e-02
1.427881047129631042e-02
1.456231251358985901e-02
1.416842825710773468e-02
1.437641214579343796e-02
1.463830564171075821e-02
1.415079925209283829e-02
1.431567687541246414e-02
1.423035562038421631e-02
1.435453258454799652e-02
1.435788441449403763e-02
1.420928258448839188e-02
1.469770818948745728e-02
1.422336325049400330e-02
1.417087111622095108e-02
1.433403696864843369e-02
1.443531643599271774e-02
1.438594702631235123e-02
1.462561730295419693e-02
1.418584398925304413e-02
1.436122693121433258e-02
1.416218932718038559e-02
1.435949839651584625e-02
1.432173606008291245e-02
1.470292732119560242e-02
1.411075238138437271e-02
1.448877621442079544e-02
1.416412089020013809e-02
1.406045071780681610e-02
1.415704656392335892e-02
1.432558987289667130e-02
1.423791516572237015e-02
1.470455806702375412e-02
1.415844168514013290e-02
1.418189518153667450e-02
1.427915226668119431e-02
1.420611329376697540e-02
1.441552396863698959e-02
1.438832748681306839e-02
1.413132436573505402e-02
1.429369673132896423e-02
1.405613031238317490e-02
1.408151444047689438e-02
1.413622312247753143e-02
1.409160904586315155e-02
1.411723159253597260e-02
1.431189849972724915e-02
1.413728669285774231e-02
1.446294132620096207e-02
1.461117528378963470e-02
1.455433852970600128e-02
1.416294183582067490e-02
1.432100683450698853e-02
1.432738732546567917e-02
1.407172158360481262e-02
1.420268323272466660e-02
1.445143111050128937e-02
1.438989583402872086e-02
1.414725184440612793e-02
1.421147305518388748e-02
1.420237589627504349e-02
1.415108237415552139e-02
1.411041058599948883e-02
1.422966737300157547e-02
1.401845086365938187e-02
1.410460844635963440e-02
1.420424226671457291e-02
1.454101502895355225e-02
1.455742400139570236e-02
1.431889738887548447e-02
1.421811711043119431e-02
1.400196738541126251e-02
1.392698939889669418e-02
1.402445044368505478e-02
1.396622229367494583e-02
1.399358175694942474e-02
1.427644770592451096e-02
1.391705032438039780e-02
1.451816130429506302e-02
1.405024994164705276e-02
1.399725396186113358e-02
1.388121023774147034e-02
1.395040750503540039e-02
1.400980446487665176e-02
1.400156971067190170e-02
1.400473248213529587e-02
1.401312462985515594e-02
1.391703914850950241e-02
1.383596099913120270e-02
1.422882452607154846e-02
1.406549010425806046e-02
1.385980751365423203e-02
1.403601001948118210e-02
1.403303537517786026e-02
1.392541639506816864e-02
1.397504936903715134e-02
1.412126887589693069e-02
1.442692801356315613e-02
1.469462364912033081e-02
1.388134807348251343e-02
1.394053734838962555e-02
1.443535555154085159e-02
1.380908023566007614e-02
1.391129102557897568e-02
1.385805848985910416e-02
1.380142383277416229e-02
1.391456183046102524e-02
1.393107883632183075e-02
1.393269561231136322e-02
1.407665852457284927e-02
1.387099549174308777e-02
1.375714782625436783e-02
1.401881407946348190e-02
1.422348152846097946e-02
1.372491847723722458e-02
1.382534205913543701e-02
1.380377635359764099e-02
1.373348105698823929e-02
1.427564211189746857e-02
1.381974294781684875e-02
1.390944235026836395e-02
1.413116138428449631e-02
1.415161509066820145e-02
1.377043128013610840e-02
1.386275794357061386e-02
1.393371075391769409e-02
1.385976560413837433e-02
1.378312241286039352e-02
1.386297587305307388e-02
1.373603008687496185e-02
1.369107421487569809e-02
1.370075717568397522e-02
1.382599864155054092e-02
1.357393618673086166e-02
1.369223557412624359e-02
1.365832891315221786e-02
1.434084028005599976e-02
1.371946465224027634e-02
1.367337908595800400e-02
1.376522332429885864e-02
1.386707462370395660e-02
1.360883843153715134e-02
1.361790392547845840e-02
1.363930478692054749e-02
1.362778525799512863e-02
1.353911403566598892e-02
1.347684860229492188e-02
1.359657198190689087e-02
1.345845591276884079e-02
1.351515483111143112e-02
1.358134672045707703e-02
1.355491485446691513e-02
1.355647947639226913e-02
1.342457812279462814e-02
1.352370250970125198e-02
1.340590696781873703e-02
1.368462201207876205e-02
1.336305122822523117e-02
1.335372962057590485e-02
1.341739669442176819e-02
1.359150744974613190e-02
1.344619970768690109e-02
1.356607861816883087e-02
1.328355632722377777e-02
1.331502757966518402e-02
1.342431455850601196e-02
1.334428694099187851e-02
1.329484954476356506e-02
1.328725926578044891e-02
1.335196103900671005e-02
1.376564893871545792e-02
1.334024686366319656e-02
1.385299302637577057e-02
1.384856924414634705e-02
1.320051401853561401e-02
1.320591662079095840e-02
1.328576076775789261e-02
1.357768848538398743e-02
1.320625748485326767e-02
1.314137037843465805e-02
1.340957917273044586e-02
1.312005892395973206e-02
1.347521971911191940e-02
1.308354549109935760e-02
1.336061395704746246e-02
1.361642591655254364e-02
1.308950968086719513e-02
1.309412810951471329e-02
1.316530909389257431e-02
1.338396314531564713e-02
1.305821631103754044e-02
1.305050030350685120e-02
1.323176454752683640e-02
1.358653511852025986e-02
1.368266250938177109e-02
1.292977202683687210e-02
1.308469288051128387e-02
1.300453208386898041e-02
1.312346477061510086e-02
1.319079007953405380e-02
1.297279167920351028e-02
1.300148200243711472e-02
1.293802727013826370e-02
1.335003692656755447e-02
1.301269233226776123e-02
1.317180320620536804e-02
1.289502624422311783e-02
1.298147346824407578e-02
1.276014745235443115e-02
1.358927506953477859e-02
1.329481601715087891e-02
1.322727464139461517e-02
1.307968050241470337e-02
1.310220081359148026e-02
1.277541741728782654e-02
1.291412860155105591e-02
1.272920053452253342e-02
1.302240230143070221e-02
1.280884817242622375e-02
1.269313413649797440e-02
1.288642361760139465e-02
1.278411876410245895e-02
1.310911402106285095e-02
1.324291061609983444e-02
1.291442941874265671e-02
1.281824335455894470e-02
1.257538422942161560e-02
1.260517444461584091e-02
1.275279186666011810e-02
1.284541096538305283e-02
1.270166691392660141e-02
1.276241242885589600e-02
1.281512342393398285e-02
1.293079555034637451e-02
1.265880186110734940e-02
1.266148872673511505e-02
1.325272861868143082e-02
1.344187930226325989e-02
1.294538751244544983e-02
1.257505640387535095e-02
1.282694190740585327e-02
1.260286848992109299e-02
1.250020787119865417e-02
1.253183651715517044e-02
1.257990766316652298e-02
1.290826778858900070e-02
1.264540106058120728e-02
1.274056732654571533e-02
1.245673839002847672e-02
1.295729354023933411e-02
1.266015693545341492e-02
1.246112491935491562e-02
1.255852542817592621e-02
1.269323565065860748e-02
1.248029433190822601e-02
1.246366649866104126e-02
1.228121202439069748e-02
1.232092548161745071e-02
1.251265220344066620e-02
1.235236041247844696e-02
1.237070001661777496e-02
1.245508622378110886e-02
1.253764238208532333e-02
1.232010684907436371e-02
1.222396921366453171e-02
1.235318370163440704e-02
1.234013866633176804e-02
1.233248692005872726e-02
1.225809101015329361e-02
1.243451330810785294e-02
1.227722223848104477e-02
1.233009435236454010e-02
1.240444276481866837e-02
1.219972874969244003e-02
1.237612497061491013e-02
1.272843498736619949e-02
1.235176622867584229e-02
1.242219749838113785e-02
1.227085292339324951e-02
1.243123691529035568e-02
1.241559069603681564e-02
1.221610605716705322e-02
1.247383374720811844e-02
1.249530166387557983e-02
1.216664724051952362e-02
1.270406879484653473e-02
1.285689789801836014e-02
1.222018525004386902e-02
1.220203656703233719e-02
1.238084770739078522e-02
1.242081914097070694e-02
1.248082332313060760e-02
1.232015714049339294e-02
1.210608799010515213e-02
1.269074529409408569e-02
1.218056026846170425e-02
1.233298610895872116e-02
1.208936516195535660e-02
1.223081629723310471e-02
1.221505273133516312e-02
1.224888954311609268e-02
1.213183440268039703e-02
1.272245589643716812e-02
1.199251599609851837e-02
1.263701077550649643e-02
1.229095458984375000e-02
1.205443590879440308e-02
1.217035669833421707e-02
1.198127772659063339e-02
1.207579672336578369e-02
1.216841768473386765e-02
1.205301284790039062e-02
1.200528815388679504e-02
1.200348511338233948e-02
1.209745556116104126e-02
1.208119560033082962e-02
1.215069275349378586e-02
1.254640240222215652e-02
1.205689366906881332e-02
1.237026508897542953e-02
1.215910818427801132e-02
1.204493921250104904e-02
1.189948618412017822e-02
1.180588360875844955e-02
1.196776330471038818e-02
1.199334952980279922e-02
1.213237643241882324e-02
1.192340254783630371e-02
1.193239167332649231e-02
1.189688593149185181e-02
1.204669568687677383e-02
1.207363326102495193e-02
1.193750742822885513e-02
1.202458981424570084e-02
1.200695801526308060e-02
1.177974790334701538e-02
1.196462847292423248e-02
1.202332414686679840e-02
1.191907003521919250e-02
1.189469266682863235e-02
1.180054433643817902e-02
1.186685916036367416e-02
1.179119013249874115e-02
1.187745667994022369e-02
1.188889145851135254e-02
1.172525156289339066e-02
1.216346304863691330e-02
1.181769557297229767e-02
1.191589329391717911e-02
1.199627295136451721e-02
1.235598791390657425e-02
1.184618659317493439e-02
1.177783217281103134e-02
1.173975691199302673e-02
1.182425394654273987e-02
1.178019586950540543e-02
1.166463643312454224e-02
1.198518555611371994e-02
1.234424021095037460e-02
1.172819174826145172e-02
1.220599748194217682e-02
1.179080083966255188e-02
1.199077256023883820e-02
1.195221766829490662e-02
1.221037283539772034e-02
1.167958602309226990e-02
1.218576915562152863e-02
1.172963250428438187e-02
1.184709370136260986e-02
1.187616400420665741e-02
1.186842843890190125e-02
1.160116028040647507e-02
1.155108679085969925e-02
1.183777395635843277e-02
1.166535168886184692e-02
1.164202392101287842e-02
1.161953154951334000e-02
1.208953000605106354e-02
1.161178573966026306e-02
1.159848738461732864e-02
1.188306231051683426e-02
1.165883056819438934e-02
1.222625561058521271e-02
1.200359407812356949e-02
1.194801460951566696e-02
1.234507095068693161e-02
1.158240251243114471e-02
1.158861443400382996e-02
1.167640183120965958e-02
1.158320624381303787e-02
1.189600676298141479e-02
1.160745602101087570e-02
1.145354658365249634e-02
1.159369014203548431e-02
1.179247349500656128e-02
1.160176936537027359e-02
1.167793571949005127e-02
1.223681773990392685e-02
1.149271149188280106e-02
1.143256016075611115e-02
1.141336932778358459e-02
1.160021871328353882e-02
1.196902524679899216e-02
1.303193066269159317e-02
1.160924881696701050e-02
1.152187772095203400e-02
1.148866210132837296e-02
1.146679464727640152e-02
1.145074982196092606e-02
1.139401737600564957e-02
1.153737027198076248e-02
1.165855862200260162e-02
1.136029418557882309e-02
1.136656943708658218e-02
1.130797620862722397e-02
1.147540844976902008e-02
1.134165842086076736e-02
1.164493244141340256e-02
1.129174325615167618e-02
1.173603255301713943e-02
1.141024008393287659e-02
1.133925653994083405e-02
1.139758620411157608e-02
1.166353002190589905e-02
1.162148825824260712e-02
1.136017031967639923e-02
1.149452198296785355e-02
1.123946718871593475e-02
1.138405688107013702e-02
1.138188876211643219e-02
1.135844644159078598e-02
1.121775805950164795e-02
1.119862776249647141e-02
1.146459951996803284e-02
1.148106530308723450e-02
1.205112226307392120e-02
1.163622923195362091e-02
1.154753472656011581e-02
1.144903432577848434e-02
1.127800252288579941e-02
1.137463469058275223e-02
1.115307770669460297e-02
1.152708847075700760e-02
1.145572308450937271e-02
1.138528808951377869e-02
1.222321297973394394e-02
1.133666187524795532e-02
1.152907498180866241e-02
1.114901714026927948e-02
1.123923901468515396e-02
1.114099286496639252e-02
1.108680386096239090e-02
1.125250291079282761e-02
1.173043716698884964e-02
1.171851903200149536e-02
1.110750064253807068e-02
1.163560803979635239e-02
1.136790588498115540e-02
1.112359575927257538e-02
1.101848017424345016e-02
1.128939352929592133e-02
1.129614282399415970e-02
1.127661205828189850e-02
1.108774170279502869e-02
1.111601665616035461e-02
1.106378994882106781e-02
1.101838797330856323e-02
1.121390797197818756e-02
1.119700726121664047e-02
1.108252163976430893e-02
1.102321594953536987e-02
1.117289997637271881e-02
1.131192967295646667e-02
1.121033355593681335e-02
1.113408152014017105e-02
1.121250260621309280e-02
1.127850357443094254e-02
1.100483629852533340e-02
1.174229197204113007e-02
1.117252930998802185e-02
1.123164035379886627e-02
1.094860583543777466e-02
1.132642664015293121e-02
1.090244203805923462e-02
1.111582946032285690e-02
1.149282883852720261e-02
1.088122464716434479e-02
1.102220918983221054e-02
1.127503998577594757e-02
1.086674444377422333e-02
1.097158715128898621e-02
1.160106435418128967e-02
1.099469047039747238e-02
1.120907813310623169e-02
1.101067475974559784e-02
1.159417349845170975e-02
1.129189599305391312e-02
1.102230139076709747e-02
1.093559805303812027e-02
1.080321986228227615e-02
1.168384589254856110e-02
1.114210113883018494e-02
1.088832039386034012e-02
1.079396065324544907e-02
1.098537538200616837e-02
1.078988704830408096e-02
1.082363445311784744e-02
1.072822231799364090e-02
1.096955407410860062e-02
1.086712069809436798e-02
1.089816354215145111e-02
1.114657148718833923e-02
1.075006462633609772e-02
1.137427240610122681e-02
1.141345314681529999e-02
1.078121736645698547e-02
1.077156607061624527e-02
1.094717718660831451e-02
1.180857513099908829e-02
1.101144496351480484e-02
1.076803170144557953e-02
1.069693733006715775e-02
1.071663480252027512e-02
1.058278325945138931e-02
1.064559631049633026e-02
1.071656309068202972e-02
1.078271958976984024e-02
1.072375755757093430e-02
1.088925823569297791e-02
1.069983094930648804e-02
1.084082107990980148e-02
1.075595058500766754e-02
1.065990142524242401e-02
1.078654918819665909e-02
1.063613314181566238e-02
1.071370206773281097e-02
1.064059790223836899e-02
1.070408988744020462e-02
1.079070381820201874e-02
1.100776530802249908e-02
1.050072908401489258e-02
1.063250284641981125e-02
1.067087892442941666e-02
1.088293548673391342e-02
1.089036930352449417e-02
1.055328547954559326e-02
1.045171823352575302e-02
1.110960543155670166e-02
1.056586299091577530e-02
1.048878114670515060e-02
1.065226178616285324e-02
1.149008795619010925e-02
1.093487627804279327e-02
1.049546431750059128e-02
1.043075509369373322e-02
1.063573081046342850e-02
1.048367843031883240e-02
1.037615258246660233e-02
1.041570119559764862e-02
1.038863789290189743e-02
1.050772424787282944e-02
1.053325645625591278e-02
1.032193563878536224e-02
1.042073871940374374e-02
1.071062218397855759e-02
1.038849540054798126e-02
1.053440105170011520e-02
1.070071943104267120e-02
1.040344126522541046e-02
1.079187635332345963e-02
1.082745660096406937e-02
1.027969922870397568e-02
1.032523345202207565e-02
1.041204296052455902e-02
1.106460299342870712e-02
1.030622795224189758e-02
1.114880107343196869e-02
1.124936528503894806e-02
1.083164568990468979e-02
1.090378966182470322e-02
1.055938471108675003e-02
1.065520383417606354e-02
1.054985821247100830e-02
1.032577268779277802e-02
1.033731736242771149e-02
1.045502070337533951e-02
1.031433232128620148e-02
1.029260549694299698e-02
1.023920532315969467e-02
1.046760380268096924e-02
1.013589370995759964e-02
1.026687864214181900e-02
1.022490579634904861e-02
1.046599727123975754e-02
1.100135594606399536e-02
1.030809804797172546e-02
1.017880626022815704e-02
1.046299468725919724e-02
1.009231153875589371e-02
1.061283703893423080e-02
1.091989874839782715e-02
1.025629322975873947e-02
1.026587747037410736e-02
1.042925007641315460e-02
1.008128467947244644e-02
1.003003865480422974e-02
1.013057492673397064e-02
1.049050875008106232e-02
1.004180870950222015e-02
1.024637278169393539e-02
1.008238829672336578e-02
1.010737288743257523e-02
1.017814595252275467e-02
1.036115922033786774e-02
1.028222031891345978e-02
1.000234764069318771e-02
1.018285844475030899e-02
1.020672265440225601e-02
1.009387895464897156e-02
1.001452747732400894e-02
1.002715900540351868e-02
9.979547932744026184e-03
1.134387589991092682e-02
1.009066496044397354e-02
9.905991144478321075e-03
1.023443788290023804e-02
1.016815472394227982e-02
1.013409812003374100e-02
1.054147630929946899e-02
1.009135600179433823e-02
1.011534966528415680e-02
9.951260872185230255e-03
9.911310859024524689e-03
9.936247952282428741e-03
9.973460808396339417e-03
9.987180121243000031e-03
1.010228320956230164e-02
9.926121681928634644e-03
9.903667494654655457e-03
1.025308575481176376e-02
1.010713819414377213e-02
9.794049896299839020e-03
9.957891888916492462e-03
9.883414022624492645e-03
1.057104580104351044e-02
1.038939319550991058e-02
1.056297682225704193e-02
1.001209020614624023e-02
1.026486139744520187e-02
1.029038056731224060e-02
9.797607548534870148e-03
9.948883205652236938e-03
9.978023357689380646e-03
1.040996238589286804e-02
9.788730181753635406e-03
9.839097969233989716e-03
9.797764942049980164e-03
9.875842370092868805e-03
1.004166621714830399e-02
1.017780695110559464e-02
1.006846874952316284e-02
9.761305525898933411e-03
9.962910786271095276e-03
9.840887039899826050e-03
9.937183000147342682e-03
9.978455491364002228e-03
9.963261894881725311e-03
9.797562845051288605e-03
9.934271685779094696e-03
9.746276773512363434e-03
9.708365425467491150e-03
9.723044000566005707e-03
9.706327691674232483e-03
1.000249385833740234e-02
1.009475346654653549e-02
9.856928139925003052e-03
9.859196841716766357e-03
1.002531684935092926e-02
9.922433644533157349e-03
9.695835411548614502e-03
9.991743601858615875e-03
1.000735443085432053e-02
9.697718545794487000e-03
1.048681885004043579e-02
9.714299812912940979e-03
9.755803272128105164e-03
9.706732816994190216e-03
9.691715240478515625e-03
9.781070984899997711e-03
1.024400908499956131e-02
1.000473555177450180e-02
9.588698856532573700e-03
9.797008708119392395e-03
1.003194600343704224e-02
9.861746802926063538e-03
9.703626856207847595e-03
9.571155533194541931e-03
1.013714354485273361e-02
9.639233350753784180e-03
9.512009099125862122e-03
9.472412988543510437e-03
9.687204845249652863e-03
9.440361522138118744e-03
9.652969427406787872e-03
1.003788784146308899e-02
9.830846451222896576e-03
9.494023397564888000e-03
9.435042738914489746e-03
9.562794119119644165e-03
9.577388875186443329e-03
1.001573819667100906e-02
9.393850341439247131e-03
9.424160234630107880e-03
9.412623941898345947e-03
9.604544378817081451e-03
9.526351466774940491e-03
9.684010408818721771e-03
9.742199443280696869e-03
9.440209716558456421e-03
9.516195394098758698e-03
9.423510171473026276e-03
9.593998081982135773e-03
9.372735396027565002e-03
1.068760734051465988e-02
9.361918084323406219e-03
9.603389538824558258e-03
9.523984976112842560e-03
9.302522055804729462e-03
9.782676585018634796e-03
9.584532119333744049e-03
9.357362985610961914e-03
9.458889253437519073e-03
9.432356804609298706e-03
9.509746916592121124e-03
9.393286891281604767e-03
9.518245235085487366e-03
9.462987072765827179e-03
9.463205933570861816e-03
1.012579072266817093e-02
9.577658027410507202e-03
9.320542216300964355e-03
9.772700257599353790e-03
9.783302433788776398e-03
9.513414464890956879e-03
9.361750446259975433e-03
9.487686678767204285e-03
9.405544959008693695e-03
9.288284927606582642e-03
9.532132185995578766e-03
9.381457231938838959e-03
9.589672088623046875e-03
9.332668036222457886e-03
9.345891885459423065e-03
9.365033358335494995e-03
9.450085461139678955e-03
9.616206400096416473e-03
9.436503052711486816e-03
9.633530862629413605e-03
9.442394599318504333e-03
9.466945193707942963e-03
9.617184288799762726e-03
9.652314707636833191e-03
9.233593940734863281e-03
9.233870543539524078e-03
9.312027134001255035e-03
9.486692026257514954e-03
9.458378888666629791e-03
9.395302273333072662e-03
9.199800901114940643e-03
9.304620325565338135e-03
9.389029815793037415e-03
9.156768210232257843e-03
9.159184992313385010e-03
9.107810445129871368e-03
9.496419690549373627e-03
9.279831312596797943e-03
9.307428263127803802e-03
9.660107083618640900e-03
9.194683283567428589e-03
9.125428274273872375e-03
9.694095700979232788e-03
9.300894103944301605e-03
9.479840286076068878e-03
9.406540542840957642e-03
9.049763903021812439e-03
9.328518062829971313e-03
9.326090104877948761e-03
9.467723779380321503e-03
9.175379760563373566e-03
9.075133129954338074e-03
9.171601384878158569e-03
9.393813088536262512e-03
9.335429407656192780e-03
9.368637576699256897e-03
9.123924188315868378e-03
9.131065569818019867e-03
9.441237896680831909e-03
9.215987287461757660e-03
8.962118998169898987e-03
9.020642377436161041e-03
9.115280583500862122e-03
9.215229190886020660e-03
9.706967510282993317e-03
9.208695031702518463e-03
9.298370219767093658e-03
9.447343647480010986e-03
9.196705184876918793e-03
9.307447820901870728e-03
9.477387182414531708e-03
9.162886999547481537e-03
9.093718603253364563e-03
8.960298262536525726e-03
8.898187428712844849e-03
9.000977501273155212e-03
9.019887074828147888e-03
9.209502488374710083e-03
9.284425526857376099e-03
9.214437566697597504e-03
8.901447057723999023e-03
9.458977729082107544e-03
9.655040688812732697e-03
9.602739475667476654e-03
9.387486614286899567e-03
8.865621872246265411e-03
8.867521770298480988e-03
9.089841507375240326e-03
9.306535124778747559e-03
8.894027210772037506e-03
9.048494510352611542e-03
9.020370431244373322e-03
9.100129827857017517e-03
9.087205864489078522e-03
9.128943085670471191e-03
9.005787782371044159e-03
9.108413942158222198e-03
8.840867318212985992e-03
9.030709043145179749e-03
9.005262516438961029e-03
9.055962786078453064e-03
8.954712189733982086e-03
9.612726978957653046e-03
9.260863065719604492e-03
9.348463267087936401e-03
9.055986069142818451e-03
9.021325968205928802e-03
8.926530368626117706e-03
9.141312912106513977e-03
8.788380771875381470e-03
8.760642260313034058e-03
8.807380683720111847e-03
9.332790039479732513e-03
8.904325775802135468e-03
8.896317332983016968e-03
8.794716559350490570e-03
9.084464050829410553e-03
8.906085044145584106e-03
9.165900759398937225e-03
8.872252888977527618e-03
9.244488552212715149e-03
8.824512362480163574e-03
9.052494540810585022e-03
8.762345649302005768e-03
9.026881307363510132e-03
8.834693580865859985e-03
8.910614997148513794e-03
8.840539492666721344e-03
9.073030203580856323e-03
9.057097136974334717e-03
8.988953195512294769e-03
8.775271475315093994e-03
8.715591393411159515e-03
8.810706436634063721e-03
8.892357349395751953e-03
9.056498296558856964e-03
8.815818466246128082e-03
8.888817392289638519e-03
8.748072199523448944e-03
8.680240251123905182e-03
8.922986686229705811e-03
8.576915599405765533e-03
8.708126842975616455e-03
9.136079810559749603e-03
8.801478892564773560e-03
8.657285012304782867e-03
8.569846861064434052e-03
8.749347180128097534e-03
9.768537245690822601e-03
9.057870134711265564e-03
8.905823342502117157e-03
8.906540460884571075e-03
8.503190241754055023e-03
9.063741192221641541e-03
8.634905330836772919e-03
8.534838445484638214e-03
8.784140460193157196e-03
8.810753934085369110e-03
9.880722500383853912e-03
8.906601928174495697e-03
8.674730546772480011e-03
8.562692441046237946e-03
8.876412175595760345e-03
8.657205849885940552e-03
8.663018234074115753e-03
8.823458105325698853e-03
8.602576330304145813e-03
8.682305924594402313e-03
8.567534387111663818e-03
8.453359827399253845e-03
8.418287150561809540e-03
8.580534718930721283e-03
8.568109013140201569e-03
8.710355497896671295e-03
8.497320115566253662e-03
8.452864363789558411e-03
8.643329143524169922e-03
8.501358330249786377e-03
8.453188464045524597e-03
8.560883812606334686e-03
8.468633517622947693e-03
8.527831174433231354e-03
8.861863985657691956e-03
8.807128295302391052e-03
8.555332198739051819e-03
8.678900077939033508e-03
9.022630751132965088e-03
8.787677623331546783e-03
8.449584245681762695e-03
8.648131974041461945e-03
8.372413925826549530e-03
8.849458768963813782e-03
9.212838485836982727e-03
8.698033168911933899e-03
8.517684414982795715e-03
8.579546585679054260e-03
8.440205827355384827e-03
8.390943519771099091e-03
8.434535935521125793e-03
8.390324190258979797e-03
8.528355509042739868e-03
8.408430963754653931e-03
8.525407873094081879e-03
9.042826481163501740e-03
8.508019149303436279e-03
8.522815071046352386e-03
8.462123572826385498e-03
8.403956890106201172e-03
8.361441083252429962e-03
8.891046978533267975e-03
8.872842416167259216e-03
8.766563609242439270e-03
8.377112448215484619e-03
8.526808582246303558e-03
8.404945023357868195e-03
8.455421775579452515e-03
8.517985232174396515e-03
8.630936965346336365e-03
8.525004610419273376e-03
8.338915184140205383e-03
8.542315103113651276e-03
8.459933102130889893e-03
8.315729908645153046e-03
8.794276975095272064e-03
8.962998166680335999e-03
9.076037444174289703e-03
8.447377011179924011e-03
8.580783382058143616e-03
8.635045029222965240e-03
8.809898979961872101e-03
8.674130775034427643e-03
8.745772764086723328e-03
8.401805534958839417e-03
8.405209518969058990e-03
8.412137627601623535e-03
8.561733178794384003e-03
8.945799432694911957e-03
8.801015093922615051e-03
8.674144744873046875e-03
8.417443372309207916e-03
8.279070258140563965e-03
8.413135074079036713e-03
8.619440719485282898e-03
8.533773012459278107e-03
8.533235639333724976e-03
8.711285889148712158e-03
8.466415107250213623e-03
8.401864208281040192e-03
8.583346381783485413e-03
8.394212462007999420e-03
8.342336863279342651e-03
8.293978869915008545e-03
8.230486884713172913e-03
8.598640561103820801e-03
8.204088546335697174e-03
8.233552798628807068e-03
8.321538567543029785e-03
8.515357971191406250e-03
8.361917920410633087e-03
8.463112637400627136e-03
8.800516836345195770e-03
9.031624533236026764e-03
8.390337228775024414e-03
8.322281762957572937e-03
8.372308686375617981e-03
8.556419983506202698e-03
8.289724588394165039e-03
8.682448416948318481e-03
8.399585261940956116e-03
8.839697577059268951e-03
8.349978365004062653e-03
8.428978733718395233e-03
8.393909782171249390e-03
8.240496739745140076e-03
8.672391064465045929e-03
8.449099026620388031e-03
8.261011913418769836e-03
8.211249485611915588e-03
8.483805693686008453e-03
8.612665347754955292e-03
8.383763022720813751e-03
8.749712258577346802e-03
8.569375611841678619e-03
8.345483802258968353e-03
8.441977202892303467e-03
9.587873704731464386e-03
8.327006362378597260e-03
8.242025040090084076e-03
8.461412973701953888e-03
8.203506469726562500e-03
8.184893988072872162e-03
8.704495616257190704e-03
8.294878527522087097e-03
8.353570476174354553e-03
8.379833772778511047e-03
8.273219689726829529e-03
8.349645882844924927e-03
8.195040747523307800e-03
9.277817793190479279e-03
8.527804166078567505e-03
8.510554209351539612e-03
8.179041557013988495e-03
8.224043063819408417e-03
8.384085260331630707e-03
8.700833655893802643e-03
8.171635679900646210e-03
8.332625031471252441e-03
8.487670682370662689e-03
8.154721930623054504e-03
8.270245045423507690e-03
8.586638607084751129e-03
8.759892545640468597e-03
8.503220044076442719e-03
8.622446097433567047e-03
8.419791236519813538e-03
8.336308412253856659e-03
8.182461373507976532e-03
8.131365291774272919e-03
8.194114081561565399e-03
8.255130611360073090e-03
8.543339557945728302e-03
8.326877839863300323e-03
8.463058620691299438e-03
8.311493322253227234e-03
8.462972007691860199e-03
9.253527037799358368e-03
9.069155901670455933e-03
8.320846594870090485e-03
8.198603987693786621e-03
8.319154381752014160e-03
8.144814521074295044e-03
8.138398639857769012e-03
8.220333606004714966e-03
8.057509548962116241e-03
8.073271252214908600e-03
8.752868510782718658e-03
8.324533700942993164e-03
8.279752917587757111e-03
8.110487833619117737e-03
8.101463317871093750e-03
8.184372447431087494e-03
8.231613785028457642e-03
8.211420848965644836e-03
8.141952566802501678e-03
8.447567000985145569e-03
8.248551748692989349e-03
8.163984864950180054e-03
8.183624595403671265e-03
8.595479652285575867e-03
8.220201358199119568e-03
8.152265101671218872e-03
8.268814533948898315e-03
8.033194579184055328e-03
8.157773874700069427e-03
8.076447062194347382e-03
8.279100991785526276e-03
8.109261281788349152e-03
8.913396857678890228e-03
8.750330656766891479e-03
8.034943602979183197e-03
8.231977000832557678e-03
8.316917344927787781e-03
8.732432499527931213e-03
8.083480410277843475e-03
8.248173631727695465e-03
8.198292925953865051e-03
8.727120235562324524e-03
8.015811443328857422e-03
8.124280720949172974e-03
7.994069717824459076e-03
8.187047205865383148e-03
8.031930774450302124e-03
8.436989039182662964e-03
8.337011560797691345e-03
8.368318900465965271e-03
8.600081317126750946e-03
8.233242668211460114e-03
8.016319945454597473e-03
8.107698522508144379e-03
8.458054624497890472e-03
8.773250505328178406e-03
8.729732595384120941e-03
8.265491575002670288e-03
8.011292666196823120e-03
7.982581853866577148e-03
8.162898942828178406e-03
8.165977895259857178e-03
8.271072059869766235e-03
8.117768913507461548e-03
8.035279810428619385e-03
8.059950545430183411e-03
8.348044939339160919e-03
8.485661819577217102e-03
8.094247430562973022e-03
8.035349659621715546e-03
8.046507835388183594e-03
8.152037858963012695e-03
8.413566276431083679e-03
8.624722249805927277e-03
8.444615639746189117e-03
8.224869146943092346e-03
8.124829269945621490e-03
8.132338523864746094e-03
8.262366056442260742e-03
8.142325095832347870e-03
8.417920209467411041e-03
8.385382592678070068e-03
7.995339110493659973e-03
8.280680514872074127e-03
8.330270648002624512e-03
8.031464181840419769e-03
8.559496141970157623e-03
8.157369680702686310e-03
8.292322978377342224e-03
8.213978260755538940e-03
8.586055599153041840e-03
8.326631039381027222e-03
8.348343893885612488e-03
8.031309582293033600e-03
8.186073042452335358e-03
8.207439444959163666e-03
8.239915594458580017e-03
8.052077144384384155e-03
8.209988474845886230e-03
8.192102424800395966e-03
8.160912431776523590e-03
8.077386766672134399e-03
8.111341856420040131e-03
8.244615048170089722e-03
8.097625337541103363e-03
8.918226696550846100e-03
8.027039468288421631e-03
8.895155042409896851e-03
8.215367794036865234e-03
8.286802098155021667e-03
8.838558569550514221e-03
8.191670291125774384e-03
8.107997477054595947e-03
8.017838001251220703e-03
8.195303380489349365e-03
8.261406794190406799e-03
8.411448448896408081e-03
8.084448054432868958e-03
7.955392822623252869e-03
7.933278568089008331e-03
8.333409205079078674e-03
8.099253289401531219e-03
7.964301854372024536e-03
8.344961330294609070e-03
8.078239858150482178e-03
8.019237779080867767e-03
7.958509959280490875e-03
7.910909131169319153e-03
7.932549342513084412e-03
8.139126934111118317e-03
8.083594031631946564e-03
8.777916431427001953e-03
8.026236668229103088e-03
8.047216571867465973e-03
8.373900316655635834e-03
8.255997672677040100e-03
7.950952276587486267e-03
8.042889647185802460e-03
7.912823930382728577e-03
8.364819921553134918e-03
7.966705597937107086e-03
8.596561849117279053e-03
8.616791106760501862e-03
8.002231828868389130e-03
8.047795854508876801e-03
7.902598008513450623e-03
8.033348247408866882e-03
7.914516143500804901e-03
8.057040162384510040e-03
8.011592552065849304e-03
7.975355722010135651e-03
8.013623766601085663e-03
8.020170964300632477e-03
8.204404264688491821e-03
8.171556517481803894e-03
7.986184209585189819e-03
8.623793721199035645e-03
7.973164319992065430e-03
8.172176778316497803e-03
8.031282573938369751e-03
8.294945582747459412e-03
8.169703185558319092e-03
8.052821271121501923e-03
8.064871653914451599e-03
7.874370552599430084e-03
8.096596226096153259e-03
8.296712301671504974e-03
8.176180534064769745e-03
8.196798153221607208e-03
7.926378399133682251e-03
7.967581041157245636e-03
8.412760682404041290e-03
8.150246925652027130e-03
8.036485873162746429e-03
8.404452353715896606e-03
8.170853368937969208e-03
7.880585268139839172e-03
8.037836290895938873e-03
7.918775081634521484e-03
8.264526724815368652e-03
8.211064152419567108e-03
7.912800647318363190e-03
8.237314410507678986e-03
8.234149776399135590e-03
8.265861310064792633e-03
8.282156661152839661e-03
8.349204435944557190e-03
8.092691190540790558e-03
8.412048220634460449e-03
7.901232689619064331e-03
8.252284489572048187e-03
7.962331175804138184e-03
8.108298294246196747e-03
7.919047027826309204e-03
7.934849709272384644e-03
7.882154546678066254e-03
8.533985354006290436e-03
8.090515621006488800e-03
8.263894356787204742e-03
7.793627679347991943e-03
8.226873353123664856e-03
7.819553837180137634e-03
8.163706399500370026e-03
8.268231526017189026e-03
8.405973203480243683e-03
7.980411872267723083e-03
8.570275269448757172e-03
8.601686917245388031e-03
8.018106222152709961e-03
7.915133610367774963e-03
8.262660354375839233e-03
8.038706146180629730e-03
8.091472089290618896e-03
7.840030826628208160e-03
7.959700189530849457e-03
8.009598590433597565e-03
7.987603545188903809e-03
8.001220412552356720e-03
8.084452711045742035e-03
8.189775981009006500e-03
7.937917485833168030e-03
8.015000261366367340e-03
8.052299730479717255e-03
7.974280044436454773e-03
7.959453389048576355e-03
8.385200984776020050e-03
8.396756835281848907e-03
8.364991284906864166e-03
8.204417303204536438e-03
8.316389285027980804e-03
8.263595402240753174e-03
7.887238636612892151e-03
8.061219938099384308e-03
7.853926159441471100e-03
7.945964112877845764e-03
7.832739502191543579e-03
7.857095450162887573e-03
8.219301700592041016e-03
8.090913295745849609e-03
7.983724586665630341e-03
8.182110264897346497e-03
8.422548882663249969e-03
7.979269139468669891e-03
7.977151311933994293e-03
7.894008420407772064e-03
8.379168808460235596e-03
8.002311922609806061e-03
8.131800219416618347e-03
7.886962033808231354e-03
8.066130802035331726e-03
7.809020578861236572e-03
8.116709999740123749e-03
7.885655388236045837e-03
7.950928993523120880e-03
7.872408255934715271e-03
8.012184873223304749e-03
7.833887822926044464e-03
7.782939821481704712e-03
8.585485629737377167e-03
7.950855419039726257e-03
7.999434135854244232e-03
8.170046843588352203e-03
8.120050653815269470e-03
8.577228523790836334e-03
7.952474988996982574e-03
8.067506365478038788e-03
8.222111500799655914e-03
8.054352365434169769e-03
8.006021380424499512e-03
8.060020394623279572e-03
7.786626461893320084e-03
7.873333059251308441e-03
8.155471645295619965e-03
7.844259962439537048e-03
7.996142841875553131e-03
8.281821385025978088e-03
8.226978592574596405e-03
7.876725867390632629e-03
8.040064945816993713e-03
7.931135594844818115e-03
8.381140418350696564e-03
8.304708637297153473e-03
8.079828694462776184e-03
7.827333174645900726e-03
7.906241342425346375e-03
8.367128670215606689e-03
7.898851297795772552e-03
7.958673872053623199e-03
7.723005488514900208e-03
8.045955561101436615e-03
8.283353410661220551e-03
8.382866159081459045e-03
7.741782348603010178e-03
7.980937138199806213e-03
8.016069419682025909e-03
7.875733077526092529e-03
7.883167825639247894e-03
7.952698506414890289e-03
8.268166333436965942e-03
7.892436347901821136e-03
8.085726760327816010e-03
8.330781944096088409e-03
7.913118228316307068e-03
7.940903306007385254e-03
7.875629700720310211e-03
8.070368319749832153e-03
7.865875028073787689e-03
7.710989098995923996e-03
8.058999665081501007e-03
7.917364127933979034e-03
8.258588612079620361e-03
8.180016651749610901e-03
7.796761579811573029e-03
8.099178783595561981e-03
7.822679355740547180e-03
7.804810069501399994e-03
7.796243764460086823e-03
8.006081916391849518e-03
7.746634539216756821e-03
8.237547241151332855e-03
7.942832075059413910e-03
8.533609099686145782e-03
8.330697193741798401e-03
7.841581478714942932e-03
7.965279743075370789e-03
8.788902312517166138e-03
7.967701181769371033e-03
7.802010513842105865e-03
7.745509035885334015e-03
7.809054572135210037e-03
8.831702172756195068e-03
7.988426834344863892e-03
7.835626602172851562e-03
7.744421251118183136e-03
7.935719564557075500e-03
8.112196810543537140e-03
8.021459914743900299e-03
8.082801476120948792e-03
7.926887832581996918e-03
8.214576169848442078e-03
8.153116330504417419e-03
7.992655970156192780e-03
7.886935025453567505e-03
7.955099456012248993e-03
8.274870924651622772e-03
8.295340463519096375e-03
7.813217118382453918e-03
7.922803051769733429e-03
7.819319143891334534e-03
8.144648745656013489e-03
7.826112210750579834e-03
7.882708683609962463e-03
7.945732213556766510e-03
8.382610976696014404e-03
8.462664671242237091e-03
7.779287174344062805e-03
7.832001894712448120e-03
7.828561589121818542e-03
7.919980213046073914e-03
7.726498413830995560e-03
8.226616308093070984e-03
8.223854005336761475e-03
7.817879319190979004e-03
7.953374646604061127e-03
7.928100414574146271e-03
7.742702960968017578e-03
7.771916687488555908e-03
7.926486432552337646e-03
7.898778654634952545e-03
7.856143638491630554e-03
7.982254028320312500e-03
7.822356186807155609e-03
7.704860530793666840e-03
7.939941249787807465e-03
8.026777766644954681e-03
7.805734407156705856e-03
7.989870384335517883e-03
7.782064843922853470e-03
7.791245821863412857e-03
7.939898408949375153e-03
7.808557245880365372e-03
7.866471074521541595e-03
8.458336815237998962e-03
7.879856973886489868e-03
7.717129308730363846e-03
7.720628753304481506e-03
7.760925684124231339e-03
7.723127491772174835e-03
7.955353707075119019e-03
7.750159595161676407e-03
7.694253232330083847e-03
8.416962809860706329e-03
7.827914319932460785e-03
7.821673527359962463e-03
7.887575775384902954e-03
7.917852140963077545e-03
7.966365665197372437e-03
7.901112549006938934e-03
7.748445495963096619e-03
7.835026830434799194e-03
7.925894111394882202e-03
7.773907855153083801e-03
7.716258522123098373e-03
7.610823493450880051e-03
8.181106299161911011e-03
8.250017650425434113e-03
8.302542380988597870e-03
7.755201309919357300e-03
8.089214563369750977e-03
7.799000479280948639e-03
7.871586829423904419e-03
7.705891039222478867e-03
7.715680170804262161e-03
7.906400598585605621e-03
7.678669877350330353e-03
7.609623949974775314e-03
7.893745787441730499e-03
7.721855770796537399e-03
8.047944866120815277e-03
7.846128195524215698e-03
7.725157309323549271e-03
7.765295449644327164e-03
8.007402531802654266e-03
8.276586420834064484e-03
8.491882123053073883e-03
8.439906872808933258e-03
8.018199354410171509e-03
7.926219142973423004e-03
7.956567220389842987e-03
7.903741672635078430e-03
8.151052519679069519e-03
7.762503810226917267e-03
8.065266534686088562e-03
7.967013865709304810e-03
7.733381353318691254e-03
7.801248691976070404e-03
7.933559827506542206e-03
7.697472348809242249e-03
7.815339602530002594e-03
7.875281386077404022e-03
7.844910956919193268e-03
7.707837969064712524e-03
7.983792573213577271e-03
8.634184487164020538e-03
7.853194139897823334e-03
7.865995168685913086e-03
7.659213617444038391e-03
7.901981472969055176e-03
7.687398232519626617e-03
8.024587295949459076e-03
8.407182991504669189e-03
7.825081236660480499e-03
7.821015082299709320e-03
7.899485528469085693e-03
7.753212936222553253e-03
8.010219782590866089e-03
7.649671752005815506e-03
7.665749639272689819e-03
7.844127714633941650e-03
7.621429860591888428e-03
8.182539604604244232e-03
7.709878962486982346e-03
7.825250737369060516e-03
8.076298050582408905e-03
8.039813488721847534e-03
7.799464277923107147e-03
7.904574275016784668e-03
8.224213495850563049e-03
7.742668502032756805e-03
7.879959419369697571e-03
8.128422312438488007e-03
7.847347296774387360e-03
8.438940159976482391e-03
7.973846979439258575e-03
7.902148179709911346e-03
7.732724770903587341e-03
7.643051911145448685e-03
7.917039096355438232e-03
8.046155795454978943e-03
7.614460308104753494e-03
7.660367991775274277e-03
7.738657761365175247e-03
7.908001542091369629e-03
7.695848587900400162e-03
7.752926088869571686e-03
8.104716427624225616e-03
7.625093217939138412e-03
7.745369337499141693e-03
7.725210394710302353e-03
7.793758530169725418e-03
8.361428044736385345e-03
7.805936969816684723e-03
8.020189590752124786e-03
7.648114114999771118e-03
7.882584817707538605e-03
7.685008458793163300e-03
7.781345397233963013e-03
8.230644278228282928e-03
7.805073633790016174e-03
8.084316737949848175e-03
7.849717512726783752e-03
7.574503310024738312e-03
8.635506033897399902e-03
8.023109287023544312e-03
8.051359094679355621e-03
7.721895352005958557e-03
7.797593250870704651e-03
7.791473530232906342e-03
7.713766302913427353e-03
7.734856568276882172e-03
7.735706865787506104e-03
7.565483450889587402e-03
7.615082431584596634e-03
7.677821908146142960e-03
7.673027459532022476e-03
7.801664993166923523e-03
8.290875703096389771e-03
7.885439321398735046e-03
7.669435348361730576e-03
8.029477670788764954e-03
7.773160003125667572e-03
7.982353679835796356e-03
7.918001152575016022e-03
7.610981818288564682e-03
7.604403886944055557e-03
7.760461885482072830e-03
7.680168841034173965e-03
7.617820519953966141e-03
7.926059886813163757e-03
8.256915025413036346e-03
7.725317962467670441e-03
7.933461107313632965e-03
7.737450767308473587e-03
7.644737605005502701e-03
8.024579845368862152e-03
7.662519346922636032e-03
7.656525820493698120e-03
7.802225649356842041e-03
7.698595523834228516e-03
7.960338145494461060e-03
7.604815997183322906e-03
7.782210595905780792e-03
7.576445583254098892e-03
7.971658371388912201e-03
7.819538936018943787e-03
7.647053804248571396e-03
7.737760432064533234e-03
7.952223531901836395e-03
7.828794419765472412e-03
8.596777915954589844e-03
8.127972483634948730e-03
7.798302453011274338e-03
7.812236901372671127e-03
8.278489112854003906e-03
7.813634350895881653e-03
7.574172690510749817e-03
7.894029840826988220e-03
7.807757705450057983e-03
7.893185131251811981e-03
8.242673240602016449e-03
7.679347414523363113e-03
7.896765135228633881e-03
7.665777113288640976e-03
8.142885752022266388e-03
7.666262332350015640e-03
7.791146636009216309e-03
7.658163085579872131e-03
7.566900458186864853e-03
7.839391008019447327e-03
7.779974024742841721e-03
7.727578282356262207e-03
7.560124155133962631e-03
7.657365407794713974e-03
7.875118404626846313e-03
8.132523857057094574e-03
7.772165816277265549e-03
7.873119786381721497e-03
7.929212413728237152e-03
7.679823786020278931e-03
7.814122363924980164e-03
7.642824668437242508e-03
7.785491645336151123e-03
7.631083484739065170e-03
7.634797133505344391e-03
7.626883219927549362e-03
7.587840780615806580e-03
7.551488000899553299e-03
7.649163249880075455e-03
7.508503273129463196e-03
7.635859772562980652e-03
7.800029125064611435e-03
7.748505100607872009e-03
7.884806022047996521e-03
8.034645579755306244e-03
8.301951922476291656e-03
7.774816360324621201e-03
7.898662239313125610e-03
8.052660152316093445e-03
7.880578748881816864e-03
7.775478996336460114e-03
7.682383060455322266e-03
7.750304881483316422e-03
7.762840483337640762e-03
7.708119694143533707e-03
8.135574869811534882e-03
7.532035466283559799e-03
7.849548012018203735e-03
8.064528927206993103e-03
7.567548658698797226e-03
7.588601671159267426e-03
7.599379401654005051e-03
7.801320869475603104e-03
7.829654961824417114e-03
7.633714936673641205e-03
7.813724689185619354e-03
7.568684872239828110e-03
8.139718323945999146e-03
8.169262669980525970e-03
7.854226045310497284e-03
7.664654869586229324e-03
7.592440117150545120e-03
7.725379429757595062e-03
7.807611487805843353e-03
8.133213035762310028e-03
7.849913090467453003e-03
7.682859897613525391e-03
7.554269861429929733e-03
7.624878082424402237e-03
7.651731837540864944e-03
7.713964208960533142e-03
7.535968907177448273e-03
7.495051249861717224e-03
7.729320786893367767e-03
7.540824357420206070e-03
7.859426550567150116e-03
7.958033122122287750e-03
7.782196160405874252e-03
7.631869520992040634e-03
7.559009362012147903e-03
7.519132923334836960e-03
8.504341356456279755e-03
7.656317669898271561e-03
7.508069276809692383e-03
7.766662631183862686e-03
7.569918874651193619e-03
7.593735121190547943e-03
7.532647345215082169e-03
8.008493110537528992e-03
7.724024821072816849e-03
7.678312715142965317e-03
8.423569612205028534e-03
8.389686234295368195e-03
7.652427069842815399e-03
7.693657185882329941e-03
7.956080138683319092e-03
7.449862547218799591e-03
7.657471578568220139e-03
7.558866869658231735e-03
7.567320484668016434e-03
7.758490275591611862e-03
7.710655219852924347e-03
7.603257428854703903e-03
7.989412173628807068e-03
7.654484361410140991e-03
7.594403810799121857e-03
8.139495737850666046e-03
8.080426603555679321e-03
7.868177257478237152e-03
7.674557622522115707e-03
7.540893740952014923e-03
7.680383045226335526e-03
7.786618545651435852e-03
8.102606981992721558e-03
7.587756495922803879e-03
7.846084423363208771e-03
7.894019596278667450e-03
7.762057706713676453e-03
7.568129338324069977e-03
7.631391752511262894e-03
7.559007499366998672e-03
7.543769199401140213e-03
7.453186437487602234e-03
7.797500584274530411e-03
7.880683988332748413e-03
7.724423427134752274e-03
7.783830631524324417e-03
7.473052479326725006e-03
7.560507394373416901e-03
8.065529167652130127e-03
7.589740213006734848e-03
7.629379164427518845e-03
7.815832272171974182e-03
7.490416523069143295e-03
7.832996547222137451e-03
7.785677444189786911e-03
7.729395758360624313e-03
7.488170638680458069e-03
8.103413507342338562e-03
7.551410701125860214e-03
7.885643281042575836e-03
7.921264506876468658e-03
7.721753325313329697e-03
7.563706953078508377e-03
7.489074952900409698e-03
7.763285189867019653e-03
7.713553030043840408e-03
7.766998372972011566e-03
7.698555011302232742e-03
7.840139791369438171e-03
7.846131920814514160e-03
7.776836398988962173e-03
7.763695437461137772e-03
7.739851716905832291e-03
7.680846378207206726e-03
7.837811484932899475e-03
7.638211827725172043e-03
7.485993672162294388e-03
7.468272466212511063e-03
7.624403573572635651e-03
7.811032235622406006e-03
7.915326394140720367e-03
8.415172807872295380e-03
7.472516503185033798e-03
7.858670316636562347e-03
7.713560014963150024e-03
7.782961241900920868e-03
7.598699536174535751e-03
7.649392355233430862e-03
7.520126178860664368e-03
8.015765808522701263e-03
7.932266220450401306e-03
7.597534451633691788e-03
7.478945422917604446e-03
7.917239330708980560e-03
7.509096991270780563e-03
8.228489197790622711e-03
7.663617841899394989e-03
7.666054181754589081e-03
7.629796396940946579e-03
8.409940637648105621e-03
7.405753247439861298e-03
7.493944372981786728e-03
8.015608415007591248e-03
7.665788754820823669e-03
8.357075974345207214e-03
7.700160145759582520e-03
7.721854839473962784e-03
7.783047389239072800e-03
7.950586266815662384e-03
7.526892703026533127e-03
7.412337232381105423e-03
7.507814560085535049e-03
7.994572632014751434e-03
7.981006056070327759e-03
7.731352932751178741e-03
7.704141549766063690e-03
7.397276349365711212e-03
7.662837859243154526e-03
7.924905046820640564e-03
7.819572463631629944e-03
8.168899454176425934e-03
7.806532550603151321e-03
7.703018374741077423e-03
7.740100845694541931e-03
7.793788332492113113e-03
7.849617861211299896e-03
7.895940914750099182e-03
7.488450035452842712e-03
7.380396593362092972e-03
7.887686602771282196e-03
7.365711033344268799e-03
7.481236010789871216e-03
7.524467539042234421e-03
7.657564245164394379e-03
7.972617633640766144e-03
7.529265712946653366e-03
7.644906174391508102e-03
7.459698710590600967e-03
7.706479635089635849e-03
7.568938657641410828e-03
8.484514430165290833e-03
8.099975995719432831e-03
7.583393715322017670e-03
7.558494340628385544e-03
7.498201914131641388e-03
7.465122267603874207e-03
7.409917190670967102e-03
7.738837506622076035e-03
7.675722707062959671e-03
7.586314808577299118e-03
7.715462241321802139e-03
7.662889547646045685e-03
7.869462482631206512e-03
7.664109580218791962e-03
7.711610756814479828e-03
7.799766957759857178e-03
7.691288832575082779e-03
8.083665743470191956e-03
7.854263298213481903e-03
7.421840447932481766e-03
7.389735896140336990e-03
7.373963482677936554e-03
7.556192576885223389e-03
7.904790341854095459e-03
7.633303292095661163e-03
7.604126352816820145e-03
7.720274850726127625e-03
7.475684862583875656e-03
7.541000843048095703e-03
7.430375088006258011e-03
7.590978406369686127e-03
7.572294212877750397e-03
7.577906362712383270e-03
7.895926013588905334e-03
7.646417710930109024e-03
7.438774220645427704e-03
7.775107864290475845e-03
7.485282607376575470e-03
7.626492530107498169e-03
7.492090575397014618e-03
7.408141624182462692e-03
7.390613202005624771e-03
7.575085852295160294e-03
7.625274825841188431e-03
7.970194332301616669e-03
7.787409238517284393e-03
7.521407678723335266e-03
7.468104362487792969e-03
7.588379085063934326e-03
7.963722571730613708e-03
8.017553016543388367e-03
7.565975189208984375e-03
7.882825098931789398e-03
7.421591319143772125e-03
7.487052120268344879e-03
7.677565328776836395e-03
7.731768768280744553e-03
7.432357408106327057e-03
7.589105982333421707e-03
7.586845662444829941e-03
7.596630137413740158e-03
7.393289823085069656e-03
7.487589959055185318e-03
7.587047759443521500e-03
7.517827674746513367e-03
7.409295532852411270e-03
7.520420011132955551e-03
8.027428761124610901e-03
7.835527881979942322e-03
8.412040770053863525e-03
8.217125199735164642e-03
7.786483969539403915e-03
7.445279043167829514e-03
7.462074514478445053e-03
7.613473106175661087e-03
7.354611996561288834e-03
7.588533218950033188e-03
7.485377136617898941e-03
7.597780320793390274e-03
7.805419620126485825e-03
8.095729164779186249e-03
7.776747457683086395e-03
7.689908612519502640e-03
7.633840199559926987e-03
7.479899097234010696e-03
7.514159660786390305e-03
7.370271719992160797e-03
7.506263907998800278e-03
7.372279651463031769e-03
7.873682305216789246e-03
7.384986616671085358e-03
7.517718710005283356e-03
7.700587622821331024e-03
7.889389991760253906e-03
7.717838045209646225e-03
7.832347415387630463e-03
7.775215432047843933e-03
7.601062301546335220e-03
7.555015385150909424e-03
7.389667443931102753e-03
7.665208540856838226e-03
7.520484272390604019e-03
7.689115591347217560e-03
7.475902326405048370e-03
7.572175469249486923e-03
7.637861650437116623e-03
7.673507090657949448e-03
7.363718003034591675e-03
7.466914597898721695e-03
7.323889061808586121e-03
7.525735534727573395e-03
7.366398815065622330e-03
7.381225936114788055e-03
7.377505768090486526e-03
7.646322716027498245e-03
7.980160415172576904e-03
8.008953183889389038e-03
7.351952604949474335e-03
7.883694022893905640e-03
8.017606101930141449e-03
7.369325961917638779e-03
7.530832663178443909e-03
7.391866296529769897e-03
7.468387950211763382e-03
7.613220252096652985e-03
7.721820380538702011e-03
7.673532702028751373e-03
7.910599000751972198e-03
7.437387946993112564e-03
7.481573149561882019e-03
7.411474362015724182e-03
7.753351237624883652e-03
7.640731055289506912e-03
7.443153299391269684e-03
7.442039437592029572e-03
7.605499587953090668e-03
8.001809008419513702e-03
7.527478504925966263e-03
7.426550146192312241e-03
7.452926132827997208e-03
7.694316096603870392e-03
7.353560999035835266e-03
8.005255833268165588e-03
7.516580168157815933e-03
7.437474559992551804e-03
7.402265910059213638e-03
7.719035726040601730e-03
7.688961457461118698e-03
7.587212137877941132e-03
7.835074327886104584e-03
7.582963444292545319e-03
7.387934718281030655e-03
7.411610335111618042e-03
7.485516835004091263e-03
7.521791383624076843e-03
7.955039851367473602e-03
7.355350535362958908e-03
7.398374378681182861e-03
7.490870542824268341e-03
7.494506426155567169e-03
7.460723631083965302e-03
7.628375198692083359e-03
7.691167760640382767e-03
7.536314427852630615e-03
7.444996386766433716e-03
7.598984520882368088e-03
7.544655352830886841e-03
7.604564540088176727e-03
7.446184288710355759e-03
7.590701803565025330e-03
7.622865494340658188e-03
7.746442221105098724e-03
7.637451868504285812e-03
7.495799567550420761e-03
7.304900325834751129e-03
8.147421292960643768e-03
7.415436208248138428e-03
7.486118469387292862e-03
7.504058070480823517e-03
7.443418726325035095e-03
8.095380850136280060e-03
7.585580460727214813e-03
8.235735818743705750e-03
7.948544807732105255e-03
7.646250072866678238e-03
7.648067548871040344e-03
7.484440691769123077e-03
7.711257319897413254e-03
7.482613436877727509e-03
7.308025378733873367e-03
7.368427701294422150e-03
7.646701764315366745e-03
7.417353801429271698e-03
7.624292280524969101e-03
7.521086372435092926e-03
7.410890888422727585e-03
7.321854121983051300e-03
7.396446540951728821e-03
8.059786632657051086e-03
7.531054783612489700e-03
7.737077772617340088e-03
7.591166533529758453e-03
7.551317103207111359e-03
7.346114609390497208e-03
7.389944512397050858e-03
7.802970707416534424e-03
7.632377091795206070e-03
7.388949394226074219e-03
7.385671604424715042e-03
7.537399418652057648e-03
7.399037480354309082e-03
7.509859744459390640e-03
7.916107773780822754e-03
7.863150909543037415e-03
7.450725883245468140e-03
7.610181812196969986e-03
7.423838134855031967e-03
7.754814345389604568e-03
7.385908160358667374e-03
7.666988298296928406e-03
7.354816887527704239e-03
7.372370921075344086e-03
7.449067663401365280e-03
7.698438130319118500e-03
8.329211734235286713e-03
7.541036233305931091e-03
8.482323959469795227e-03
7.319821510463953018e-03
7.469290401786565781e-03
8.169507607817649841e-03
7.602654863148927689e-03
7.502503693103790283e-03
7.284456863999366760e-03
7.415827829390764236e-03
7.709615398198366165e-03
7.482526358217000961e-03
7.521081715822219849e-03
7.466713432222604752e-03
7.561824750155210495e-03
7.734801620244979858e-03
7.560406811535358429e-03
7.285555824637413025e-03
7.356659974902868271e-03
7.505474146455526352e-03
7.339528761804103851e-03
7.716016843914985657e-03
7.555139716714620590e-03
7.358652073889970779e-03
7.329353131353855133e-03
7.327936124056577682e-03
8.830895647406578064e-03
7.375052198767662048e-03
7.533302996307611465e-03
7.559753954410552979e-03
7.439347449690103531e-03
7.464716210961341858e-03
7.951346226036548615e-03
7.514688186347484589e-03
7.718420121818780899e-03
7.465911563485860825e-03
7.657352369278669357e-03
7.698420435190200806e-03
7.346202153712511063e-03
7.416776847094297409e-03
7.536673452705144882e-03
7.964310236275196075e-03
7.582981139421463013e-03
7.345590740442276001e-03
7.367359939962625504e-03
7.604632526636123657e-03
7.348462007939815521e-03
8.487461134791374207e-03
7.475639227777719498e-03
7.670335937291383743e-03
7.272901013493537903e-03
7.308105938136577606e-03
7.461245171725749969e-03
7.545325439423322678e-03
7.925303652882575989e-03
7.596737705171108246e-03
7.594709750264883041e-03
7.226973772048950195e-03
7.715280633419752121e-03
7.715764921158552170e-03
7.307982072234153748e-03
7.854133844375610352e-03
8.027095347642898560e-03
7.458887994289398193e-03
7.269855588674545288e-03
7.875604555010795593e-03
7.528954651206731796e-03
7.694749161601066589e-03
7.577060256153345108e-03
7.635394111275672913e-03
8.399742655456066132e-03
7.287717424333095551e-03
7.469817530363798141e-03
7.304272614419460297e-03
7.618852425366640091e-03
8.025390096008777618e-03
7.431381382048130035e-03
7.542014587670564651e-03
7.291550748050212860e-03
7.479739841073751450e-03
7.377534173429012299e-03
7.616688497364521027e-03
7.464444264769554138e-03
7.468531839549541473e-03
7.485692854970693588e-03
7.440058980137109756e-03
7.764009758830070496e-03
7.677389308810234070e-03
7.546798326075077057e-03
7.404354866594076157e-03
7.666280958801507950e-03
7.283253129571676254e-03
7.769105955958366394e-03
7.416605018079280853e-03
7.573921699076890945e-03
7.664840202778577805e-03
7.451957557350397110e-03
7.418982684612274170e-03
7.414647843688726425e-03
7.284416351467370987e-03
7.402294315397739410e-03
7.850592024624347687e-03
7.677508983761072159e-03
7.702705916017293930e-03
7.941438816487789154e-03
7.637259084731340408e-03
7.403214927762746811e-03
7.394668646156787872e-03
7.527803070843219757e-03
7.393466308712959290e-03
7.587071973830461502e-03
7.544841617345809937e-03
7.326162885874509811e-03
7.418598979711532593e-03
7.402278948575258255e-03
7.480261381715536118e-03
7.286457344889640808e-03
7.287585642188787460e-03
7.448941469192504883e-03
7.331035565584897995e-03
7.245169952511787415e-03
7.504984270781278610e-03
7.289334665983915329e-03
7.385798264294862747e-03
7.268919143825769424e-03
7.340993266552686691e-03
7.512375712394714355e-03
7.406162563711404800e-03
7.307861465960741043e-03
7.458968553692102432e-03
7.402826100587844849e-03
7.336661685258150101e-03
7.717323489487171173e-03
7.778353057801723480e-03
7.520515937358140945e-03
7.321731653064489365e-03
8.047100156545639038e-03
7.260287180542945862e-03
7.456046994775533676e-03
7.407551165670156479e-03
7.393160369247198105e-03
7.912482134997844696e-03
7.324988953769207001e-03
7.884982973337173462e-03
7.767374627292156219e-03
7.249200716614723206e-03
7.261103950440883636e-03
7.276271004229784012e-03
7.544619031250476837e-03
7.542611565440893173e-03
7.607897277921438217e-03
7.413845509290695190e-03
7.296822965145111084e-03
7.412103470414876938e-03
7.363486103713512421e-03
7.402222603559494019e-03
7.536607328802347183e-03
7.460315711796283722e-03
7.526817731559276581e-03
7.313385605812072754e-03
7.549188565462827682e-03
7.275520358234643936e-03
7.517960388213396072e-03
7.441304158419370651e-03
7.403231225907802582e-03
7.709062192589044571e-03
7.273047696799039841e-03
7.442948874086141586e-03
7.516097277402877808e-03
7.395049091428518295e-03
7.535574026405811310e-03
7.778634317219257355e-03
7.607156410813331604e-03
7.596270181238651276e-03
7.292518392205238342e-03
7.435071282088756561e-03
7.377724163234233856e-03
7.678713183850049973e-03
7.299123331904411316e-03
7.245167624205350876e-03
7.665338460355997086e-03
7.597961463034152985e-03
7.330349180847406387e-03
7.250564638525247574e-03
7.184161338955163956e-03
7.652853149920701981e-03
7.536818739026784897e-03
7.349387276917695999e-03
7.460509892553091049e-03
7.423441857099533081e-03
7.434547413140535355e-03
7.293745875358581543e-03
7.711414713412523270e-03
7.157497107982635498e-03
7.876244373619556427e-03
7.220210507512092590e-03
7.758594583719968796e-03
7.519663777202367783e-03
7.471969351172447205e-03
7.365853991359472275e-03
7.226407062262296677e-03
7.221117615699768066e-03
7.294036448001861572e-03
7.470922544598579407e-03
7.199204526841640472e-03
7.244552951306104660e-03
7.300021592527627945e-03
7.641993928700685501e-03
7.869844324886798859e-03
7.404999807476997375e-03
7.360644638538360596e-03
7.344350218772888184e-03
7.895926944911479950e-03
7.313525304198265076e-03
7.335451897233724594e-03
7.540464866906404495e-03
7.673911750316619873e-03
7.764379028230905533e-03
7.432053796947002411e-03
7.224435452371835709e-03
7.263243664056062698e-03
7.379096001386642456e-03
7.549186237156391144e-03
7.865201681852340698e-03
7.661724463105201721e-03
7.735509425401687622e-03
7.198776584118604660e-03
8.191685192286968231e-03
7.576227188110351562e-03
7.241623010486364365e-03
7.233103271573781967e-03
7.209690753370523453e-03
7.182617671787738800e-03
7.294131908565759659e-03
7.464663591235876083e-03
7.404689677059650421e-03
7.445691619068384171e-03
8.148498833179473877e-03
7.619290146976709366e-03
7.375191431492567062e-03
7.187070790678262711e-03
7.409225683659315109e-03
7.351452950388193130e-03
7.322266697883605957e-03
7.322498597204685211e-03
7.149100769311189651e-03
7.175905164331197739e-03
7.504977751523256302e-03
7.261614315211772919e-03
7.271916139870882034e-03
7.370948791503906250e-03
7.407789118587970734e-03
7.309950888156890869e-03
7.585402578115463257e-03
7.666690740734338760e-03
7.308702915906906128e-03
7.399263326078653336e-03
7.269434165209531784e-03
7.258114404976367950e-03
7.456279825419187546e-03
7.463015615940093994e-03
7.811470888555049896e-03
7.357310038059949875e-03
7.698224857449531555e-03
8.276826702058315277e-03
7.312712259590625763e-03
7.319577969610691071e-03
7.295649498701095581e-03
7.236267440021038055e-03
7.502252701669931412e-03
7.445063441991806030e-03
7.450986653566360474e-03
7.535232231020927429e-03
7.349826395511627197e-03
7.392157334834337234e-03
7.518897298723459244e-03
7.227711379528045654e-03
7.692518178373575211e-03
7.252250798046588898e-03
7.199885323643684387e-03
7.259086705744266510e-03
7.572288624942302704e-03
7.208560593426227570e-03
7.195214275270700455e-03
8.163227699697017670e-03
7.219448685646057129e-03
7.392161991447210312e-03
7.411783095449209213e-03
7.686058990657329559e-03
7.243063300848007202e-03
7.266088388860225677e-03
7.396951783448457718e-03
7.180206943303346634e-03
7.326997816562652588e-03
7.126703858375549316e-03
7.545885629951953888e-03
7.974179461598396301e-03
7.272330112755298615e-03
7.228150498121976852e-03
8.182924240827560425e-03
7.288388907909393311e-03
7.422694470733404160e-03
7.144041825085878372e-03
7.578233722597360611e-03
7.841155864298343658e-03
7.296176627278327942e-03
7.188661489635705948e-03
7.245368324220180511e-03
7.234834600239992142e-03
7.286507170647382736e-03
8.053315803408622742e-03
7.307921070605516434e-03
7.562389131635427475e-03
7.370533421635627747e-03
7.469056174159049988e-03
7.094986736774444580e-03
7.156162988394498825e-03
7.378754671663045883e-03
7.350830361247062683e-03
7.202719338238239288e-03
7.359620649367570877e-03
7.441961672157049179e-03
7.443064358085393906e-03
7.167527917772531509e-03
7.786038797348737717e-03
7.286529056727886200e-03
7.568924222141504288e-03
7.783792447298765182e-03
7.477391976863145828e-03
7.220580708235502243e-03
7.523570209741592407e-03
7.594461087137460709e-03
7.264570333063602448e-03
7.246697321534156799e-03
7.554418407380580902e-03
7.495454512536525726e-03
7.616889197379350662e-03
7.232832722365856171e-03
7.257622666656970978e-03
7.223236374557018280e-03
7.198104634881019592e-03
7.419338915497064590e-03
7.500442676246166229e-03
7.439303211867809296e-03
7.796927820891141891e-03
7.234006188809871674e-03
7.622725795954465866e-03
7.211187854409217834e-03
7.165615446865558624e-03
7.144980598241090775e-03
7.176011335104703903e-03
7.137889973819255829e-03
7.525109685957431793e-03
7.559160701930522919e-03
7.307963911443948746e-03
7.712523452937602997e-03
7.516135461628437042e-03
7.202306762337684631e-03
7.159211207181215286e-03
7.210107985883951187e-03
7.228487171232700348e-03
7.254271302372217178e-03
7.482359185814857483e-03
7.227919530123472214e-03
7.182275410741567612e-03
7.127665448933839798e-03
7.415614090859889984e-03
7.392426021397113800e-03
7.277718279510736465e-03
7.562005892395973206e-03
7.606305181980133057e-03
7.482503075152635574e-03
7.496181875467300415e-03
7.358941249549388885e-03
7.219390012323856354e-03
8.224505931138992310e-03
7.222230080515146255e-03
7.679348811507225037e-03
7.863596081733703613e-03
7.244400680065155029e-03
7.189916446805000305e-03
7.370115257799625397e-03
7.065282203257083893e-03
7.470740005373954773e-03
7.280798163264989853e-03
7.169099524617195129e-03
7.530567701905965805e-03
7.631544955074787140e-03
7.421542890369892120e-03
7.131741382181644440e-03
7.197357714176177979e-03
7.191973272711038589e-03
7.317471317946910858e-03
7.321001030504703522e-03
7.475142832845449448e-03
7.179615087807178497e-03
7.238971069455146790e-03
7.491380907595157623e-03
7.236175704747438431e-03
7.548260036855936050e-03
7.276863325387239456e-03
7.623990532010793686e-03
7.061714306473731995e-03
7.205665577203035355e-03
7.342841010540723801e-03
7.289011962711811066e-03
7.568637840449810028e-03
7.705682888627052307e-03
7.212493568658828735e-03
7.429802790284156799e-03
7.243689149618148804e-03
7.602194789797067642e-03
7.345390506088733673e-03
7.451896555721759796e-03
7.521521300077438354e-03
7.885312661528587341e-03
7.582783699035644531e-03
7.221690379083156586e-03
7.403824478387832642e-03
7.433792110532522202e-03
7.586194202303886414e-03
7.615562994033098221e-03
7.263287436217069626e-03
7.560910657048225403e-03
8.186086080968379974e-03
7.185529451817274094e-03
7.297838106751441956e-03
7.274041883647441864e-03
7.365359924733638763e-03
7.577986456453800201e-03
7.065326906740665436e-03
7.419910747557878494e-03
7.269042078405618668e-03
7.155530620366334915e-03
7.561660837382078171e-03
7.181805092841386795e-03
7.259048055857419968e-03
7.326280232518911362e-03
7.216180674731731415e-03
7.406105287373065948e-03
7.195257581770420074e-03
7.581796962767839432e-03
7.878293283283710480e-03
7.236658129841089249e-03
7.267093285918235779e-03
7.319687865674495697e-03
7.307597901672124863e-03
7.362974341958761215e-03
7.638892624527215958e-03
7.456989958882331848e-03
7.078815251588821411e-03
7.509173359721899033e-03
7.283620070666074753e-03
7.180536631494760513e-03
7.212502416223287582e-03
7.189440540969371796e-03
7.245821412652730942e-03
7.154361344873905182e-03
7.420166395604610443e-03
7.355965673923492432e-03
7.809780538082122803e-03
7.681348361074924469e-03
7.449925877153873444e-03
8.724500425159931183e-03
7.546174805611371994e-03
7.198280654847621918e-03
7.266515400260686874e-03
7.782639469951391220e-03
7.639505900442600250e-03
7.225502748042345047e-03
7.330275606364011765e-03
7.305770181119441986e-03
7.201944943517446518e-03
7.305281702429056168e-03
7.091742008924484253e-03
7.593521848320960999e-03
7.234018761664628983e-03
7.164467126131057739e-03
7.123461924493312836e-03
7.894276641309261322e-03
7.601653691381216049e-03
7.147324271500110626e-03
7.058839779347181320e-03
7.285579107701778412e-03
7.178398314863443375e-03
7.123490795493125916e-03
7.099369075149297714e-03
7.157709915190935135e-03
7.074089255183935165e-03
7.171454839408397675e-03
8.127044886350631714e-03
7.352299056947231293e-03
7.247091736644506454e-03
7.100135553628206253e-03
7.460945751518011093e-03
7.093540858477354050e-03
7.464297581464052200e-03
7.231980562210083008e-03
7.144747767597436905e-03
7.208711467683315277e-03
7.368903607130050659e-03
7.220411207526922226e-03
7.398684509098529816e-03
7.143381051719188690e-03
7.155266590416431427e-03
7.096028886735439301e-03
7.224231027066707611e-03
7.279020268470048904e-03
7.114655803889036179e-03
7.227163761854171753e-03
7.108123507350683212e-03
7.445325143635272980e-03
7.523852400481700897e-03
7.493327371776103973e-03
7.385753095149993896e-03
7.194389123469591141e-03
7.281028665602207184e-03
7.238432299345731735e-03
7.206967566162347794e-03
7.328801322728395462e-03
7.193986792117357254e-03
7.265199907124042511e-03
7.496242877095937729e-03
7.180828601121902466e-03
7.400524802505970001e-03
7.355675566941499710e-03
7.832699455320835114e-03
7.670138496905565262e-03
7.483608555048704147e-03
7.412119302898645401e-03
7.524051237851381302e-03
7.385929580777883530e-03
7.254143245518207550e-03
7.290129084140062332e-03
7.313033565878868103e-03
7.128400262445211411e-03
7.124654017388820648e-03
7.780412212014198303e-03
7.585916668176651001e-03
7.331862580031156540e-03
7.253431715071201324e-03
7.200037129223346710e-03
7.402877323329448700e-03
7.811842951923608780e-03
7.194058038294315338e-03
7.194648031145334244e-03
7.384746335446834564e-03
7.133822888135910034e-03
7.139391731470823288e-03
7.166157942265272141e-03
7.378102745860815048e-03
7.029030937701463699e-03
7.607580162584781647e-03
7.468889933079481125e-03
7.085408549755811691e-03
7.400208152830600739e-03
7.361505646258592606e-03
7.166235707700252533e-03
7.740045432001352310e-03
7.635085377842187881e-03
7.189500611275434494e-03
7.466924376785755157e-03
7.283895742148160934e-03
7.191805634647607803e-03
7.093828171491622925e-03
7.208492141216993332e-03
7.200201973319053650e-03
7.399871014058589935e-03
7.449551951140165329e-03
7.210100069642066956e-03
7.394976448267698288e-03
7.397525943815708160e-03
7.050468586385250092e-03
7.322367280721664429e-03
7.264480926096439362e-03
7.016160525381565094e-03
7.391286082565784454e-03
7.470177952200174332e-03
7.604227401316165924e-03
7.598713040351867676e-03
7.065789774060249329e-03
7.272775284945964813e-03
7.178033702075481415e-03
7.502498105168342590e-03
7.223637308925390244e-03
7.130500860512256622e-03
7.328851614147424698e-03
8.259660564363002777e-03
7.195899263024330139e-03
7.452622987329959869e-03
7.131489925086498260e-03
7.234977092593908310e-03
7.566052023321390152e-03
7.538868114352226257e-03
7.798976264894008636e-03
7.418435066938400269e-03
7.216536905616521835e-03
7.362986914813518524e-03
7.155006285756826401e-03
7.691981736570596695e-03
7.135758176445960999e-03
7.321642246097326279e-03
7.345820777118206024e-03
7.566048298031091690e-03
7.253098767250776291e-03
7.669108919799327850e-03
7.785358931869268417e-03
7.168884389102458954e-03
7.403347175568342209e-03
7.094553671777248383e-03
7.321158889681100845e-03
7.222278509289026260e-03
7.072051521390676498e-03
7.044589612632989883e-03
7.268414832651615143e-03
8.010256104171276093e-03
7.108669262379407883e-03
7.082593627274036407e-03
7.370039820671081543e-03
7.055568043142557144e-03
7.048029918223619461e-03
7.462173234671354294e-03
7.294722367078065872e-03
7.212273310869932175e-03
7.063429336994886398e-03
7.066196296364068985e-03
7.279430981725454330e-03
7.258337922394275665e-03
7.123175542801618576e-03
7.137692533433437347e-03
7.235408294945955276e-03
7.095941808074712753e-03
7.402600720524787903e-03
7.347140461206436157e-03
7.147183641791343689e-03
7.158235181123018265e-03
7.205720059573650360e-03
7.490310352295637131e-03
7.469663396477699280e-03
7.460173685103654861e-03
7.657220587134361267e-03
7.453195285052061081e-03
7.176144048571586609e-03
7.330642081797122955e-03
7.197075989097356796e-03
7.893261499702930450e-03
7.442544680088758469e-03
7.612001150846481323e-03
7.052349392324686050e-03
7.100712507963180542e-03
7.087928242981433868e-03
7.490090560168027878e-03
7.169040385633707047e-03
7.034002803266048431e-03
7.417072542011737823e-03
7.090833038091659546e-03
7.103265263140201569e-03
7.171753328293561935e-03
7.185556925833225250e-03
7.390068843960762024e-03
8.104713633656501770e-03
7.740687578916549683e-03
7.203398738056421280e-03
7.525315508246421814e-03
7.099024951457977295e-03
7.278405595570802689e-03
7.292319089174270630e-03
7.107469718903303146e-03
7.039173506200313568e-03
7.114470936357975006e-03
7.078473456203937531e-03
7.191552780568599701e-03
8.206142112612724304e-03
7.210750132799148560e-03
7.159761618822813034e-03
7.275245152413845062e-03
7.861033082008361816e-03
7.719143759459257126e-03
7.362397387623786926e-03
7.123581133782863617e-03
7.285076659172773361e-03
7.115993648767471313e-03
7.505891844630241394e-03
7.224977016448974609e-03
7.176572922617197037e-03
7.088278885930776596e-03
7.228808943182229996e-03
7.417991291731595993e-03
7.332572247833013535e-03
7.227354217320680618e-03
7.130720652639865875e-03
7.045644801110029221e-03
7.360478397458791733e-03
7.275602780282497406e-03
7.220644969493150711e-03
7.108654826879501343e-03
6.981008686125278473e-03
7.096658460795879364e-03
7.385852746665477753e-03
7.166773546487092972e-03
7.173951715230941772e-03
7.206022273749113083e-03
7.178250700235366821e-03
7.719063665717840195e-03
7.059816736727952957e-03
7.302572485059499741e-03
7.509309332817792892e-03
7.446642033755779266e-03
7.188281044363975525e-03
7.353904657065868378e-03
7.485640700906515121e-03
7.219254039227962494e-03
7.081715390086174011e-03
7.130839396268129349e-03
7.238619495183229446e-03
7.278504315763711929e-03
7.205223664641380310e-03
7.042109034955501556e-03
7.032495457679033279e-03
7.070471066981554031e-03
7.388917729258537292e-03
7.230463437736034393e-03
7.020558696240186691e-03
7.059816736727952957e-03
7.180093787610530853e-03
7.140763103961944580e-03
7.381769828498363495e-03
7.245647255331277847e-03
7.291127461940050125e-03
7.066088728606700897e-03
7.294808048754930496e-03
7.279615849256515503e-03
7.165604736655950546e-03
8.061027154326438904e-03
7.438270840793848038e-03
7.032742723822593689e-03
7.407563738524913788e-03
7.020398043096065521e-03
7.364151068031787872e-03
7.668250240385532379e-03
7.085124496370553970e-03
7.176612969487905502e-03
7.235044147819280624e-03
7.203530054539442062e-03
7.142239715903997421e-03
7.121650967746973038e-03
6.993805989623069763e-03
7.136289961636066437e-03
7.268477231264114380e-03
7.096779998391866684e-03
7.239105179905891418e-03
7.105077616870403290e-03
7.157302461564540863e-03
7.060586474835872650e-03
7.067501079291105270e-03
7.381102070212364197e-03
7.265181746333837509e-03
7.164843380451202393e-03
7.082462310791015625e-03
7.546356879174709320e-03
7.148719858378171921e-03
7.142110727727413177e-03
7.075729779899120331e-03
7.447869516909122467e-03
7.829893380403518677e-03
7.282483391463756561e-03
7.422861177474260330e-03
7.328191772103309631e-03
7.410543970763683319e-03
7.143919821828603745e-03
7.302776910364627838e-03
7.585030514746904373e-03
7.493918295949697495e-03
7.131621707230806351e-03
7.278631441295146942e-03
7.334947586059570312e-03
7.486177142709493637e-03
7.408953737467527390e-03
7.357380352914333344e-03
7.168299518525600433e-03
7.146518677473068237e-03
7.257479242980480194e-03
7.388444617390632629e-03
6.979400292038917542e-03
7.087616715580224991e-03
7.037556730210781097e-03
7.298832759261131287e-03
7.093259599059820175e-03
7.630641572177410126e-03
7.059918250888586044e-03
7.345781195908784866e-03
7.368593476712703705e-03
7.070442195981740952e-03
7.458358071744441986e-03
7.212091702967882156e-03
7.424976211041212082e-03
7.095700129866600037e-03
7.006765343248844147e-03
7.337314076721668243e-03
7.219591643661260605e-03
7.119994610548019409e-03
7.549327798187732697e-03
7.156605832278728485e-03
7.178301922976970673e-03
7.011414039880037308e-03
7.282544393092393875e-03
7.962003350257873535e-03
7.350139785557985306e-03
7.298792712390422821e-03
7.113654632121324539e-03
6.972755305469036102e-03
7.117617409676313400e-03
7.181206718087196350e-03
7.065411191433668137e-03
7.055252790451049805e-03
7.397030014544725418e-03
7.334013935178518295e-03
7.064134348183870316e-03
7.271008566021919250e-03
7.648854516446590424e-03
7.946161553263664246e-03
7.072176784276962280e-03
7.380051072686910629e-03
6.957307923585176468e-03
6.978597491979598999e-03
7.255163975059986115e-03
7.602733559906482697e-03
7.198227103799581528e-03
7.057821378111839294e-03
7.186909671872854233e-03
7.214114535599946976e-03
7.113045081496238708e-03
8.042673580348491669e-03
6.975441239774227142e-03
7.293849252164363861e-03
7.147535681724548340e-03
7.021924480795860291e-03
6.961518432945013046e-03
7.117062341421842575e-03
6.985950749367475510e-03
7.000363431870937347e-03
7.233874406665563583e-03
7.021960336714982986e-03
6.978595629334449768e-03
7.008948363363742828e-03
8.095677010715007782e-03
7.489379961043596268e-03
7.254155352711677551e-03
7.331945467740297318e-03
7.012743037194013596e-03
7.335974369198083878e-03
7.142128422856330872e-03
7.063455879688262939e-03
7.184481713920831680e-03
7.102244067937135696e-03
7.065413519740104675e-03
7.502393331378698349e-03
7.353167515248060226e-03
7.021282333880662918e-03
7.348000071942806244e-03
7.059171330183744431e-03
7.014130707830190659e-03
7.049703970551490784e-03
7.407199591398239136e-03
7.104293908923864365e-03
7.094638422131538391e-03
7.413266226649284363e-03
7.333343848586082458e-03
7.129728794097900391e-03
7.094166707247495651e-03
7.061873096972703934e-03
7.140778936445713043e-03
6.970510352402925491e-03
7.067933678627014160e-03
6.961379200220108032e-03
7.193039637058973312e-03
7.377389818429946899e-03
7.202901877462863922e-03
7.082841824740171432e-03
7.200694642961025238e-03
7.220843806862831116e-03
7.047066930681467056e-03
7.124277297407388687e-03
7.062037009745836258e-03
7.166184950619935989e-03
7.412055972963571548e-03
7.338890340179204941e-03
7.274885661900043488e-03
7.057558745145797729e-03
6.967447232455015182e-03
7.706964854151010513e-03
7.441345136612653732e-03
7.140166126191616058e-03
6.981464102864265442e-03
7.636243011802434921e-03
7.835805416107177734e-03
7.181105669587850571e-03
7.195377256721258163e-03
7.033753208816051483e-03
7.101769093424081802e-03
7.432862184941768646e-03
7.890676148235797882e-03
7.253916934132575989e-03
7.547873072326183319e-03
7.151250727474689484e-03
7.169149350374937057e-03
7.396977394819259644e-03
6.930595263838768005e-03
7.445418275892734528e-03
7.237870246171951294e-03
7.329501677304506302e-03
7.318374235183000565e-03
7.284869439899921417e-03
7.402247283607721329e-03
7.301831152290105820e-03
6.921699736267328262e-03
7.100479677319526672e-03
6.990393158048391342e-03
7.125229574739933014e-03
7.049406412988901138e-03
7.352761924266815186e-03
7.145706564188003540e-03
7.051751483231782913e-03
7.071361877024173737e-03
7.003479171544313431e-03
6.997675169259309769e-03
7.033490575850009918e-03
7.934258319437503815e-03
7.213126402348279953e-03
7.034333422780036926e-03
7.391035091131925583e-03
7.032196037471294403e-03
7.307584863156080246e-03
7.581845857203006744e-03
7.326843217015266418e-03
6.993064656853675842e-03
7.172734476625919342e-03
7.009494118392467499e-03
7.046201266348361969e-03
7.500940468162298203e-03
7.209816481918096542e-03
7.033111527562141418e-03
7.313252426683902740e-03
7.141397334635257721e-03
6.934925913810729980e-03
7.300588302314281464e-03
7.108766119927167892e-03
7.410526741296052933e-03
7.076839450746774673e-03
7.116037886589765549e-03
7.094494067132472992e-03
7.404929026961326599e-03
6.989716552197933197e-03
7.471157703548669815e-03
7.318100892007350922e-03
7.034822832792997360e-03
7.205537520349025726e-03
7.288144435733556747e-03
7.228009868413209915e-03
7.836597971618175507e-03
7.130704354494810104e-03
7.015455979853868484e-03
7.378367241472005844e-03
7.175648584961891174e-03
7.087972015142440796e-03
7.305260747671127319e-03
7.147538010030984879e-03
7.135039195418357849e-03
6.906662136316299438e-03
7.199460174888372421e-03
7.197514176368713379e-03
7.330780848860740662e-03
7.112951483577489853e-03
7.086405530571937561e-03
7.057552225887775421e-03
7.205169647932052612e-03
7.332748267799615860e-03
7.071735337376594543e-03
6.976555567234754562e-03
7.211761083453893661e-03
7.068622391670942307e-03
7.112876512110233307e-03
7.451787590980529785e-03
8.222513832151889801e-03
7.379893679171800613e-03
7.110464386641979218e-03
6.978922057896852493e-03
7.262497674673795700e-03
7.107900921255350113e-03
7.365731056779623032e-03
6.945714354515075684e-03
7.086148485541343689e-03
7.117328234016895294e-03
7.148222532123327255e-03
7.004156243056058884e-03
7.258453406393527985e-03
6.993801333010196686e-03
6.876023020595312119e-03
7.063046563416719437e-03
7.109298836439847946e-03
7.603927515447139740e-03
7.102099712938070297e-03
7.050063926726579666e-03
7.124493364244699478e-03
7.268936838954687119e-03
6.962527520954608917e-03
7.032899651676416397e-03
7.017434574663639069e-03
7.494471501559019089e-03
7.198297884315252304e-03
7.232737727463245392e-03
6.941482890397310257e-03
7.038762327283620834e-03
7.267376873642206192e-03
7.208060938864946365e-03
6.973825860768556595e-03
7.193122059106826782e-03
6.887324620038270950e-03
7.201327942311763763e-03
6.966485176235437393e-03
7.225244771689176559e-03
7.554350886493921280e-03
7.246299646794795990e-03
7.160212378948926926e-03
6.971842143684625626e-03
7.323093246668577194e-03
7.135905791074037552e-03
7.484896108508110046e-03
7.014019880443811417e-03
7.069771178066730499e-03
6.920210085809230804e-03
7.079777773469686508e-03
7.216011174023151398e-03
7.011373061686754227e-03
7.123218383640050888e-03
8.299537934362888336e-03
7.504093460738658905e-03
7.292399182915687561e-03
7.276357151567935944e-03
7.110886275768280029e-03
7.077844813466072083e-03
6.906649097800254822e-03
6.959377322345972061e-03
8.020600304007530212e-03
7.143021561205387115e-03
7.209211587905883789e-03
7.244706619530916214e-03
7.335342466831207275e-03
7.822520099580287933e-03
6.905092392116785049e-03
7.283864542841911316e-03
7.000255864113569260e-03
7.109210360795259476e-03
7.342258468270301819e-03
6.952285300940275192e-03
7.133400067687034607e-03
7.101062219589948654e-03
7.086444180458784103e-03
7.250830996781587601e-03
7.463451009243726730e-03
7.786832749843597412e-03
7.223168853670358658e-03
7.286984007805585861e-03
7.120913825929164886e-03
7.072165142744779587e-03
6.917674560099840164e-03
6.988617591559886932e-03
7.238809950649738312e-03
7.647108286619186401e-03
7.128112018108367920e-03
6.988400127738714218e-03
7.131367921829223633e-03
7.495074532926082611e-03
7.347782608121633530e-03
7.198053412139415741e-03
7.456087972968816757e-03
7.441694848239421844e-03
7.166300434619188309e-03
7.002801168709993362e-03
7.156889420002698898e-03
7.155643776059150696e-03
7.383258081972599030e-03
6.983632221817970276e-03
7.234187796711921692e-03
7.419623900204896927e-03
7.102061994373798370e-03
7.052238099277019501e-03
7.484112400561571121e-03
6.992700044065713882e-03
6.887362804263830185e-03
6.999125238507986069e-03
7.383493240922689438e-03
7.239670027047395706e-03
7.020439021289348602e-03
6.959215737879276276e-03
7.014869712293148041e-03
7.039568852633237839e-03
7.520589511841535568e-03
7.210796698927879333e-03
7.398786954581737518e-03
7.022252772003412247e-03
7.400265429168939590e-03
7.187025155872106552e-03
7.247147615998983383e-03
6.949366070330142975e-03
6.899728439748287201e-03
6.901886314153671265e-03
6.952717434614896774e-03
6.991031114012002945e-03
7.611515931785106659e-03
7.239035796374082565e-03
7.058470975607633591e-03
6.930730305612087250e-03
7.224774453788995743e-03
7.149730809032917023e-03
6.912253797054290771e-03
7.110354490578174591e-03
7.306245621293783188e-03
7.675078231841325760e-03
6.920164916664361954e-03
7.056340109556913376e-03
7.058599963784217834e-03
7.722264621406793594e-03
7.233039941638708115e-03
7.317489478737115860e-03
6.989947520196437836e-03
6.896048318594694138e-03
6.965955719351768494e-03
6.974675226956605911e-03
7.159007713198661804e-03
7.077469024807214737e-03
6.923903711140155792e-03
7.012363057583570480e-03
7.071831729263067245e-03
7.640102412551641464e-03
7.138314656913280487e-03
7.080592215061187744e-03
6.908490322530269623e-03
7.220917381346225739e-03
7.120239082723855972e-03
7.124205119907855988e-03
7.301248610019683838e-03
6.986725144088268280e-03
7.095485925674438477e-03
7.022184785455465317e-03
6.981442682445049286e-03
7.402946241199970245e-03
7.141544949263334274e-03
7.076671347022056580e-03
7.010545581579208374e-03
6.912029348313808441e-03
6.932364311069250107e-03
7.240042556077241898e-03
7.221343461424112320e-03
7.023720070719718933e-03
6.920268293470144272e-03
7.125891745090484619e-03
6.975866854190826416e-03
6.984576117247343063e-03
7.092712447047233582e-03
7.341719698160886765e-03
6.964305415749549866e-03
7.571329362690448761e-03
7.760389707982540131e-03
7.223159074783325195e-03
7.236480247229337692e-03
7.007495500147342682e-03
6.931690499186515808e-03
7.213744334876537323e-03
6.975951604545116425e-03
7.050512824207544327e-03
7.495231926441192627e-03
6.964291911572217941e-03
6.955274846404790878e-03
7.096627261489629745e-03
7.274222560226917267e-03
6.939813029021024704e-03
6.985235027968883514e-03
7.042694836854934692e-03
6.906670983880758286e-03
7.559307385236024857e-03
7.289592176675796509e-03
6.987371016293764114e-03
7.083757780492305756e-03
7.076583802700042725e-03
6.887512281537055969e-03
7.022339850664138794e-03
7.118114270269870758e-03
6.876939442008733749e-03
7.416850421577692032e-03
6.836094893515110016e-03
7.411770056933164597e-03
7.093306630849838257e-03
6.945026107132434845e-03
6.942091975361108780e-03
7.201026193797588348e-03
6.983775645494461060e-03
7.419216446578502655e-03
7.056140340864658356e-03
6.982460152357816696e-03
7.165638729929924011e-03
7.100853137671947479e-03
7.097734138369560242e-03
7.134462241083383560e-03
7.159474771469831467e-03
7.192349992692470551e-03
7.304219529032707214e-03
7.572257891297340393e-03
7.234875112771987915e-03
6.965394597500562668e-03
6.932332646101713181e-03
6.873411592096090317e-03
7.745552808046340942e-03
6.892696488648653030e-03
6.965869572013616562e-03
7.091433741152286530e-03
6.918811239302158356e-03
7.008228451013565063e-03
7.288210559636354446e-03
6.984567735344171524e-03
7.110250182449817657e-03
7.236006204038858414e-03
7.139118388295173645e-03
7.011111825704574585e-03
7.374688051640987396e-03
7.018615491688251495e-03
6.934557575732469559e-03
6.916197948157787323e-03
6.945823784917593002e-03
7.269295863807201385e-03
7.660307921469211578e-03
7.988117635250091553e-03
6.924174260348081589e-03
7.436211220920085907e-03
6.942961830645799637e-03
6.980374921113252640e-03
7.244803942739963531e-03
7.074664812535047531e-03
7.117580622434616089e-03
7.181593216955661774e-03
7.042013574391603470e-03
7.327439263463020325e-03
7.332961540669202805e-03
6.863653194159269333e-03
7.317608688026666641e-03
7.469739764928817749e-03
7.127697579562664032e-03
6.924591027200222015e-03
6.843419745564460754e-03
7.430218625813722610e-03
7.130459416657686234e-03
6.848265882581472397e-03
6.930767558515071869e-03
7.337397895753383636e-03
7.032019551843404770e-03
7.235883269459009171e-03
6.953141186386346817e-03
7.045049220323562622e-03
7.259920239448547363e-03
7.350223138928413391e-03
7.304763887077569962e-03
6.970290560275316238e-03
7.423486094921827316e-03
7.330888416618108749e-03
6.914302241057157516e-03
7.099903188645839691e-03
7.121331989765167236e-03
7.268747314810752869e-03
7.381299044936895370e-03
7.413086481392383575e-03
7.244747132062911987e-03
7.315800990909337997e-03
6.996975280344486237e-03
6.903878878802061081e-03
6.882013753056526184e-03
6.846236996352672577e-03
6.929903291165828705e-03
6.883270107209682465e-03
7.108170539140701294e-03
7.098189555108547211e-03
8.377310819923877716e-03
7.415127940475940704e-03
7.008576765656471252e-03
6.907966919243335724e-03
7.125563919544219971e-03
7.128763943910598755e-03
6.969253532588481903e-03
7.196658756583929062e-03
7.233701646327972412e-03
7.080692797899246216e-03
7.313069887459278107e-03
7.316933479160070419e-03
6.938378326594829559e-03
7.343293167650699615e-03
7.420113310217857361e-03
7.253681309521198273e-03
6.939460989087820053e-03
7.094646338373422623e-03
7.233085576444864273e-03
6.981709506362676620e-03
7.133803330361843109e-03
7.079653907567262650e-03
7.052113302052021027e-03
7.557996083050966263e-03
7.012973539531230927e-03
7.329729385673999786e-03
6.955098360776901245e-03
6.943696178495883942e-03
7.100846152752637863e-03
7.335594855248928070e-03
7.337007205933332443e-03
7.062288932502269745e-03
7.038007024675607681e-03
7.116914726793766022e-03
7.007518317550420761e-03
7.875607348978519440e-03
7.145131938159465790e-03
6.888117175549268723e-03
7.193591911345720291e-03
6.969750393182039261e-03
7.113549858331680298e-03
6.988974753767251968e-03
6.929388735443353653e-03
6.928743794560432434e-03
6.909645162522792816e-03
7.160224486142396927e-03
6.950920913368463516e-03
7.045652251690626144e-03
7.124434690922498703e-03
6.911843549460172653e-03
7.103323005139827728e-03
7.534071803092956543e-03
6.976084318011999130e-03
7.032144814729690552e-03
7.174682337790727615e-03
6.905463058501482010e-03
6.962901446968317032e-03
6.893318612128496170e-03
7.193706929683685303e-03
6.880040746182203293e-03
7.021629251539707184e-03
7.027581334114074707e-03
6.976171862334012985e-03
7.124091032892465591e-03
7.243770640343427658e-03
7.045221049338579178e-03
7.010384462773799896e-03
7.003821432590484619e-03
7.266832049936056137e-03
7.433879189193248749e-03
6.908445619046688080e-03
6.990644615143537521e-03
7.070113439112901688e-03
7.475834805518388748e-03
7.091060746461153030e-03
7.395606487989425659e-03
6.961890496313571930e-03
7.088835351169109344e-03
6.987973116338253021e-03
7.496204227209091187e-03
7.204724010080099106e-03
7.107527926564216614e-03
7.262014318257570267e-03
7.052252069115638733e-03
7.129333447664976120e-03
7.026103325188159943e-03
6.903985049575567245e-03
6.976386066526174545e-03
7.424557581543922424e-03
7.167762611061334610e-03
7.404426112771034241e-03
6.988789420574903488e-03
6.878642830997705460e-03
7.028411608189344406e-03
6.857641972601413727e-03
7.044033147394657135e-03
6.797615904361009598e-03
6.852997932583093643e-03
6.827432662248611450e-03
7.305745966732501984e-03
7.750435732305049896e-03
7.305931765586137772e-03
7.195597048848867416e-03
7.476973347365856171e-03
6.866777781397104263e-03
6.975071504712104797e-03
7.230320945382118225e-03
7.159915287047624588e-03
7.141650188714265823e-03
7.295687217265367508e-03
6.975634489208459854e-03
6.789043080061674118e-03
7.147218566387891769e-03
7.036094088107347488e-03
6.911277305334806442e-03
6.872327066957950592e-03
6.984443403780460358e-03
7.785905618220567703e-03
7.476239930838346481e-03
7.000304292887449265e-03
7.002256810665130615e-03
6.778988055884838104e-03
7.350614760071039200e-03
6.979342550039291382e-03
7.145318202674388885e-03
6.971339695155620575e-03
6.939625367522239685e-03
6.860884837806224823e-03
7.145635318011045456e-03
7.009804714471101761e-03
7.085927296429872513e-03
6.863560527563095093e-03
7.164187263697385788e-03
7.051313295960426331e-03
7.135740481317043304e-03
6.974434480071067810e-03
7.391734980046749115e-03
6.921045947819948196e-03
6.935433018952608109e-03
6.959069054573774338e-03
7.032082881778478622e-03
6.993344053626060486e-03
7.519024424254894257e-03
6.927824113517999649e-03
7.096560206264257431e-03
6.977325305342674255e-03
6.785437930375337601e-03
6.826305296272039413e-03
6.923865526914596558e-03
7.352476939558982849e-03
7.723875809460878372e-03
6.936815567314624786e-03
6.843976210802793503e-03
7.192612159997224808e-03
7.208902854472398758e-03
7.141782902181148529e-03
7.142114918678998947e-03
7.015402894467115402e-03
6.989652756601572037e-03
7.281058933585882187e-03
7.399668451398611069e-03
6.927765905857086182e-03
7.249881979078054428e-03
7.147244643419981003e-03
6.985110230743885040e-03
7.279544137418270111e-03
6.949547678232192993e-03
7.176230661571025848e-03
6.993725430220365524e-03
7.020000368356704712e-03
7.025771774351596832e-03
7.236882578581571579e-03
7.082696072757244110e-03
7.005217019468545914e-03
6.789723876863718033e-03
6.955684628337621689e-03
7.388432975858449936e-03
7.396616972982883453e-03
7.398521527647972107e-03
6.970793940126895905e-03
6.930932402610778809e-03
6.865206640213727951e-03
6.987569853663444519e-03
7.160620298236608505e-03
7.602440193295478821e-03
7.192146498709917068e-03
7.187319453805685043e-03
7.176722865551710129e-03
6.948103662580251694e-03
6.969692651182413101e-03
6.896500941365957260e-03
7.027765735983848572e-03
6.884624715894460678e-03
7.558069657534360886e-03
7.144441828131675720e-03
6.972691509872674942e-03
7.447293028235435486e-03
7.323298137634992599e-03
6.969758309423923492e-03
7.324308622628450394e-03
6.854707375168800354e-03
7.033141329884529114e-03
6.943993736058473587e-03
6.838820874691009521e-03
6.830328609794378281e-03
7.046087179332971573e-03
7.662346586585044861e-03
7.150599267333745956e-03
7.076630834490060806e-03
6.951679009944200516e-03
7.066236808896064758e-03
7.014368660748004913e-03
6.982802879065275192e-03
7.137939799576997757e-03
6.803872063755989075e-03
7.045410573482513428e-03
6.832828745245933533e-03
6.990593392401933670e-03
6.866803858429193497e-03
6.809391081333160400e-03
7.196190766990184784e-03
6.972830742597579956e-03
6.877254229038953781e-03
6.847421173006296158e-03
7.042090408504009247e-03
6.813257467001676559e-03
6.945128086954355240e-03
6.837341003119945526e-03
7.388107478618621826e-03
6.818156223744153976e-03
7.513959426432847977e-03
6.912420038133859634e-03
6.970920599997043610e-03
7.050590123981237411e-03
7.054006215184926987e-03
7.091837469488382339e-03
7.046022452414035797e-03
6.884241476655006409e-03
6.847587414085865021e-03
7.146944757550954819e-03
6.956719327718019485e-03
7.242939434945583344e-03
7.096974179148674011e-03
6.902084220200777054e-03
6.953466217964887619e-03
6.761826109141111374e-03
6.979702040553092957e-03
6.967549212276935577e-03
6.816304288804531097e-03
7.195299025624990463e-03
7.082084193825721741e-03
6.820185575634241104e-03
7.328338921070098877e-03
6.952716037631034851e-03
6.822586990892887115e-03
7.288660388439893723e-03
7.342779543250799179e-03
7.049300707876682281e-03
6.942553445696830750e-03
6.981675513088703156e-03
7.165310438722372055e-03
6.963693071156740189e-03
7.096376270055770874e-03
7.084381766617298126e-03
6.954918615520000458e-03
6.932316347956657410e-03
7.174028549343347549e-03
6.817852146923542023e-03
6.961384322494268417e-03
7.252518553286790848e-03
7.471726275980472565e-03
6.900927983224391937e-03
6.897380575537681580e-03
7.177613209933042526e-03
6.966175977140665054e-03
6.876220926642417908e-03
6.886647082865238190e-03
7.365857716649770737e-03
6.744681391865015030e-03
6.907253526151180267e-03
7.062163203954696655e-03
7.053959183394908905e-03
6.891231518238782883e-03
7.006987463682889938e-03
6.999960634857416153e-03
7.102446630597114563e-03
7.260738871991634369e-03
7.042345125228166580e-03
6.868090014904737473e-03
7.116376422345638275e-03
7.027140818536281586e-03
7.100235670804977417e-03
6.981203798204660416e-03
7.144892122596502304e-03
7.097349502146244049e-03
6.751724053174257278e-03
7.151977159082889557e-03
7.449900265783071518e-03
6.863127462565898895e-03
7.041796110570430756e-03
6.843470502644777298e-03
7.048670668154954910e-03
6.895145401358604431e-03
7.096577435731887817e-03
6.875853054225444794e-03
7.085841149091720581e-03
6.753485184162855148e-03
6.805199198424816132e-03
6.847285199910402298e-03
6.921558175235986710e-03
7.427678909152746201e-03
7.250538561493158340e-03
6.976598873734474182e-03
7.358225062489509583e-03
7.345169316977262497e-03
7.285583764314651489e-03
6.910479161888360977e-03
6.955463904887437820e-03
7.054853718727827072e-03
6.866830866783857346e-03
6.975509226322174072e-03
6.976238917559385300e-03
7.082437630742788315e-03
7.014703005552291870e-03
7.430057972669601440e-03
6.814496126025915146e-03
6.875748746097087860e-03
6.891531404107809067e-03
7.467397488653659821e-03
7.287939079105854034e-03
7.022872567176818848e-03
7.033221423625946045e-03
6.948404479771852493e-03
6.943869404494762421e-03
7.413637824356555939e-03
6.797626148909330368e-03
7.426028139889240265e-03
6.965586915612220764e-03
6.827530451118946075e-03
6.850175559520721436e-03
6.875391118228435516e-03
7.025124039500951767e-03
7.119472138583660126e-03
6.860350258648395538e-03
6.780336145311594009e-03
6.848004646599292755e-03
6.735907867550849915e-03
7.190452888607978821e-03
6.941349245607852936e-03
6.921431515365839005e-03
7.233734708279371262e-03
6.936660502105951309e-03
7.110266014933586121e-03
7.381788920611143112e-03
7.112145889550447464e-03
7.170257624238729477e-03
7.190861273556947708e-03
6.789338309317827225e-03
7.130871992558240891e-03
7.149807177484035492e-03
6.919761188328266144e-03
6.980516016483306885e-03
7.033093366771936417e-03
7.083794567734003067e-03
7.072365842759609222e-03
7.005034480243921280e-03
6.980035454034805298e-03
7.472134195268154144e-03
6.939264945685863495e-03
6.973225623369216919e-03
6.920408457517623901e-03
6.761162541806697845e-03
7.087965961545705795e-03
7.315929979085922241e-03
7.149623241275548935e-03
6.910750176757574081e-03
6.908728275448083878e-03
6.877283565700054169e-03
7.250402588397264481e-03
6.762604229152202606e-03
6.845282390713691711e-03
7.127240300178527832e-03
7.341756951063871384e-03
7.117286790162324905e-03
7.436933927237987518e-03
6.818750873208045959e-03
7.329871412366628647e-03
6.786437239497900009e-03
6.797481328248977661e-03
7.044366095215082169e-03
7.086174096912145615e-03
6.772626657038927078e-03
7.297433447092771530e-03
7.040564902126789093e-03
6.998109631240367889e-03
7.030721753835678101e-03
7.022762671113014221e-03
7.306603714823722839e-03
6.914613302797079086e-03
7.370340172201395035e-03
6.769544910639524460e-03
7.337654940783977509e-03
6.905153859406709671e-03
6.909791845828294754e-03
6.992843467742204666e-03
6.804587319493293762e-03
6.947596557438373566e-03
6.931542884558439255e-03
6.995878648012876511e-03
6.846637930721044540e-03
7.157764863222837448e-03
6.920740939676761627e-03
7.124398369342088699e-03
6.827509496361017227e-03
6.939566694200038910e-03
6.840225309133529663e-03
6.879688706248998642e-03
7.029907312244176865e-03
7.370384875684976578e-03
7.357327267527580261e-03
7.046318612992763519e-03
6.869961041957139969e-03
7.075063884258270264e-03
6.900836247950792313e-03
6.919134408235549927e-03
6.723877973854541779e-03
6.747612264007329941e-03
7.302229292690753937e-03
7.204263005405664444e-03
6.987539120018482208e-03
6.845190189778804779e-03
6.790078245103359222e-03
7.133076898753643036e-03
6.847319658845663071e-03
6.898475345224142075e-03
7.320263888686895370e-03
7.378394249826669693e-03
7.067279890179634094e-03
6.940698251128196716e-03
6.856379564851522446e-03
6.891826633363962173e-03
6.889064796268939972e-03
6.888669449836015701e-03
6.940507330000400543e-03
6.895030383020639420e-03
7.998974062502384186e-03
7.093013729900121689e-03
7.130505982786417007e-03
7.321674842387437820e-03
7.411457132548093796e-03
6.933014374226331711e-03
6.902816705405712128e-03
7.127456367015838623e-03
6.881834939122200012e-03
7.083150558173656464e-03
7.212898228317499161e-03
6.740413606166839600e-03
6.860879249870777130e-03
7.106734905391931534e-03
6.906564813107252121e-03
6.802046671509742737e-03
6.903938483446836472e-03
7.141028065234422684e-03
6.735018454492092133e-03
7.046028040349483490e-03
7.053041830658912659e-03
6.976650096476078033e-03
6.918947212398052216e-03
6.767520681023597717e-03
7.014730479568243027e-03
7.096595596522092819e-03
6.933689117431640625e-03
6.820836570113897324e-03
6.896018516272306442e-03
6.988700944930315018e-03
6.842476781457662582e-03
6.892227102071046829e-03
6.947859190404415131e-03
6.917670369148254395e-03
6.787154823541641235e-03
6.946030072867870331e-03
6.849301047623157501e-03
6.977043114602565765e-03
6.982909981161355972e-03
7.037068251520395279e-03
6.765483878552913666e-03
6.923659704625606537e-03
6.769871804863214493e-03
7.009846623986959457e-03
6.982277613133192062e-03
7.002173457294702530e-03
6.819289643317461014e-03
6.694519426673650742e-03
7.386635988950729370e-03
6.815138738602399826e-03
6.815208587795495987e-03
6.802297662943601608e-03
6.852432619780302048e-03
7.218233309686183929e-03
6.871636025607585907e-03
6.887440104037523270e-03
7.101641502231359482e-03
6.755257491022348404e-03
7.043805904686450958e-03
7.190268021076917648e-03
7.249510381370782852e-03
7.209826260805130005e-03
6.776511203497648239e-03
6.833843886852264404e-03
6.909582298249006271e-03
6.989937741309404373e-03
6.799079943448305130e-03
6.782211363315582275e-03
7.003612816333770752e-03
7.270625792443752289e-03
6.840784102678298950e-03
7.773862220346927643e-03
7.239839062094688416e-03
6.704872939735651016e-03
7.024832069873809814e-03
7.142590824514627457e-03
7.131893187761306763e-03
6.916718091815710068e-03
7.058539427816867828e-03
6.820664741098880768e-03
6.849843543022871017e-03
6.871911231428384781e-03
7.144434843212366104e-03
7.276251446455717087e-03
7.208622992038726807e-03
6.896168459206819534e-03
6.723102647811174393e-03
6.920764688402414322e-03
6.861427798867225647e-03
6.788996979594230652e-03
6.784930359572172165e-03
6.823418196290731430e-03
6.821819115430116653e-03
7.284516468644142151e-03
7.090036757290363312e-03
7.167917676270008087e-03
7.471013348549604416e-03
6.875568069517612457e-03
6.970828399062156677e-03
6.811917293816804886e-03
6.789996288716793060e-03
6.857118569314479828e-03
6.874203681945800781e-03
7.107639219611883163e-03
7.089481689035892487e-03
7.148418109863996506e-03
6.840350572019815445e-03
7.231719791889190674e-03
7.206626236438751221e-03
6.750992499291896820e-03
6.850017234683036804e-03
6.822963710874319077e-03
6.995365954935550690e-03
6.751507520675659180e-03
6.938152946531772614e-03
7.004577666521072388e-03
6.684671156108379364e-03
6.994345691055059433e-03
7.082549855113029480e-03
7.405020296573638916e-03
7.393617182970046997e-03
7.622877135872840881e-03
7.080197799950838089e-03
6.777136120945215225e-03
6.884427275508642197e-03
7.029370870441198349e-03
6.999516393989324570e-03
7.332053966820240021e-03
7.087345235049724579e-03
6.714561488479375839e-03
6.978418678045272827e-03
6.782776676118373871e-03
6.852037273347377777e-03
6.973873358219861984e-03
6.982753518968820572e-03
7.601093966513872147e-03
6.693281698971986771e-03
6.769255269318819046e-03
7.569936569780111313e-03
7.093907799571752548e-03
6.814613938331604004e-03
6.954933516681194305e-03
6.918362807482481003e-03
6.786022800952196121e-03
7.001479621976613998e-03
6.767548620700836182e-03
6.781537551432847977e-03
7.134742569178342819e-03
6.824746727943420410e-03
7.234688382595777512e-03
7.131879683583974838e-03
6.965542677789926529e-03
6.777469534426927567e-03
6.876055616885423660e-03
6.872493773698806763e-03
6.750928238034248352e-03
6.904749665409326553e-03
6.775506772100925446e-03
6.750243715941905975e-03
6.740183569490909576e-03
6.809540092945098877e-03
6.943993736058473587e-03
7.246739231050014496e-03
6.748875603079795837e-03
6.847558543086051941e-03
7.261869031935930252e-03
7.035930640995502472e-03
7.090683560818433762e-03
6.825546268373727798e-03
7.210623472929000854e-03
6.806834135204553604e-03
7.107953540980815887e-03
6.863508839160203934e-03
6.774349603801965714e-03
6.755994167178869247e-03
7.274189032614231110e-03
7.034997455775737762e-03
7.399063091725111008e-03
6.919638719409704208e-03
6.955501623451709747e-03
6.806105840951204300e-03
7.566945161670446396e-03
6.956590339541435242e-03
6.979056168347597122e-03
6.746651139110326767e-03
6.801891606301069260e-03
6.926372647285461426e-03
7.014974020421504974e-03
6.861459463834762573e-03
7.056334987282752991e-03
7.009276188910007477e-03
6.764197722077369690e-03
6.885796785354614258e-03
6.925018504261970520e-03
6.703987251967191696e-03
6.745432037860155106e-03
7.546582724899053574e-03
7.215377409011125565e-03
6.823193281888961792e-03
6.773644126951694489e-03
6.866056937724351883e-03
7.056434638798236847e-03
6.769712548702955246e-03
6.730502471327781677e-03
6.978288292884826660e-03
6.705734878778457642e-03
7.186403963714838028e-03
6.867259275168180466e-03
7.060613017529249191e-03
7.167805451899766922e-03
6.905517075210809708e-03
6.946948822587728500e-03
7.567789405584335327e-03
7.262460421770811081e-03
6.876922678202390671e-03
6.800684146583080292e-03
7.008349988609552383e-03
6.924128159880638123e-03
6.846757140010595322e-03
6.924429908394813538e-03
6.780783180147409439e-03
6.771913729608058929e-03
6.896597333252429962e-03
6.943684071302413940e-03
6.834943313151597977e-03
6.772866472601890564e-03
7.653330452740192413e-03
6.875699386000633240e-03
6.754499394446611404e-03
6.804268807172775269e-03
6.720062810927629471e-03
7.053554989397525787e-03
6.982645951211452484e-03
6.877794861793518066e-03
6.762399338185787201e-03
6.938831880688667297e-03
6.870216690003871918e-03
6.908617448061704636e-03
7.054010406136512756e-03
6.828441750258207321e-03
6.692721042782068253e-03
7.399726659059524536e-03
7.583845872431993484e-03
6.840417627245187759e-03
6.836125627160072327e-03
6.723140832036733627e-03
6.820204202085733414e-03
6.906482391059398651e-03
6.840545218437910080e-03
7.016708143055438995e-03
6.775184068828821182e-03
6.784429308027029037e-03
6.751365959644317627e-03
7.404214702546596527e-03
6.729318760335445404e-03
7.676879875361919403e-03
6.760716903954744339e-03
6.783119868487119675e-03
6.734211929142475128e-03
7.407436612993478775e-03
6.687663029879331589e-03
7.246146909892559052e-03
6.809337995946407318e-03
6.748796906322240829e-03
6.906344089657068253e-03
6.822261493653059006e-03
7.007949985563755035e-03
7.027733139693737030e-03
7.030939217656850815e-03
6.851294543594121933e-03
6.915388163179159164e-03
7.119843270629644394e-03
7.139277644455432892e-03
7.022658828645944595e-03
6.804052740335464478e-03
6.899103987962007523e-03
6.874679122120141983e-03
7.296144030988216400e-03
7.152987178415060043e-03
6.792589090764522552e-03
6.989508401602506638e-03
6.917607504874467850e-03
7.280868478119373322e-03
6.994477473199367523e-03
6.766261998564004898e-03
6.829482037574052811e-03
7.004787679761648178e-03
6.839845329523086548e-03
6.865944713354110718e-03
7.246405817568302155e-03
7.430694065988063812e-03
6.925907917320728302e-03
6.836317945271730423e-03
6.828091572970151901e-03
6.693165283650159836e-03
7.158635649830102921e-03
6.895800586789846420e-03
6.887881550937891006e-03
6.898197811096906662e-03
6.910664960741996765e-03
6.683214101940393448e-03
7.079524453729391098e-03
6.776887457817792892e-03
6.707048043608665466e-03
6.792839616537094116e-03
6.930577568709850311e-03
6.881433539092540741e-03
7.164794486016035080e-03
6.816505454480648041e-03
6.868095602840185165e-03
6.689261645078659058e-03
6.880520842969417572e-03
6.915185134857892990e-03
6.905607879161834717e-03
6.699391640722751617e-03
6.875338964164257050e-03
6.983001250773668289e-03
7.043857127428054810e-03
6.885972805321216583e-03
6.892916280776262283e-03
6.788318045437335968e-03
6.816147360950708389e-03
7.061787415295839310e-03
7.065426558256149292e-03
6.844127085059881210e-03
6.871361751109361649e-03
6.734968628734350204e-03
6.812863051891326904e-03
6.849797908216714859e-03
6.878962274640798569e-03
6.908448878675699234e-03
6.684189196676015854e-03
6.676509976387023926e-03
6.723927799612283707e-03
6.775304209440946579e-03
6.868592929095029831e-03
7.088775280863046646e-03
6.914203055202960968e-03
7.161039859056472778e-03
6.753452587872743607e-03
6.991275586187839508e-03
6.972305011004209518e-03
6.847847718745470047e-03
6.749511696398258209e-03
6.692041177302598953e-03
7.010329514741897583e-03
6.929594557732343674e-03
6.670248694717884064e-03
6.632755510509014130e-03
7.035458460450172424e-03
6.904058158397674561e-03
6.688304711133241653e-03
6.789865903556346893e-03
7.016479969024658203e-03
6.858937907963991165e-03
7.148589007556438446e-03
7.094922475516796112e-03
6.748267449438571930e-03
6.979319266974925995e-03
7.179005537182092667e-03
6.876855157315731049e-03
8.023211732506752014e-03
7.378096226602792740e-03
6.914100144058465958e-03
6.899401545524597168e-03
6.731317844241857529e-03
6.674221251159906387e-03
6.928431801497936249e-03
6.884782109409570694e-03
6.780976429581642151e-03
6.663805339485406876e-03
6.689956411719322205e-03
7.143026683479547501e-03
7.170721888542175293e-03
6.908371113240718842e-03
7.186516653746366501e-03
6.935350596904754639e-03
6.947877816855907440e-03
6.793366745114326477e-03
6.979394238442182541e-03
6.806312128901481628e-03
6.838238798081874847e-03
6.824636366218328476e-03
6.764552090317010880e-03
6.768381223082542419e-03
6.763552315533161163e-03
6.752677261829376221e-03
7.030724082142114639e-03
6.907264702022075653e-03
6.742355879396200180e-03
7.121862377971410751e-03
6.757942028343677521e-03
7.123295217752456665e-03
6.706123240292072296e-03
6.686259992420673370e-03
7.169756572693586349e-03
7.003752049058675766e-03
6.913314107805490494e-03
6.798223126679658890e-03
7.036968600004911423e-03
6.786627694964408875e-03
6.767482031136751175e-03
7.077505812048912048e-03
7.369124796241521835e-03
6.956273689866065979e-03
6.879895459860563278e-03
6.797043140977621078e-03
6.851888261735439301e-03
6.846541538834571838e-03
6.791115272790193558e-03
7.170085329562425613e-03
6.721382495015859604e-03
6.912564858794212341e-03
6.893053650856018066e-03
6.919049657881259918e-03
7.018668577075004578e-03
6.808543577790260315e-03
6.687072105705738068e-03
7.101752795279026031e-03
7.002511061728000641e-03
7.054632529616355896e-03
7.328511681407690048e-03
6.985306739807128906e-03
6.693116389214992523e-03
6.895951461046934128e-03
6.843406241387128830e-03
6.860600318759679794e-03
7.082279305905103683e-03
6.709523033350706100e-03
6.743190810084342957e-03
6.943941581994295120e-03
7.024973165243864059e-03
6.748999003320932388e-03
6.715377327054738998e-03
7.062573451548814774e-03
6.709464825689792633e-03
6.828120443969964981e-03
7.085721474140882492e-03
6.843118462711572647e-03
6.695596035569906235e-03
6.631582044064998627e-03
6.861884612590074539e-03
6.924140267074108124e-03
6.897203624248504639e-03
7.155744358897209167e-03
6.782007869333028793e-03
6.940177176147699356e-03
7.178151980042457581e-03
6.974154151976108551e-03
6.742615718394517899e-03
6.905377376824617386e-03
6.814143154770135880e-03
6.934704724699258804e-03
6.841741967946290970e-03
6.804578006267547607e-03
6.874963641166687012e-03
7.055974099785089493e-03
6.738649215549230576e-03
6.839894689619541168e-03
6.880546454340219498e-03
6.730057299137115479e-03
7.148040458559989929e-03
7.441488560289144516e-03
6.939672399312257767e-03
7.143024355173110962e-03
6.902392487972974777e-03
6.795455235987901688e-03
6.710698828101158142e-03
7.107781711965799332e-03
7.071155589073896408e-03
7.140370085835456848e-03
6.863609887659549713e-03
6.654224824160337448e-03
7.094326429069042206e-03
6.855105049908161163e-03
6.884384434670209885e-03
6.926544476300477982e-03
6.874614860862493515e-03
6.801486015319824219e-03
6.727906875312328339e-03
6.778361741453409195e-03
6.761022843420505524e-03
7.078754249960184097e-03
6.877974607050418854e-03
6.974024232476949692e-03
6.850425619632005692e-03
6.770592182874679565e-03
6.739821750670671463e-03
6.677223369479179382e-03
6.770326290279626846e-03
6.811738945543766022e-03
6.946947891265153885e-03
7.114432752132415771e-03
6.714144255965948105e-03
7.022643461823463440e-03
7.085754070430994034e-03
6.817353423684835434e-03
7.060213480144739151e-03
6.887903437018394470e-03
7.735986262559890747e-03
6.708471570163965225e-03
6.915044505149126053e-03
6.751143373548984528e-03
6.758082658052444458e-03
6.759900134056806564e-03
6.681644357740879059e-03
6.704073864966630936e-03
6.889601238071918488e-03
6.796014029532670975e-03
6.777768954634666443e-03
6.919520441442728043e-03
6.801707204431295395e-03
6.658398546278476715e-03
6.904853042215108871e-03
6.761940196156501770e-03
7.106463424861431122e-03
6.728997454047203064e-03
7.096201647073030472e-03
6.589792668819427490e-03
6.593182217329740524e-03
6.931053474545478821e-03
6.756565533578395844e-03
7.148135919123888016e-03
6.864828057587146759e-03
6.973510608077049255e-03
6.664297077804803848e-03
6.748624611645936966e-03
6.664533633738756180e-03
6.705055478960275650e-03
6.775293499231338501e-03
6.736892275512218475e-03
6.871204823255538940e-03
6.880111992359161377e-03
7.035468239337205887e-03
6.811138708144426346e-03
6.816162262111902237e-03
6.773823406547307968e-03
6.843160372227430344e-03
6.706300191581249237e-03
6.962088868021965027e-03
6.882579997181892395e-03
6.915044970810413361e-03
6.767795421183109283e-03
6.825767457485198975e-03
6.629313807934522629e-03
6.962885148823261261e-03
6.976577918976545334e-03
6.727497093379497528e-03
6.831876002252101898e-03
6.710930727422237396e-03
6.823937408626079559e-03
6.904631387442350388e-03
6.690136156976222992e-03
6.689488887786865234e-03
6.810674443840980530e-03
6.847566924989223480e-03
6.677353288978338242e-03
7.297298405319452286e-03
6.865841802209615707e-03
7.367193233221769333e-03
7.507489994168281555e-03
6.824148353189229965e-03
6.830876227468252182e-03
6.948986556380987167e-03
7.080086041241884232e-03
6.930622272193431854e-03
6.945271044969558716e-03
6.785979494452476501e-03
6.704168394207954407e-03
6.753265392035245895e-03
7.170647848397493362e-03
7.516509387642145157e-03
6.787613965570926666e-03
6.763718090951442719e-03
7.059819996356964111e-03
6.763175595551729202e-03
7.009208668023347855e-03
6.756013259291648865e-03
6.718715652823448181e-03
6.629530340433120728e-03
6.802856456488370895e-03
6.673404481261968613e-03
6.958813406527042389e-03
6.648337002843618393e-03
7.559628225862979889e-03
6.829553283751010895e-03
7.158436346799135208e-03
6.647632457315921783e-03
6.762409117072820663e-03
7.458645850419998169e-03
6.863608956336975098e-03
6.662152241915464401e-03
6.749724037945270538e-03
6.714654155075550079e-03
7.127514574676752090e-03
6.717852782458066940e-03
6.629331968724727631e-03
6.868130061775445938e-03
6.886936724185943604e-03
7.071232423186302185e-03
6.824348587542772293e-03
7.028957828879356384e-03
6.886535324156284332e-03
6.842913571745157242e-03
7.365038152784109116e-03
6.780089344829320908e-03
6.627420894801616669e-03
6.842298433184623718e-03
6.689208094030618668e-03
6.898235529661178589e-03
6.782602984458208084e-03
7.113782223314046860e-03
6.634752731770277023e-03
7.570445537567138672e-03
6.842962000519037247e-03
6.628922186791896820e-03
6.918545346707105637e-03
6.855606101453304291e-03
7.042298559099435806e-03
6.685365457087755203e-03
6.850929930806159973e-03
6.626339629292488098e-03
6.714066490530967712e-03
6.617163307964801788e-03
6.895369850099086761e-03
6.834671832621097565e-03
6.611508782953023911e-03
6.819456815719604492e-03
6.933052558451890945e-03
6.789504084736108780e-03
7.392177823930978775e-03
6.694833748042583466e-03
6.775419693440198898e-03
6.844921037554740906e-03
6.722262594848871231e-03
6.844250950962305069e-03
6.722810212522745132e-03
6.866375915706157684e-03
6.810151040554046631e-03
7.393867708742618561e-03
6.845999974757432938e-03
6.758098490536212921e-03
6.851325277239084244e-03
6.858422886580228806e-03
7.124832365661859512e-03
6.821170914918184280e-03
6.936761550605297089e-03
6.638260092586278915e-03
6.783741526305675507e-03
7.314345333725214005e-03
6.720617413520812988e-03
6.643480155616998672e-03
6.819292902946472168e-03
7.000133860856294632e-03
6.678916048258543015e-03
6.728904321789741516e-03
7.041417527943849564e-03
6.959387566894292831e-03
6.663086358457803726e-03
6.634225137531757355e-03
6.728264037519693375e-03
6.621821783483028412e-03
7.201277650892734528e-03
7.434580475091934204e-03
7.171860896050930023e-03
7.217896636575460434e-03
6.812534760683774948e-03
6.665311753749847412e-03
6.741999648511409760e-03
6.890458520501852036e-03
6.975780706852674484e-03
7.089425809681415558e-03
7.050315849483013153e-03
6.666671484708786011e-03
6.741585675626993179e-03
6.862767972052097321e-03
6.862478330731391907e-03
6.880787666887044907e-03
7.247248198837041855e-03
6.856716237962245941e-03
7.064812351018190384e-03
6.835569627583026886e-03
7.011431735008955002e-03
6.868240889161825180e-03
6.729648914188146591e-03
6.684510968625545502e-03
6.630214396864175797e-03
6.612835917621850967e-03
6.646077148616313934e-03
6.823599804192781448e-03
6.634504068642854691e-03
6.842447444796562195e-03
6.839650683104991913e-03
6.805359385907649994e-03
6.774999201297760010e-03
6.970039103180170059e-03
6.714915856719017029e-03
6.848628167062997818e-03
6.779251620173454285e-03
6.682475563138723373e-03
6.870307028293609619e-03
6.728167179971933365e-03
6.768334191292524338e-03
6.863004993647336960e-03
8.170611225068569183e-03
6.861398927867412567e-03
7.187304552644491196e-03
6.827073637396097183e-03
6.779860705137252808e-03
7.129140663892030716e-03
6.800027098506689072e-03
7.378694135695695877e-03
6.794720888137817383e-03
6.825062446296215057e-03
6.609668023884296417e-03
6.801520939916372299e-03
6.948680616915225983e-03
7.167481351643800735e-03
7.591566536575555801e-03
6.865454372018575668e-03
6.683909799903631210e-03
6.831773091107606888e-03
6.774729583412408829e-03
7.067969068884849548e-03
6.885541602969169617e-03
6.658723577857017517e-03
6.899330765008926392e-03
6.719904951751232147e-03
6.683349609375000000e-03
6.730776745826005936e-03
6.859233137220144272e-03
6.679305341094732285e-03
6.873003672808408737e-03
7.104075979441404343e-03
6.998400203883647919e-03
6.843958981335163116e-03
6.792490370571613312e-03
6.789759732782840729e-03
6.724764127284288406e-03
6.877930369228124619e-03
6.623091641813516617e-03
6.693781819194555283e-03
6.736455485224723816e-03
7.241900078952312469e-03
6.855644751340150833e-03
7.038731593638658524e-03
7.147954311221837997e-03
6.915213540196418762e-03
6.812734063714742661e-03
6.615329068154096603e-03
6.771199870854616165e-03
6.837008986622095108e-03
6.755454465746879578e-03
6.770411040633916855e-03
6.577092222869396210e-03
6.867851596325635910e-03
6.750232074409723282e-03
6.864807568490505219e-03
6.773023866117000580e-03
7.052855566143989563e-03
6.600270513445138931e-03
6.904752459377050400e-03
6.827688310295343399e-03
6.730196531862020493e-03
6.942370440810918808e-03
6.762159056961536407e-03
6.675835233181715012e-03
6.946812849491834641e-03
7.279155310243368149e-03
6.694581825286149979e-03
6.623688619583845139e-03
6.788105703890323639e-03
6.632154341787099838e-03
6.739826407283544540e-03
6.774085108190774918e-03
6.709894631057977676e-03
6.706462241709232330e-03
6.688500288873910904e-03
6.668865215033292770e-03
6.615042220801115036e-03
6.756724789738655090e-03
7.128519937396049500e-03
7.536354009062051773e-03
7.057648617774248123e-03
6.623675581067800522e-03
6.595823913812637329e-03
7.178273517638444901e-03
6.922761909663677216e-03
6.680892780423164368e-03
6.664495449513196945e-03
6.632546428591012955e-03
6.774581968784332275e-03
6.782282143831253052e-03
6.776462309062480927e-03
7.182137575000524521e-03
6.732975132763385773e-03
6.697539240121841431e-03
6.873145233839750290e-03
6.780756171792745590e-03
6.882037036120891571e-03
6.961076986044645309e-03
6.660284940153360367e-03
6.827729288488626480e-03
6.818813737481832504e-03
6.699279882013797760e-03
6.598776206374168396e-03
6.698602810502052307e-03
6.822789087891578674e-03
6.585902068763971329e-03
7.333845365792512894e-03
7.155283354222774506e-03
6.660364568233489990e-03
7.637173403054475784e-03
7.064052391797304153e-03
6.794555578380823135e-03
6.676033604890108109e-03
6.871316581964492798e-03
7.348267827183008194e-03
7.181395776569843292e-03
6.804418284446001053e-03
6.645977031439542770e-03
6.605796050280332565e-03
6.804476957768201828e-03
6.761688273400068283e-03
6.695806048810482025e-03
6.584845017641782761e-03
6.944359280169010162e-03
6.774215959012508392e-03
6.705564912408590317e-03
7.118735462427139282e-03
6.799569819122552872e-03
7.445050403475761414e-03
6.557294633239507675e-03
6.684918422251939774e-03
6.634912919253110886e-03
6.779939867556095123e-03
6.622234359383583069e-03
6.892446428537368774e-03
6.606203503906726837e-03
6.803729105740785599e-03
6.896922364830970764e-03
6.936173886060714722e-03
7.465885020792484283e-03
6.631823722273111343e-03
6.626470014452934265e-03
6.743212230503559113e-03
6.583604495972394943e-03
6.637617480009794235e-03
6.913112942129373550e-03
7.008770015090703964e-03
6.714712828397750854e-03
6.709273904561996460e-03
6.668920163065195084e-03
6.773399189114570618e-03
7.035508751869201660e-03
6.634421646595001221e-03
6.634109653532505035e-03
6.850469391793012619e-03
6.665875203907489777e-03
6.666454486548900604e-03
6.681272760033607483e-03
6.703719962388277054e-03
6.828369572758674622e-03
6.952257361263036728e-03
6.812448613345623016e-03
6.845543626695871353e-03
6.711607333272695541e-03
6.669102236628532410e-03
6.549555808305740356e-03
7.026636973023414612e-03
6.760800257325172424e-03
6.936641409993171692e-03
7.134262938052415848e-03
6.509056314826011658e-03
6.923045497387647629e-03
6.583875976502895355e-03
6.885273847728967667e-03
7.064901292324066162e-03
6.868977099657058716e-03
6.591552868485450745e-03
6.667422596365213394e-03
6.906478665769100189e-03
6.588021293282508850e-03
6.513537373393774033e-03
6.678324658423662186e-03
6.587874609977006912e-03
6.577527616173028946e-03
6.767715327441692352e-03
6.638748571276664734e-03
6.666810251772403717e-03
7.111948914825916290e-03
6.655905395746231079e-03
7.109068799763917923e-03
6.642511114478111267e-03
6.748208310455083847e-03
6.798726972192525864e-03
6.617172621190547943e-03
6.640478502959012985e-03
6.607802119106054306e-03
6.572260987013578415e-03
6.646492052823305130e-03
6.618059240281581879e-03
7.035282906144857407e-03
6.786054000258445740e-03
6.705272011458873749e-03
6.710248067975044250e-03
7.009057793766260147e-03
6.774903740733861923e-03
6.735052913427352905e-03
6.745641119778156281e-03
6.655912846326828003e-03
6.649308837950229645e-03
6.783864460885524750e-03
6.764910649508237839e-03
6.931797601282596588e-03
6.645371671766042709e-03
6.840966641902923584e-03
6.751276552677154541e-03
6.530716083943843842e-03
6.645532324910163879e-03
6.806991994380950928e-03
6.718066520988941193e-03
6.611424963921308517e-03
6.598325911909341812e-03
7.121566217392683029e-03
7.295088842511177063e-03
6.984941195696592331e-03
6.817493587732315063e-03
6.816866341978311539e-03
6.871024146676063538e-03
6.606483366340398788e-03
6.641414482146501541e-03
6.647033151239156723e-03
7.372865453362464905e-03
6.681269966065883636e-03
6.702543236315250397e-03
6.832992658019065857e-03
6.879419088363647461e-03
6.574035622179508209e-03
6.669810507446527481e-03
6.689043249934911728e-03
6.556495558470487595e-03
6.757094524800777435e-03
6.567432545125484467e-03
7.772452197968959808e-03
6.540999282151460648e-03
6.707380991429090500e-03
7.252634502947330475e-03
7.230672985315322876e-03
6.953791715204715729e-03
6.909910589456558228e-03
6.548483390361070633e-03
6.649895571172237396e-03
7.333368062973022461e-03
6.653262767940759659e-03
6.693093571811914444e-03
6.795753724873065948e-03
6.795541848987340927e-03
6.775999441742897034e-03
7.347647100687026978e-03
6.946390029042959213e-03
6.780133582651615143e-03
7.282851263880729675e-03
6.631943862885236740e-03
6.704318337142467499e-03
6.716958247125148773e-03
6.734643131494522095e-03
6.764786783605813980e-03
6.847998127341270447e-03
6.605058442801237106e-03
6.614212412387132645e-03
6.681481841951608658e-03
6.814354564994573593e-03
6.668539717793464661e-03
6.615928839892148972e-03
6.933468393981456757e-03
6.628090981394052505e-03
7.142934016883373260e-03
6.663299165666103363e-03
6.632642354816198349e-03
7.055333349853754044e-03
6.638494785875082016e-03
6.839579902589321136e-03
6.611111108213663101e-03
6.703712511807680130e-03
6.998579949140548706e-03
6.701015867292881012e-03
6.708183791488409042e-03
6.829041521996259689e-03
6.888195872306823730e-03
6.715256720781326294e-03
7.004932034760713577e-03
6.640847772359848022e-03
6.800538860261440277e-03
6.926289293915033340e-03
6.906272377818822861e-03
6.729497574269771576e-03
6.870935671031475067e-03
6.613655947148799896e-03
6.673125084489583969e-03
6.511643063277006149e-03
6.706938613206148148e-03
6.952337920665740967e-03
6.894697900861501694e-03
7.078200578689575195e-03
6.602606736123561859e-03
6.614482961595058441e-03
6.861108355224132538e-03
6.702087819576263428e-03
6.682878360152244568e-03
6.690823938697576523e-03
6.526441778987646103e-03
6.943590939044952393e-03
7.021708413958549500e-03
7.255504839122295380e-03
6.697541102766990662e-03
6.926957983523607254e-03
6.831774022430181503e-03
6.791179534047842026e-03
6.615686696022748947e-03
6.646145600825548172e-03
6.534642074257135391e-03
6.906359922140836716e-03
6.686991080641746521e-03
6.638409569859504700e-03
6.620944943279027939e-03
6.558043882250785828e-03
6.738604977726936340e-03
6.865555886179208755e-03
6.755421869456768036e-03
6.779767572879791260e-03
6.710156798362731934e-03
6.787160877138376236e-03
6.726545281708240509e-03
6.561204325407743454e-03
6.716180127114057541e-03
6.901486776769161224e-03
6.541490554809570312e-03
6.757478695362806320e-03
6.693500559777021408e-03
7.659259717911481857e-03
6.767306476831436157e-03
7.097970228642225266e-03
6.855829153209924698e-03
6.641704123467206955e-03
6.587277632206678391e-03
6.611861288547515869e-03
7.150823250412940979e-03
6.768860388547182083e-03
6.624546367675065994e-03
6.665431428700685501e-03
6.614461541175842285e-03
6.725426297634840012e-03
6.736438721418380737e-03
6.532453466206789017e-03
6.666873581707477570e-03
6.797228008508682251e-03
6.614553742110729218e-03
6.827287841588258743e-03
6.698705721646547318e-03
6.946756504476070404e-03
7.038199342787265778e-03
6.581991910934448242e-03
6.624802481383085251e-03
6.661871913820505142e-03
6.854807958006858826e-03
6.691473070532083511e-03
6.669881753623485565e-03
6.640794221311807632e-03
6.549165118485689163e-03
6.941663101315498352e-03
6.886949762701988220e-03
6.683171726763248444e-03
6.684640422463417053e-03
6.808502599596977234e-03
6.565084215253591537e-03
6.843676324933767319e-03
6.617743521928787231e-03
6.780278868973255157e-03
6.537419278174638748e-03
6.726356223225593567e-03
6.780630908906459808e-03
6.629932206124067307e-03
6.952275987714529037e-03
7.084151729941368103e-03
6.832134444266557693e-03
6.643386092036962509e-03
7.273660972714424133e-03
6.606802809983491898e-03
6.770530715584754944e-03
6.590398028492927551e-03
6.804260890930891037e-03
6.699982564896345139e-03
6.603613495826721191e-03
7.281355094164609909e-03
6.705415435135364532e-03
7.115765009075403214e-03
6.538684014230966568e-03
6.778379902243614197e-03
6.553326267749071121e-03
6.607765331864356995e-03
6.642711348831653595e-03
6.790961604565382004e-03
6.874543149024248123e-03
7.012607064098119736e-03
6.507219281047582626e-03
6.651730742305517197e-03
6.589279510080814362e-03
6.587384268641471863e-03
6.675216834992170334e-03
6.533986888825893402e-03
6.606094539165496826e-03
6.540551315993070602e-03
7.049141451716423035e-03
6.742868106812238693e-03
6.921822670847177505e-03
6.899405736476182938e-03
7.637829054147005081e-03
6.956748198717832565e-03
6.667487788945436478e-03
6.653194781392812729e-03
6.704450119286775589e-03
6.529795005917549133e-03
6.647987291216850281e-03
6.591490004211664200e-03
7.110916543751955032e-03
6.664819084107875824e-03
6.656362675130367279e-03
6.797320675104856491e-03
6.769766565412282944e-03
6.642522290349006653e-03
6.620562635362148285e-03
6.858270615339279175e-03
6.898627150803804398e-03
6.513464264571666718e-03
6.533362437039613724e-03
6.629013456404209137e-03
6.536494474858045578e-03
6.724290549755096436e-03
6.850187201052904129e-03
6.751923821866512299e-03
6.712896283715963364e-03
6.632058415561914444e-03
6.730623543262481689e-03
6.543894298374652863e-03
6.710767745971679688e-03
6.779763847589492798e-03
7.207422982901334763e-03
7.035635877400636673e-03
6.771031301468610764e-03
6.909063085913658142e-03
6.481390446424484253e-03
6.737828720360994339e-03
6.872843950986862183e-03
6.560698151588439941e-03
6.883548572659492493e-03
6.903823930770158768e-03
7.066827733069658279e-03
6.941410712897777557e-03
6.616869941353797913e-03
6.957335863262414932e-03
6.781089119613170624e-03
6.546419113874435425e-03
6.613057572394609451e-03
6.635533180087804794e-03
6.541045848280191422e-03
6.566199474036693573e-03
6.794799119234085083e-03
7.274141535162925720e-03
6.671925075352191925e-03
6.928353104740381241e-03
7.252906449139118195e-03
6.613124161958694458e-03
6.464268080890178680e-03
6.513367872685194016e-03
6.653127260506153107e-03
6.616542581468820572e-03
6.797076668590307236e-03
6.619251798838376999e-03
7.177308201789855957e-03
6.612857338041067123e-03
6.680496502667665482e-03
6.541677284985780716e-03
6.532060448080301285e-03
6.782330572605133057e-03
6.941552273929119110e-03
6.791976280510425568e-03
6.621551234275102615e-03
7.154025603085756302e-03
6.801180541515350342e-03
6.567727774381637573e-03
6.927666254341602325e-03
6.742817349731922150e-03
6.767581216990947723e-03
6.849648430943489075e-03
6.844670977443456650e-03
6.608973722904920578e-03
6.623740307986736298e-03
6.648113951086997986e-03
6.718075834214687347e-03
6.858227308839559555e-03
6.624517496675252914e-03
6.543050520122051239e-03
6.554876919835805893e-03
6.602107547223567963e-03
6.473036482930183411e-03
6.935765966773033142e-03
6.604401860386133194e-03
6.559159606695175171e-03
6.503930315375328064e-03
6.707827094942331314e-03
7.067620754241943359e-03
6.556880660355091095e-03
6.495445035398006439e-03
6.550648715347051620e-03
6.921133492141962051e-03
6.716256029903888702e-03
7.096451707184314728e-03
6.549579557031393051e-03
7.483398076146841049e-03
6.803910247981548309e-03
6.898288149386644363e-03
6.583337672054767609e-03
6.684861611574888229e-03
6.902535445988178253e-03
6.624319590628147125e-03
6.498582195490598679e-03
6.514901295304298401e-03
6.621184293180704117e-03
6.934036966413259506e-03
6.836808752268552780e-03
7.194595411419868469e-03
6.733045913279056549e-03
6.862063426524400711e-03
6.753175053745508194e-03
6.747996900230646133e-03
6.483364384621381760e-03
6.691753864288330078e-03
6.598815321922302246e-03
6.492994725704193115e-03
6.998921744525432587e-03
6.854454521089792252e-03
7.030556909739971161e-03
6.711813155561685562e-03
6.715598981827497482e-03
6.793605629354715347e-03
6.546867080032825470e-03
6.568641401827335358e-03
6.584337446838617325e-03
7.007365114986896515e-03
6.739772856235504150e-03
6.547945085912942886e-03
6.845878437161445618e-03
6.659400649368762970e-03
6.633967626839876175e-03
6.845104508101940155e-03
6.865267176181077957e-03
6.748789921402931213e-03
6.601056549698114395e-03
6.713480688631534576e-03
6.830203346908092499e-03
6.985247600823640823e-03
6.645487155765295029e-03
6.919269915670156479e-03
7.159152999520301819e-03
6.951297633349895477e-03
6.710243411362171173e-03
6.627382710576057434e-03
6.603599991649389267e-03
6.579918786883354187e-03
6.484324112534523010e-03
6.484281271696090698e-03
6.552767008543014526e-03
6.784608121961355209e-03
6.863781251013278961e-03
6.569007411599159241e-03
6.788763217628002167e-03
6.507874466478824615e-03
6.565563846379518509e-03
6.665578577667474747e-03
6.651792675256729126e-03
6.602664478123188019e-03
6.597080733627080917e-03
7.306748069822788239e-03
6.546902470290660858e-03
7.445304654538631439e-03
6.627331487834453583e-03
6.591050419956445694e-03
6.544572766870260239e-03
6.685992702841758728e-03
6.643945351243019104e-03
7.017245050519704819e-03
6.567023694515228271e-03
6.593827623873949051e-03
6.660349667072296143e-03
6.665735505521297455e-03
6.784650497138500214e-03
6.533111911267042160e-03
6.677413359284400940e-03
6.703211460262537003e-03
6.927824113517999649e-03
6.993478164076805115e-03
7.242471911013126373e-03
6.593906786292791367e-03
6.853342521935701370e-03
6.720514968037605286e-03
6.532825063914060593e-03
6.581196095794439316e-03
6.722483318299055099e-03
6.764644756913185120e-03
7.650544866919517517e-03
6.869424600154161453e-03
6.731527857482433319e-03
6.650383118540048599e-03
6.889135576784610748e-03
6.598149891942739487e-03
6.616451777517795563e-03
6.823864765465259552e-03
6.593582686036825180e-03
6.562384776771068573e-03
6.542051676660776138e-03
6.689295172691345215e-03
6.699997000396251678e-03
6.700142286717891693e-03
6.489065475761890411e-03
6.884554401040077209e-03
6.562763825058937073e-03
6.966585293412208557e-03
6.984327919781208038e-03
7.362195756286382675e-03
6.539545021951198578e-03
6.830211728811264038e-03
6.712289527058601379e-03
6.644589826464653015e-03
6.780949421226978302e-03
6.743905600160360336e-03
6.599392741918563843e-03
6.881375797092914581e-03
6.593736819922924042e-03
6.498824805021286011e-03
6.639654282480478287e-03
6.584242917597293854e-03
6.722746882587671280e-03
6.694625597447156906e-03
6.691846530884504318e-03
6.625846959650516510e-03
6.575983483344316483e-03
6.769923027604818344e-03
6.493394263088703156e-03
6.857826374471187592e-03
6.495424080640077591e-03
6.521405186504125595e-03
6.962386891245841980e-03
6.874046754091978073e-03
6.596775725483894348e-03
7.242833729833364487e-03
6.707623135298490524e-03
6.660239305347204208e-03
6.611438002437353134e-03
6.607498973608016968e-03
6.614117417484521866e-03
6.933199241757392883e-03
6.557743530720472336e-03
6.660338025540113449e-03
6.598802749067544937e-03
6.447646301239728928e-03
6.616314407438039780e-03
6.502295844256877899e-03
6.790070328861474991e-03
7.004951126873493195e-03
6.579364184290170670e-03
6.569541525095701218e-03
6.528047379106283188e-03
6.854238454252481461e-03
6.571528501808643341e-03
6.789386738091707230e-03
6.747195031493902206e-03
6.663851439952850342e-03
6.848331540822982788e-03
7.201711647212505341e-03
6.559584755450487137e-03
6.966085173189640045e-03
7.061527110636234283e-03
6.651780102401971817e-03
6.481924559921026230e-03
6.576887331902980804e-03
6.747843697667121887e-03
6.496068090200424194e-03
6.614536978304386139e-03
6.759553216397762299e-03
6.608242169022560120e-03
6.595789454877376556e-03
6.680209655314683914e-03
6.741959135979413986e-03
6.592455320060253143e-03
6.812465377151966095e-03
6.609259173274040222e-03
6.636722944676876068e-03
6.706181447952985764e-03
6.656075362116098404e-03
6.679669022560119629e-03
6.574021186679601669e-03
6.758274510502815247e-03
6.785998120903968811e-03
6.481445860117673874e-03
6.918855477124452591e-03
6.606852170079946518e-03
6.548827514052391052e-03
6.666191853582859039e-03
6.461776327341794968e-03
6.946871988475322723e-03
6.684267893433570862e-03
6.631929893046617508e-03
6.522027775645256042e-03
6.605602800846099854e-03
6.973466370254755020e-03
6.582953967154026031e-03
6.511309184134006500e-03
6.914571858942508698e-03
6.641158368438482285e-03
6.436087191104888916e-03
6.772926077246665955e-03
7.370247039943933487e-03
6.525760050863027573e-03
6.765834055840969086e-03
6.615710444748401642e-03
6.508260034024715424e-03
6.686685141175985336e-03
6.599563639611005783e-03
6.774459499865770340e-03
6.562007125467061996e-03
6.759058218449354172e-03
6.748880725353956223e-03
6.872618570923805237e-03
6.738661322742700577e-03
6.990476977080106735e-03
7.114056963473558426e-03
7.154849357903003693e-03
6.523846648633480072e-03
6.528074853122234344e-03
6.905226036906242371e-03
6.449660751968622208e-03
6.511636078357696533e-03
6.573248188942670822e-03
7.017861120402812958e-03
7.197384256869554520e-03
6.589787080883979797e-03
6.829148624092340469e-03
6.847112439572811127e-03
6.551265716552734375e-03
6.486693862825632095e-03
6.425386760383844376e-03
6.625273264944553375e-03
6.971951108425855637e-03
6.892886478453874588e-03
6.627839058637619019e-03
6.516489665955305099e-03
6.609227508306503296e-03
6.789658684283494949e-03
6.703843828290700912e-03
7.121914532035589218e-03
6.589159369468688965e-03
6.560144945979118347e-03
6.696805357933044434e-03
6.490288767963647842e-03
6.614731624722480774e-03
7.006692700088024139e-03
6.581000983715057373e-03
6.602136418223381042e-03
7.321419660001993179e-03
6.593109108507633209e-03
6.688390858471393585e-03
6.671216338872909546e-03
6.751951761543750763e-03
6.829870864748954773e-03
6.759069394320249557e-03
6.499425973743200302e-03
6.856094580143690109e-03
6.514161359518766403e-03
7.043793331831693649e-03
6.698793265968561172e-03
6.434455513954162598e-03
6.599846761673688889e-03
6.495110224932432175e-03
6.476748269051313400e-03
6.572595797479152679e-03
6.740933284163475037e-03
6.648194976150989532e-03
7.280026562511920929e-03
6.753654219210147858e-03
6.582403089851140976e-03
6.424293387681245804e-03
6.510089151561260223e-03
6.906117312610149384e-03
6.602697074413299561e-03
6.709582637995481491e-03
6.668556015938520432e-03
6.908193696290254593e-03
7.245034445077180862e-03
6.633253302425146103e-03
6.558541208505630493e-03
6.819447968155145645e-03
6.490405648946762085e-03
6.612055469304323196e-03
6.710562855005264282e-03
6.673888303339481354e-03
6.664162967354059219e-03
6.437157280743122101e-03
6.604758091270923615e-03
6.446444429457187653e-03
6.556882988661527634e-03
6.467996165156364441e-03
6.567601114511489868e-03
6.901557091623544693e-03
6.431152578443288803e-03
6.594112608581781387e-03
6.700641475617885590e-03
6.491006817668676376e-03
6.951292045414447784e-03
6.605478934943675995e-03
6.649320013821125031e-03
6.591262761503458023e-03
6.768347229808568954e-03
6.663514301180839539e-03
6.782478187233209610e-03
6.577164866030216217e-03
6.784685421735048294e-03
6.629584357142448425e-03
6.644285283982753754e-03
6.583401467651128769e-03
6.483921781182289124e-03
6.763852667063474655e-03
7.044277153909206390e-03
6.566984578967094421e-03
6.851040758192539215e-03
6.687364075332880020e-03
6.684319581836462021e-03
6.596111226826906204e-03
6.755337119102478027e-03
6.500555202364921570e-03
6.543281953781843185e-03
6.623285356909036636e-03
6.888001225888729095e-03
6.740273442119359970e-03
6.457286421209573746e-03
7.268503773957490921e-03
6.730353925377130508e-03
6.494343746453523636e-03
6.645803805440664291e-03
6.542006507515907288e-03
6.556793581694364548e-03
6.584636401385068893e-03
6.735897623002529144e-03
6.515602115541696548e-03
6.875287741422653198e-03
6.701013538986444473e-03
6.600934080779552460e-03
6.744747050106525421e-03
6.881198845803737640e-03
6.451072636991739273e-03
6.509650498628616333e-03
6.636096630245447159e-03
6.647706497460603714e-03
6.545890588313341141e-03
6.662519183009862900e-03
6.737826857715845108e-03
6.471751257777214050e-03
6.428435444831848145e-03
6.495449226349592209e-03
6.558958906680345535e-03
6.791910622268915176e-03
6.575136445462703705e-03
7.208427414298057556e-03
6.740403361618518829e-03
6.741773802787065506e-03
6.806159391999244690e-03
6.702488288283348083e-03
6.585656665265560150e-03
6.422623991966247559e-03
6.923840381205081940e-03
6.428712047636508942e-03
6.872124038636684418e-03
6.463361438363790512e-03
6.581197027117013931e-03
6.499219685792922974e-03
6.684302818030118942e-03
7.562529295682907104e-03
6.467920262366533279e-03
6.448262836784124374e-03
6.447702180594205856e-03
6.797889713197946548e-03
6.479106377810239792e-03
6.506528239697217941e-03
6.547204218804836273e-03
6.668483838438987732e-03
6.845433264970779419e-03
6.666271016001701355e-03
6.503387819975614548e-03
6.613456644117832184e-03
6.443283986300230026e-03
6.811436731368303299e-03
6.530014332383871078e-03
6.600500550121068954e-03
6.501747295260429382e-03
7.083153817802667618e-03
6.466111633926630020e-03
6.676710676401853561e-03
7.057261653244495392e-03
6.716783624142408371e-03
6.784442812204360962e-03
7.044116500765085220e-03
6.522539537400007248e-03
6.543789058923721313e-03
6.448783911764621735e-03
6.549210287630558014e-03
6.571310106664896011e-03
6.802996154874563217e-03
6.668432150036096573e-03
6.539289373904466629e-03
6.874007638543844223e-03
6.565265357494354248e-03
6.611480377614498138e-03
6.505572237074375153e-03
6.484744139015674591e-03
6.671619135886430740e-03
6.868606433272361755e-03
6.610765121877193451e-03
6.546778604388237000e-03
6.602978799492120743e-03
6.856346502900123596e-03
6.633238401263952255e-03
6.468099541962146759e-03
6.942749489098787308e-03
6.658237893134355545e-03
6.482320372015237808e-03
7.228747475892305374e-03
6.911883130669593811e-03
6.468599196523427963e-03
6.614836398512125015e-03
6.525759585201740265e-03
6.727294530719518661e-03
6.783317308872938156e-03
6.599880754947662354e-03
6.533575709909200668e-03
6.580341607332229614e-03
6.775262765586376190e-03
6.797253619879484177e-03
6.466400343924760818e-03
6.865695584565401077e-03
6.690954789519309998e-03
6.972622126340866089e-03
6.580183748155832291e-03
6.498787086457014084e-03
6.510127335786819458e-03
6.746981292963027954e-03
6.940169259905815125e-03
6.627989932894706726e-03
6.664249580353498459e-03
6.599076092243194580e-03
6.554159801453351974e-03
6.673616357147693634e-03
6.435086484998464584e-03
6.800156552344560623e-03
6.785523146390914917e-03
6.515279412269592285e-03
6.545624695718288422e-03
7.056841161102056503e-03
6.573952734470367432e-03
6.511447019875049591e-03
6.529552396386861801e-03
6.586670409888029099e-03
6.618789862841367722e-03
6.644538138061761856e-03
6.884339265525341034e-03
6.469621788710355759e-03
6.464671343564987183e-03
6.654509343206882477e-03
6.675636395812034607e-03
6.475766189396381378e-03
6.957371719181537628e-03
6.708425004035234451e-03
6.877753883600234985e-03
6.418240722268819809e-03
6.460687145590782166e-03
7.120713125914335251e-03
6.565477233380079269e-03
6.621079985052347183e-03
6.794004701077938080e-03
7.247332949191331863e-03
7.160987239331007004e-03
6.440189201384782791e-03
6.418569013476371765e-03
6.955583579838275909e-03
6.546704564243555069e-03
6.404849700629711151e-03
6.697584409266710281e-03
6.491291336715221405e-03
6.547971162945032120e-03
6.610168609768152237e-03
6.617728155106306076e-03
6.494338624179363251e-03
6.478961091488599777e-03
6.575756706297397614e-03
6.605167873203754425e-03
6.560247857123613358e-03
6.547525059431791306e-03
6.684292573481798172e-03
6.770393345504999161e-03
6.645065732300281525e-03
6.817252375185489655e-03
6.442955229431390762e-03
6.460336502641439438e-03
6.765748374164104462e-03
6.636654958128929138e-03
6.585915107280015945e-03
6.787237711250782013e-03
7.196406833827495575e-03
6.990390364080667496e-03
6.797903217375278473e-03
7.367879152297973633e-03
6.639718543738126755e-03
6.542233284562826157e-03
6.580138113349676132e-03
6.909513846039772034e-03
6.456713192164897919e-03
6.567970849573612213e-03
6.660976447165012360e-03
6.469664163887500763e-03
6.485978607088327408e-03
6.630084477365016937e-03
6.841502152383327484e-03
6.737636402249336243e-03
7.000862620770931244e-03
6.577518302947282791e-03
6.494001951068639755e-03
6.758077070116996765e-03
6.493148393929004669e-03
6.747073959559202194e-03
6.480897776782512665e-03
6.652330048382282257e-03
6.826407741755247116e-03
6.479623261839151382e-03
6.541668437421321869e-03
6.576427258551120758e-03
6.478798575699329376e-03
6.774500478059053421e-03
6.587115582078695297e-03
6.586119532585144043e-03
6.531958002597093582e-03
6.433966569602489471e-03
6.375517696142196655e-03
6.845637224614620209e-03
6.489337421953678131e-03
6.887482944875955582e-03
6.458502262830734253e-03
6.379152648150920868e-03
6.489668972790241241e-03
6.682025268673896790e-03
6.741484627127647400e-03
6.775855086743831635e-03
6.692234426736831665e-03
6.605291273444890976e-03
7.478091400116682053e-03
6.573170889168977737e-03
7.276731543242931366e-03
6.516318302601575851e-03
6.358799524605274200e-03
6.787564605474472046e-03
6.643396336585283279e-03
6.566228810697793961e-03
6.966074462980031967e-03
6.568736862391233444e-03
7.250350434333086014e-03
6.578041240572929382e-03
6.410555448383092880e-03
6.496768910437822342e-03
6.554829422384500504e-03
7.101193536072969437e-03
6.424485240131616592e-03
6.746653933078050613e-03
6.691891700029373169e-03
6.554601248353719711e-03
6.362418178468942642e-03
6.550531368702650070e-03
7.544558960944414139e-03
6.498923525214195251e-03
6.731764413416385651e-03
6.565736606717109680e-03
6.523438263684511185e-03
6.632839329540729523e-03
6.501584313809871674e-03
6.675131618976593018e-03
6.910753436386585236e-03
6.539352703839540482e-03
6.846306379884481430e-03
6.575818173587322235e-03
6.723820697516202927e-03
6.632937118411064148e-03
6.504108197987079620e-03
6.506566889584064484e-03
6.564004346728324890e-03
6.624110508710145950e-03
6.515905261039733887e-03
6.575576029717922211e-03
6.929993163794279099e-03
6.391511298716068268e-03
6.422614678740501404e-03
6.614311132580041885e-03
6.381308659911155701e-03
6.874668411910533905e-03
6.353313568979501724e-03
6.480218376964330673e-03
6.568943150341510773e-03
6.583266891539096832e-03
6.484509911388158798e-03
6.747730076313018799e-03
6.401552818715572357e-03
6.670841481536626816e-03
6.756319198757410049e-03
6.412968039512634277e-03
7.411939091980457306e-03
6.517278030514717102e-03
6.724991835653781891e-03
6.525904871523380280e-03
6.795802619308233261e-03
6.535533815622329712e-03
6.652598734945058823e-03
6.616121623665094376e-03
6.718384101986885071e-03
6.546210031956434250e-03
6.629516370594501495e-03
6.432870402932167053e-03
6.465847138315439224e-03
6.373000796884298325e-03
6.515144836157560349e-03
6.642731372267007828e-03
6.747014354914426804e-03
6.359703838825225830e-03
7.037185598164796829e-03
6.665489636361598969e-03
6.638447754085063934e-03
6.764358375221490860e-03
6.751614622771739960e-03
6.613216828554868698e-03
6.761870346963405609e-03
6.472785025835037231e-03
6.715751718729734421e-03
6.733132526278495789e-03
6.415686570107936859e-03
6.668660789728164673e-03
6.725775543600320816e-03
6.834632251411676407e-03
6.771645974367856979e-03
6.669155322015285492e-03
6.651388481259346008e-03
6.834711879491806030e-03
6.608346011489629745e-03
6.509492639452219009e-03
6.474668625742197037e-03
6.547529250383377075e-03
6.545043084770441055e-03
6.502266507595777512e-03
6.765703670680522919e-03
6.751451175659894943e-03
6.565400399267673492e-03
6.457344628870487213e-03
6.548094097524881363e-03
6.500454153865575790e-03
7.066752295941114426e-03
6.949688307940959930e-03
7.339474279433488846e-03
6.848295219242572784e-03
6.815978791564702988e-03
6.662643048912286758e-03
6.627807393670082092e-03
6.422396283596754074e-03
6.684807594865560532e-03
6.417543161660432816e-03
6.586354225873947144e-03
6.957120262086391449e-03
6.770662497729063034e-03
6.529012694954872131e-03
6.518808659166097641e-03
6.927109789103269577e-03
6.518923211842775345e-03
6.453931797295808792e-03
6.643731147050857544e-03
7.192262914031744003e-03
6.547019816935062408e-03
6.469925865530967712e-03
7.562557701021432877e-03
6.755688227713108063e-03
6.437547970563173294e-03
6.652689073234796524e-03
6.569091230630874634e-03
6.441400386393070221e-03
6.536453496664762497e-03
6.584168877452611923e-03
6.477109622210264206e-03
6.362080574035644531e-03
6.561621092259883881e-03
6.897279061377048492e-03
6.647530943155288696e-03
6.484964862465858459e-03
6.579766981303691864e-03
6.640112958848476410e-03
6.713333074003458023e-03
6.895407568663358688e-03
6.623814348131418228e-03
6.707702297717332840e-03
6.713734008371829987e-03
6.364558357745409012e-03
6.570594385266304016e-03
6.417885422706604004e-03
6.570369936525821686e-03
6.451601628214120865e-03
6.465358193963766098e-03
6.547589320689439774e-03
6.454126909375190735e-03
6.645757239311933517e-03
6.506727077066898346e-03
6.603403948247432709e-03
6.508054211735725403e-03
6.605450995266437531e-03
6.418161094188690186e-03
6.442708894610404968e-03
6.622894667088985443e-03
7.565104402601718903e-03
6.717685144394636154e-03
6.630026269704103470e-03
6.509655155241489410e-03
6.505080033093690872e-03
6.692794617265462875e-03
6.480882875621318817e-03
6.705523934215307236e-03
6.620829459279775620e-03
6.669658236205577850e-03
6.395687349140644073e-03
6.437740288674831390e-03
6.526902783662080765e-03
6.381307728588581085e-03
6.423124577850103378e-03
6.843811832368373871e-03
6.486610509455204010e-03
7.016979623585939407e-03
7.623039186000823975e-03
6.512591149657964706e-03
6.464407313615083694e-03
7.404939737170934677e-03
6.524847820401191711e-03
6.427419837564229965e-03
6.682448089122772217e-03
6.378907710313796997e-03
6.510637700557708740e-03
6.872262340039014816e-03
6.413655355572700500e-03
6.593761965632438660e-03
6.500872783362865448e-03
6.995043717324733734e-03
6.658777128905057907e-03
6.381216458976268768e-03
6.722824182361364365e-03
6.420637946575880051e-03
6.609744392335414886e-03
6.659989710897207260e-03
6.674735806882381439e-03
6.452237721532583237e-03
6.903036963194608688e-03
6.394013762474060059e-03
6.501650903373956680e-03
6.352528929710388184e-03
6.328202784061431885e-03
6.672999821603298187e-03
6.462398916482925415e-03
6.670397240668535233e-03
6.424964405596256256e-03
7.136520929634571075e-03
6.693317554891109467e-03
7.432798389345407486e-03
6.885901093482971191e-03
6.700541358441114426e-03
6.620047613978385925e-03
6.583243608474731445e-03
6.421984639018774033e-03
6.429405417293310165e-03
6.696939934045076370e-03
6.594723090529441833e-03
6.401432678103446960e-03
6.443506106734275818e-03
6.416383199393749237e-03
6.698483135551214218e-03
6.655763834714889526e-03
6.544570904225111008e-03
6.711810827255249023e-03
6.542768329381942749e-03
6.495185196399688721e-03
6.596229039132595062e-03
6.490645930171012878e-03
6.503798533231019974e-03
6.744096055626869202e-03
6.592049263417720795e-03
6.774519104510545731e-03
6.561495363712310791e-03
6.407302804291248322e-03
6.740349344909191132e-03
6.495209410786628723e-03
6.980061996728181839e-03
6.501646246761083603e-03
6.684004329144954681e-03
6.492705084383487701e-03
6.754439789801836014e-03
6.326346192508935928e-03
6.520184688270092010e-03
6.378409452736377716e-03
6.617047823965549469e-03
6.519276183098554611e-03
7.654294371604919434e-03
6.498430389910936356e-03
6.629164330661296844e-03
6.385779473930597305e-03
6.535476539283990860e-03
6.439805962145328522e-03
6.543861236423254013e-03
6.558622233569622040e-03
6.609012372791767120e-03
6.756876595318317413e-03
6.979987490922212601e-03
7.110302336513996124e-03
6.515664979815483093e-03
6.609530653804540634e-03
6.345364265143871307e-03
6.477785296738147736e-03
6.357506383210420609e-03
6.504565943032503128e-03
6.487115286290645599e-03
6.488452199846506119e-03
6.809230893850326538e-03
6.678254809230566025e-03
6.437182426452636719e-03
6.796868983656167984e-03
6.367624737322330475e-03
6.839745678007602692e-03
6.606540642678737640e-03
6.447410210967063904e-03
6.904795765876770020e-03
6.825037300586700439e-03
6.656780373305082321e-03
6.479587405920028687e-03
6.469223182648420334e-03
6.380539853125810623e-03
6.556834559887647629e-03
6.465980783104896545e-03
6.399266887456178665e-03
6.927808746695518494e-03
6.384564097970724106e-03
6.441006436944007874e-03
6.391936447471380234e-03
6.845864467322826385e-03
6.537450943142175674e-03
7.374733686447143555e-03
6.748831830918788910e-03
6.655384786427021027e-03
6.635543890297412872e-03
6.539851892739534378e-03
6.546922028064727783e-03
6.495254579931497574e-03
6.424481514841318130e-03
6.524399388581514359e-03
6.728081032633781433e-03
6.810598541051149368e-03
6.638335064053535461e-03
6.419110111892223358e-03
6.478691473603248596e-03
6.528866011649370193e-03
6.666031666100025177e-03
6.522888783365488052e-03
7.214942015707492828e-03
6.431826855987310410e-03
6.925416644662618637e-03
6.902211345732212067e-03
6.741938181221485138e-03
6.451466586440801620e-03
6.412159651517868042e-03
6.717449054121971130e-03
6.389154586941003799e-03
6.548403762280941010e-03
6.732308305799961090e-03
6.448602769523859024e-03
6.282670423388481140e-03
6.348493974655866623e-03
6.911715958267450333e-03
6.648526992648839951e-03
6.356063298881053925e-03
6.431519519537687302e-03
6.419521756470203400e-03
6.621330976486206055e-03
6.730555091053247452e-03
6.759772077202796936e-03
6.485679186880588531e-03
7.096685469150543213e-03
6.764237768948078156e-03
7.416814565658569336e-03
6.434492766857147217e-03
6.388034205883741379e-03
6.375554483383893967e-03
6.567348726093769073e-03
6.443863268941640854e-03
6.601883098483085632e-03
6.452925968915224075e-03
6.566838826984167099e-03
6.684829480946063995e-03
6.776068825274705887e-03
6.379378493875265121e-03
6.892957724630832672e-03
6.490621715784072876e-03
6.345353554934263229e-03
6.597180850803852081e-03
6.680185906589031219e-03
6.732619367539882660e-03
6.447932217270135880e-03
6.411769427359104156e-03
6.322656292468309402e-03
6.768567487597465515e-03
7.419649045914411545e-03
7.035450544208288193e-03
6.621336098760366440e-03
6.503125652670860291e-03
6.416249554604291916e-03
6.376490928232669830e-03
6.514344364404678345e-03
6.605661474168300629e-03
6.297422107309103012e-03
6.369273643940687180e-03
6.372658070176839828e-03
6.391796283423900604e-03
6.971255410462617874e-03
6.420213263481855392e-03
6.455992814153432846e-03
6.345140282064676285e-03
6.599766202270984650e-03
6.882152985781431198e-03
7.033476140350103378e-03
7.411676924675703049e-03
6.545951124280691147e-03
7.045964710414409637e-03
6.561233196407556534e-03
6.768376100808382034e-03
6.439617834985256195e-03
7.076276466250419617e-03
6.470457185059785843e-03
6.517056375741958618e-03
6.780687719583511353e-03
6.501722149550914764e-03
6.963260471820831299e-03
6.473455112427473068e-03
6.325488910079002380e-03
6.440962199121713638e-03
6.357455160468816757e-03
6.577123422175645828e-03
6.650578696280717850e-03
6.451242137700319290e-03
6.439894903451204300e-03
6.918598897755146027e-03
7.259148173034191132e-03
6.572766229510307312e-03
6.468967534601688385e-03
6.464595440775156021e-03
6.399279460310935974e-03
6.417402066290378571e-03
6.855891551822423935e-03
6.457834038883447647e-03
7.022337988018989563e-03
7.259459700435400009e-03
6.464252714067697525e-03
6.710849236696958542e-03
6.653406657278537750e-03
6.632837466895580292e-03
6.478013470768928528e-03
6.482247263193130493e-03
6.524026859551668167e-03
6.726230960339307785e-03
6.374211981892585754e-03
6.796642206609249115e-03
6.635141558945178986e-03
6.350072566419839859e-03
6.333936005830764771e-03
6.373884156346321106e-03
6.520412862300872803e-03
6.698379758745431900e-03
6.770516745746135712e-03
6.643677596002817154e-03
6.369899027049541473e-03
6.506360601633787155e-03
6.486693397164344788e-03
6.538997404277324677e-03
6.686742883175611496e-03
6.515440065413713455e-03
6.377848330885171890e-03
6.443513091653585434e-03
6.340934429317712784e-03
6.859227083623409271e-03
6.432387046515941620e-03
6.493879482150077820e-03
6.575886625796556473e-03
6.415386684238910675e-03
6.613535806536674500e-03
6.540964357554912567e-03
6.607078947126865387e-03
6.749670486897230148e-03
6.800330244004726410e-03
6.361150182783603668e-03
6.609894800931215286e-03
6.397681776434183121e-03
6.355216726660728455e-03
6.828882731497287750e-03
6.341152358800172806e-03
6.422627717256546021e-03
6.671656854450702667e-03
6.478505674749612808e-03
6.831820588558912277e-03
6.708297878503799438e-03
6.498871371150016785e-03
6.510240491479635239e-03
6.359451450407505035e-03
6.463842932134866714e-03
6.577441468834877014e-03
6.645471788942813873e-03
6.293850485235452652e-03
6.330785341560840607e-03
6.419404409825801849e-03
6.387054454535245895e-03
7.213858421891927719e-03
7.252020295709371567e-03
6.563648581504821777e-03
6.443827878683805466e-03
6.490503437817096710e-03
6.973224692046642303e-03
6.610987242311239243e-03
6.528056692332029343e-03
6.481790915131568909e-03
7.030170876532793045e-03
6.305420771241188049e-03
6.515127606689929962e-03
6.367600522935390472e-03
6.441449746489524841e-03
6.550659425556659698e-03
6.321385968476533890e-03
6.372692994773387909e-03
6.351467687636613846e-03
6.610720884054899216e-03
6.413421127945184708e-03
6.386761087924242020e-03
6.696002557873725891e-03
6.775731686502695084e-03
6.403160747140645981e-03
6.771718151867389679e-03
6.433353293687105179e-03
6.435671821236610413e-03
6.434157025068998337e-03
6.421609781682491302e-03
6.362712476402521133e-03
6.540995556861162186e-03
6.640625651925802231e-03
7.050987333059310913e-03
6.724874023348093033e-03
6.337528582662343979e-03
7.015309296548366547e-03
6.625672336667776108e-03
6.434716284275054932e-03
6.578720174729824066e-03
6.332167889922857285e-03
6.427901796996593475e-03
6.283912342041730881e-03
6.837734486907720566e-03
7.072814274579286575e-03
6.425131577998399734e-03
6.541648413985967636e-03
6.427474319934844971e-03
6.316987797617912292e-03
6.570105906575918198e-03
6.438662298023700714e-03
6.424735765904188156e-03
6.378561723977327347e-03
6.323350127786397934e-03
6.806473247706890106e-03
6.887285970151424408e-03
6.494103930890560150e-03
6.444521248340606689e-03
6.589462980628013611e-03
6.360933184623718262e-03
6.562282796949148178e-03
6.427784450352191925e-03
6.520782597362995148e-03
6.375468336045742035e-03
6.277547683566808701e-03
6.587455980479717255e-03
6.447631400078535080e-03
6.715191528201103210e-03
6.391981150954961777e-03
7.126745767891407013e-03
6.316786166280508041e-03
6.492426618933677673e-03
6.485713645815849304e-03
6.440748460590839386e-03
6.610214244574308395e-03
6.925347726792097092e-03
6.700996775180101395e-03
6.419608835130929947e-03
6.578410509973764420e-03
6.426827516406774521e-03
6.346733774989843369e-03
6.359819788485765457e-03
6.408089306205511093e-03
6.321003660559654236e-03
6.587013136595487595e-03
6.404213141649961472e-03
6.742426194250583649e-03
7.025580853223800659e-03
6.559457629919052124e-03
6.687322165817022324e-03
6.637095008045434952e-03
6.578032858669757843e-03
6.493811961263418198e-03
6.317093502730131149e-03
6.526609882712364197e-03
6.467368453741073608e-03
6.518018897622823715e-03
6.433752831071615219e-03
6.350452546030282974e-03
6.453271023929119110e-03
6.360352970659732819e-03
6.527323741465806961e-03
6.600663065910339355e-03
6.571533624082803726e-03
6.818825379014015198e-03
7.348467595875263214e-03
6.413690745830535889e-03
6.643324159085750580e-03
6.497891154140233994e-03
6.466576363891363144e-03
6.381299812346696854e-03
6.546428892761468887e-03
6.600845605134963989e-03
6.568068172782659531e-03
6.307935807853937149e-03
6.379260215908288956e-03
6.502680480480194092e-03
6.780270487070083618e-03
6.531310733407735825e-03
6.766811478883028030e-03
6.560260895639657974e-03
6.505321711301803589e-03
6.595698650926351547e-03
6.399810314178466797e-03
6.459487136453390121e-03
6.438690703362226486e-03
6.412017159163951874e-03
6.641728337854146957e-03
6.444422528147697449e-03
6.476175971329212189e-03
6.790697574615478516e-03
6.344902794808149338e-03
6.382662337273359299e-03
6.724064238369464874e-03
6.354899145662784576e-03
6.431872490793466568e-03
6.445338018238544464e-03
6.343415938317775726e-03
6.512675434350967407e-03
6.285375449806451797e-03
6.843087729066610336e-03
6.500578485429286957e-03
6.368056870996952057e-03
6.364755332469940186e-03
6.373362150043249130e-03
6.445602513849735260e-03
6.371962372213602066e-03
6.320006679743528366e-03
6.323690526187419891e-03
6.625052541494369507e-03
6.357484497129917145e-03
6.367677357047796249e-03
6.528140511363744736e-03
6.468371953815221786e-03
6.321531720459461212e-03
6.288225762546062469e-03
6.389969959855079651e-03
6.813986692577600479e-03
6.697046104818582535e-03
6.527996622025966644e-03
6.790010258555412292e-03
6.967696361243724823e-03
6.479234434664249420e-03
6.609376054257154465e-03
6.406248081475496292e-03
6.726207677274942398e-03
6.888441275805234909e-03
6.598968058824539185e-03
6.909028161317110062e-03
6.495665293186903000e-03
6.378666497766971588e-03
6.477333139628171921e-03
6.553637329488992691e-03
6.418908014893531799e-03
6.527146324515342712e-03
6.499015260487794876e-03
6.750517524778842926e-03
6.601353175938129425e-03
6.321894004940986633e-03
6.299810484051704407e-03
6.405858788639307022e-03
6.411080714315176010e-03
6.488319952040910721e-03
6.343590561300516129e-03
6.804361939430236816e-03
6.553398910909891129e-03
6.267374847084283829e-03
6.389147602021694183e-03
6.292477715760469437e-03
6.479932926595211029e-03
6.357757840305566788e-03
6.433584261685609818e-03
6.427234504371881485e-03
6.326686125248670578e-03
6.496074609458446503e-03
6.429751403629779816e-03
6.963429506868124008e-03
6.353138945996761322e-03
6.469768006354570389e-03
6.553671788424253464e-03
6.627895869314670563e-03
6.508296821266412735e-03
6.402397993952035904e-03
6.657740101218223572e-03
6.360984407365322113e-03
6.502119358628988266e-03
6.384497042745351791e-03
6.367911584675312042e-03
6.448175292462110519e-03
6.270316895097494125e-03
6.565477699041366577e-03
6.746970582753419876e-03
6.798251066356897354e-03
6.497841328382492065e-03
6.350246258080005646e-03
6.610924843698740005e-03
6.529948208481073380e-03
6.504437886178493500e-03
6.282546091824769974e-03
6.344474386423826218e-03
6.524801254272460938e-03
6.578751839697360992e-03
6.486329715698957443e-03
6.438260897994041443e-03
6.297634448856115341e-03
6.427303887903690338e-03
6.344825495034456253e-03
6.517750211060047150e-03
6.538644433021545410e-03
6.554743275046348572e-03
6.514348089694976807e-03
6.500559393316507339e-03
6.511541083455085754e-03
6.673155818134546280e-03
6.810758262872695923e-03
6.338925566524267197e-03
6.843650713562965393e-03
6.422180216759443283e-03
6.549315061420202255e-03
6.415454670786857605e-03
6.305923219770193100e-03
6.459102034568786621e-03
6.653141696006059647e-03
6.466384045779705048e-03
6.432908587157726288e-03
6.729703396558761597e-03
6.449677515774965286e-03
6.583416834473609924e-03
6.399961654096841812e-03
6.456002593040466309e-03
6.396039389073848724e-03
6.452653091400861740e-03
6.748000625520944595e-03
6.561886984854936600e-03
6.413429975509643555e-03
6.581685971468687057e-03
6.656665354967117310e-03
6.254815962165594101e-03
6.569715216755867004e-03
6.358095444738864899e-03
6.404770072549581528e-03
6.449407432228326797e-03
6.659455597400665283e-03
6.849654950201511383e-03
6.595859304070472717e-03
6.593726575374603271e-03
6.831841543316841125e-03
6.761225871741771698e-03
6.503653712570667267e-03
6.648907903581857681e-03
6.423453334718942642e-03
6.429527420550584793e-03
6.421734113246202469e-03
6.440239492803812027e-03
7.029970176517963409e-03
6.371820811182260513e-03
6.303458940237760544e-03
6.448470521718263626e-03
6.468428298830986023e-03
6.454288028180599213e-03
7.131525781005620956e-03
6.602684501558542252e-03
6.358816754072904587e-03
6.443908438086509705e-03
6.224524229764938354e-03
6.406593602150678635e-03
6.367893423885107040e-03
6.347320973873138428e-03
6.287393625825643539e-03
6.305987481027841568e-03
7.496763020753860474e-03
6.353629287332296371e-03
6.324280984699726105e-03
6.448279134929180145e-03
6.724109873175621033e-03
6.426337175071239471e-03
6.574545521289110184e-03
6.502572447061538696e-03
6.761524826288223267e-03
6.640095729380846024e-03
6.389902904629707336e-03
6.574906408786773682e-03
6.408459972590208054e-03
6.731478963047266006e-03
6.485335528850555420e-03
6.314330268651247025e-03
6.542343646287918091e-03
6.488378159701824188e-03
6.491911131888628006e-03
6.532917730510234833e-03
6.554854568094015121e-03
6.612414028495550156e-03
6.455213297158479691e-03
6.433458998799324036e-03
6.365449167788028717e-03
6.319864187389612198e-03
6.641404237598180771e-03
6.559041328728199005e-03
6.396470591425895691e-03
6.777087692171335220e-03
6.483327597379684448e-03
6.395340897142887115e-03
6.449096836149692535e-03
6.666395347565412521e-03
6.253511644899845123e-03
6.553691811859607697e-03
6.454817019402980804e-03
6.340729538351297379e-03
6.323637906461954117e-03
6.669701077044010162e-03
6.453900132328271866e-03
6.717670708894729614e-03
6.705073639750480652e-03
6.246228702366352081e-03
6.322721485048532486e-03
6.614671088755130768e-03
6.697808858007192612e-03
6.378473248332738876e-03
6.337422411888837814e-03
6.328281015157699585e-03
6.305926479399204254e-03
6.287410389631986618e-03
6.943152751773595810e-03
6.509718019515275955e-03
6.669062189757823944e-03
6.939486600458621979e-03
6.591897457838058472e-03
6.923181004822254181e-03
6.593761034309864044e-03
6.779569666832685471e-03
6.708507426083087921e-03
6.314332131296396255e-03
6.757698953151702881e-03
6.572995334863662720e-03
6.281541194766759872e-03
6.285132374614477158e-03
6.542978808283805847e-03
6.432061083614826202e-03
6.348411552608013153e-03
6.392500363290309906e-03
6.570380646735429764e-03
6.436044815927743912e-03
6.398957222700119019e-03
6.425088271498680115e-03
6.368975620716810226e-03
6.485578604042530060e-03
6.387796718627214432e-03
6.889853626489639282e-03
6.279935594648122787e-03
6.276721134781837463e-03
6.405626423656940460e-03
6.312873214483261108e-03
6.524489261209964752e-03
6.571846082806587219e-03
6.343965418636798859e-03
6.362189073115587234e-03
6.340293213725090027e-03
6.324247922748327255e-03
6.469845306128263474e-03
6.288466975092887878e-03
6.684754043817520142e-03
6.852570921182632446e-03
6.604046560823917389e-03
6.404633633792400360e-03
6.661044899374246597e-03
6.750266533344984055e-03
6.450762506574392319e-03
6.444004364311695099e-03
6.426694802939891815e-03
6.551571656018495560e-03
6.549881771206855774e-03
6.469584070146083832e-03
6.416071671992540359e-03
6.241225637495517731e-03
6.254830863326787949e-03
6.474629044532775879e-03
6.362501066178083420e-03
6.246108561754226685e-03
6.500268820673227310e-03
6.488391663879156113e-03
6.632568780332803726e-03
6.531651131808757782e-03
6.278768647462129593e-03
6.276734173297882080e-03
6.608742289245128632e-03
6.409689318388700485e-03
6.768906489014625549e-03
6.914665922522544861e-03
6.660795770585536957e-03
6.351307965815067291e-03
6.560455076396465302e-03
6.461957935243844986e-03
6.742998491972684860e-03
6.422076374292373657e-03
6.421337369829416275e-03
6.711051799356937408e-03
6.469817366451025009e-03
6.377074401825666428e-03
6.332965567708015442e-03
6.332827266305685043e-03
6.437373813241720200e-03
6.370539311319589615e-03
6.349533330649137497e-03
6.296196021139621735e-03
6.490528583526611328e-03
6.727955769747495651e-03
6.635278463363647461e-03
6.403162609785795212e-03
6.443613674491643906e-03
6.384134758263826370e-03
6.498710252344608307e-03
6.807263009250164032e-03
6.253514904528856277e-03
6.298450287431478500e-03
6.409483030438423157e-03
6.501607131212949753e-03
6.555695552378892899e-03
6.284175440669059753e-03
6.691714283078908920e-03
6.419674959033727646e-03
6.764236837625503540e-03
6.447228603065013885e-03
6.729434709995985031e-03
6.452328991144895554e-03
6.373246666043996811e-03
6.780180614441633224e-03
6.332274992018938065e-03
6.412008311599493027e-03
6.645056419074535370e-03
6.407453678548336029e-03
6.388297770172357559e-03
6.355292163789272308e-03
6.714770570397377014e-03
6.682708393782377243e-03
6.307524163275957108e-03
6.567068863660097122e-03
6.436034105718135834e-03
6.509978324174880981e-03
6.728050298988819122e-03
7.413350977003574371e-03
6.639999803155660629e-03
6.521695759147405624e-03
6.430393550544977188e-03
6.243528332561254501e-03
6.397803779691457748e-03
6.836793851107358932e-03
6.531851831823587418e-03
6.480214186012744904e-03
6.377537734806537628e-03
6.597313098609447479e-03
6.390362512320280075e-03
6.464472971856594086e-03
6.391356699168682098e-03
6.452814210206270218e-03
6.518132053315639496e-03
6.324882619082927704e-03
6.362935993820428848e-03
6.829818710684776306e-03
6.435264367610216141e-03
6.587054580450057983e-03
6.524441763758659363e-03
6.366351619362831116e-03
6.400375161319971085e-03
6.255629472434520721e-03
6.543926894664764404e-03
6.307375617325305939e-03
6.348371971398591995e-03
6.344196386635303497e-03
6.318005733191967010e-03
6.272961851209402084e-03
6.384356878697872162e-03
6.599409505724906921e-03
7.213442586362361908e-03
6.471392698585987091e-03
6.661367136985063553e-03
6.378705613315105438e-03
6.574681960046291351e-03
6.526572164148092270e-03
6.372099276632070541e-03
6.641473621129989624e-03
6.318681407719850540e-03
6.614047568291425705e-03
6.316188257187604904e-03
6.945689208805561066e-03
6.255984306335449219e-03
6.439901422709226608e-03
6.361247040331363678e-03
6.285009905695915222e-03
6.383223924785852432e-03
6.230752449482679367e-03
6.522289011627435684e-03
6.401121616363525391e-03
6.747283041477203369e-03
6.315376609563827515e-03
6.447860505431890488e-03
6.697939243167638779e-03
6.257195025682449341e-03
6.639750208705663681e-03
6.374577526003122330e-03
6.417021155357360840e-03
6.505736149847507477e-03
6.337718106806278229e-03
6.503831129521131516e-03
6.298106163740158081e-03
6.274145562201738358e-03
6.415931042283773422e-03
6.557691842317581177e-03
6.294107995927333832e-03
6.487458012998104095e-03
6.544656120240688324e-03
6.489066872745752335e-03
6.937345955520868301e-03
6.565017625689506531e-03
6.347295362502336502e-03
6.342132110148668289e-03
6.681469269096851349e-03
6.936606485396623611e-03
6.261354312300682068e-03
6.527906749397516251e-03
6.281692534685134888e-03
6.331901531666517258e-03
6.322276312857866287e-03
6.315474398434162140e-03
6.271527614444494247e-03
6.401635240763425827e-03
6.444804836064577103e-03
7.489748764783143997e-03
6.456820294260978699e-03
6.650292314589023590e-03
6.418270524591207504e-03
6.441767793148756027e-03
6.392434239387512207e-03
6.605743896216154099e-03
6.355004385113716125e-03
6.582180038094520569e-03
6.595528684556484222e-03
6.565268151462078094e-03
6.385568063706159592e-03
6.417226511985063553e-03
6.366141606122255325e-03
6.693175062537193298e-03
6.262019276618957520e-03
7.306607440114021301e-03
6.583331618458032608e-03
6.376249715685844421e-03
6.539050489664077759e-03
6.500050425529479980e-03
6.332612596452236176e-03
6.284337956458330154e-03
6.541468668729066849e-03
6.620408035814762115e-03
6.338623818010091782e-03
6.383111700415611267e-03
6.322144996374845505e-03
6.563792936503887177e-03
6.322681903839111328e-03
6.653826218098402023e-03
6.409557070583105087e-03
6.296674720942974091e-03
6.371864583343267441e-03
6.370835471898317337e-03
6.279421038925647736e-03
6.942095234990119934e-03
6.462996359914541245e-03
6.286005955189466476e-03
6.443648599088191986e-03
6.525348871946334839e-03
6.261063273996114731e-03
6.296228617429733276e-03
6.223146803677082062e-03
6.374545861035585403e-03
7.292658090591430664e-03
6.321017630398273468e-03
6.562955677509307861e-03
6.352449301630258560e-03
6.454828660935163498e-03
6.260464433580636978e-03
6.478373426944017410e-03
6.308285985141992569e-03
6.466721650213003159e-03
6.286167539656162262e-03
6.323993206024169922e-03
6.488435901701450348e-03
6.883100606501102448e-03
6.532286293804645538e-03
6.361214909702539444e-03
6.351068615913391113e-03
6.324404850602149963e-03
6.670214701443910599e-03
6.807518191635608673e-03
6.833725143224000931e-03
6.271762307733297348e-03
6.405032705515623093e-03
6.238007452338933945e-03
6.802906747907400131e-03
6.397285498678684235e-03
6.414199247956275940e-03
6.509380415081977844e-03
6.299504544585943222e-03
6.387546192854642868e-03
6.871419493108987808e-03
6.536469794809818268e-03
6.351648364216089249e-03
6.422476377338171005e-03
6.342518143355846405e-03
6.341621745377779007e-03
6.401307415217161179e-03
6.311143748462200165e-03
6.614681798964738846e-03
6.279786117374897003e-03
6.711468100547790527e-03
6.662227213382720947e-03
6.600349210202693939e-03
6.531491409987211227e-03
6.296216975897550583e-03
6.526013836264610291e-03
6.307035218924283981e-03
6.266084033995866776e-03
6.437419448047876358e-03
6.189404986798763275e-03
6.471779197454452515e-03
6.605657748878002167e-03
6.548974663019180298e-03
6.180817261338233948e-03
6.269020494073629379e-03
7.023653481155633926e-03
6.566083990037441254e-03
6.567320786416530609e-03
6.309179123491048813e-03
6.352454423904418945e-03
6.246625445783138275e-03
6.510518025606870651e-03
6.981309037655591965e-03
6.588300690054893494e-03
6.453553214669227600e-03
6.702027283608913422e-03
6.571100559085607529e-03
6.209593731909990311e-03
6.760616786777973175e-03
6.360537372529506683e-03
6.255043670535087585e-03
6.359998136758804321e-03
6.265569478273391724e-03
6.622254382818937302e-03
6.210529245436191559e-03
6.291252560913562775e-03
6.352358963340520859e-03
6.372367963194847107e-03
6.575020961463451385e-03
6.239752750843763351e-03
6.454660557210445404e-03
6.417139433324337006e-03
6.463191006332635880e-03
6.460186094045639038e-03
6.433295551687479019e-03
6.355811841785907745e-03
6.307081785053014755e-03
6.332768127322196960e-03
6.236834917217493057e-03
6.384049542248249054e-03
6.465313024818897247e-03
6.262080278247594833e-03
6.294648628681898117e-03
6.356319412589073181e-03
6.409777328372001648e-03
6.235983222723007202e-03
6.292685400694608688e-03
6.469592917710542679e-03
6.266725249588489532e-03
6.258066743612289429e-03
7.189047988504171371e-03
6.410248111933469772e-03
6.607674527913331985e-03
6.326543632894754410e-03
6.755716167390346527e-03
6.260771304368972778e-03
6.354941520839929581e-03
6.322233006358146667e-03
6.311494857072830200e-03
6.407561711966991425e-03
6.356745492666959763e-03
6.260885391384363174e-03
6.464327685534954071e-03
6.300276145339012146e-03
6.432182621210813522e-03
6.252856459468603134e-03
6.505292374640703201e-03
6.332371383905410767e-03
6.513625849038362503e-03
6.966572720557451248e-03
6.529558449983596802e-03
6.275386083871126175e-03
6.280595436692237854e-03
6.453904788941144943e-03
6.395146250724792480e-03
7.011055946350097656e-03
6.699920631945133209e-03
6.344685330986976624e-03
6.410549394786357880e-03
6.245858035981655121e-03
6.238230969756841660e-03
6.533548701554536819e-03
6.381635554134845734e-03
6.672379095107316971e-03
6.275699473917484283e-03
6.282353308051824570e-03
6.874893791973590851e-03
6.405627354979515076e-03
6.292233243584632874e-03
6.296793930232524872e-03
6.268022581934928894e-03
6.335575133562088013e-03
6.510383449494838715e-03
6.301507819443941116e-03
6.418370176106691360e-03
6.457952782511711121e-03
6.363016553223133087e-03
6.596466992050409317e-03
6.513854023069143295e-03
6.740153301507234573e-03
6.868864409625530243e-03
6.250360980629920959e-03
6.293252110481262207e-03
6.666383706033229828e-03
6.468751933425664902e-03
7.960875518620014191e-03
6.592430174350738525e-03
6.432824768126010895e-03
6.434732582420110703e-03
6.376619916409254074e-03
6.270810496062040329e-03
6.195062771439552307e-03
6.224762648344039917e-03
6.420861463993787766e-03
6.376389414072036743e-03
6.247085519134998322e-03
6.394438911229372025e-03
6.329318042844533920e-03
6.331845186650753021e-03
6.370074115693569183e-03
6.332824006676673889e-03
6.287548691034317017e-03
6.338100880384445190e-03
6.418363191187381744e-03
6.240474060177803040e-03
6.349552888423204422e-03
6.450632587075233459e-03
6.337043363600969315e-03
6.241261959075927734e-03
6.600845605134963989e-03
6.238426081836223602e-03
6.204870995134115219e-03
6.407300941646099091e-03
6.703324615955352783e-03
6.292330101132392883e-03
6.345174740999937057e-03
6.220686715096235275e-03
6.370794028043746948e-03
6.369435228407382965e-03
6.377457175403833389e-03
6.511910818517208099e-03
6.517065223306417465e-03
6.515630986541509628e-03
6.366166286170482635e-03
6.702363025397062302e-03
7.034378591924905777e-03
6.409172434359788895e-03
6.345621310174465179e-03
6.454001180827617645e-03
6.394750904291868210e-03
6.620919797569513321e-03
6.578615866601467133e-03
6.385446060448884964e-03
6.358989980071783066e-03
6.399018689990043640e-03
6.535893306136131287e-03
6.477578077465295792e-03
6.215461529791355133e-03
6.425725296139717102e-03
6.523937452584505081e-03
6.308580283075571060e-03
6.413697265088558197e-03
6.378500722348690033e-03
6.423325277864933014e-03
6.503061857074499130e-03
6.378188263624906540e-03
6.636857055127620697e-03
6.476107984781265259e-03
6.467934232205152512e-03
6.267951801419258118e-03
6.380376871675252914e-03
6.368233356624841690e-03
6.269763689488172531e-03
6.388976704329252243e-03
6.255569867789745331e-03
6.194009445607662201e-03
6.501195952296257019e-03
6.370831280946731567e-03
6.155947688966989517e-03
6.321951746940612793e-03
6.327001843601465225e-03
6.659322883933782578e-03
6.761907599866390228e-03
6.513235624879598618e-03
6.385251414030790329e-03
6.276704370975494385e-03
6.513878237456083298e-03
6.174223963171243668e-03
6.669388618320226669e-03
6.360030733048915863e-03
6.547311786562204361e-03
6.267143413424491882e-03
6.249744910746812820e-03
6.303364410996437073e-03
6.412571296095848083e-03
6.770337931811809540e-03
6.193299312144517899e-03
6.483522243797779083e-03
6.255168002098798752e-03
6.368833128362894058e-03
6.619235500693321228e-03
6.371908355504274368e-03
6.238669157028198242e-03
6.587594747543334961e-03
6.283662281930446625e-03
6.660694722086191177e-03
6.247313227504491806e-03
6.170538254082202911e-03
6.282445508986711502e-03
6.260956637561321259e-03
6.566364318132400513e-03
6.238522473722696304e-03
7.163712289184331894e-03
6.474610883742570877e-03
6.251666694879531860e-03
6.389508023858070374e-03
6.363369990140199661e-03
6.427916698157787323e-03
6.393478251993656158e-03
6.420650053769350052e-03
6.471422500908374786e-03
6.190595682710409164e-03
6.567406002432107925e-03
6.359552964568138123e-03
6.562543567270040512e-03
6.177638657391071320e-03
6.436673458665609360e-03
6.271846592426300049e-03
7.000587414950132370e-03
6.428377702832221985e-03
6.520289462059736252e-03
6.299085915088653564e-03
6.335891783237457275e-03
6.225221324712038040e-03
6.252014543861150742e-03
6.619350519031286240e-03
6.603165995329618454e-03
6.244348827749490738e-03
6.277940236032009125e-03
6.309985183179378510e-03
6.265421863645315170e-03
6.180389784276485443e-03
6.283716298639774323e-03
6.248178891837596893e-03
6.471941247582435608e-03
6.793490611016750336e-03
6.374708842486143112e-03
7.271490525454282761e-03
7.552874274551868439e-03
6.303705740720033646e-03
6.885309703648090363e-03
6.532438565045595169e-03
6.486027035862207413e-03
6.376773118972778320e-03
6.329400930553674698e-03
6.406996864825487137e-03
6.247383542358875275e-03
6.297822110354900360e-03
6.261820439249277115e-03
6.428701803088188171e-03
6.694276817142963409e-03
6.309572607278823853e-03
6.928486749529838562e-03
6.299433764070272446e-03
6.263924762606620789e-03
6.173929199576377869e-03
6.221164483577013016e-03
6.318011321127414703e-03
6.381876301020383835e-03
6.303448230028152466e-03
6.441242061555385590e-03
6.243539042770862579e-03
6.234342232346534729e-03
6.456999573856592178e-03
6.282325834035873413e-03
6.177417468279600143e-03
6.381317041814327240e-03
6.456228904426097870e-03
6.304247304797172546e-03
6.306010298430919647e-03
6.238510366529226303e-03
6.920652929693460464e-03
6.185936275869607925e-03
6.248812191188335419e-03
6.163547746837139130e-03
6.669208873063325882e-03
6.373332347720861435e-03
6.767554208636283875e-03
6.522420328110456467e-03
6.454970687627792358e-03
6.339344196021556854e-03
6.344888824969530106e-03
6.458757445216178894e-03
6.268240511417388916e-03
6.456650327891111374e-03
6.436557509005069733e-03
6.312827579677104950e-03
6.242248229682445526e-03
6.655077915638685226e-03
6.583485752344131470e-03
6.275704596191644669e-03
6.230880506336688995e-03
6.578639149665832520e-03
6.187820341438055038e-03
6.376354955136775970e-03
6.270413752645254135e-03
6.574341095983982086e-03
6.222361233085393906e-03
6.438447628170251846e-03
6.302842870354652405e-03
6.842990405857563019e-03
6.431490648537874222e-03
6.362488027662038803e-03
6.273522973060607910e-03
6.303005851805210114e-03
6.608623079955577850e-03
6.785035133361816406e-03
6.604560650885105133e-03
6.370836403220891953e-03
6.667021196335554123e-03
6.341879256069660187e-03
6.171079352498054504e-03
6.251154933124780655e-03
6.540083792060613632e-03
6.612066645175218582e-03
6.590036209672689438e-03
6.383720319718122482e-03
6.643370259553194046e-03
6.279395427554845810e-03
6.163418758660554886e-03
6.454792339354753494e-03
6.489113904535770416e-03
6.271122023463249207e-03
6.561153102666139603e-03
6.308068521320819855e-03
6.613248959183692932e-03
6.311436649411916733e-03
6.236000452190637589e-03
6.374877877533435822e-03
6.178850308060646057e-03
6.290334276854991913e-03
6.398696452379226685e-03
6.231809966266155243e-03
6.241618655622005463e-03
6.147449370473623276e-03
6.585977505892515182e-03
6.353880744427442551e-03
6.174996960908174515e-03
6.567431148141622543e-03
6.417184136807918549e-03
6.168608088046312332e-03
6.279542576521635056e-03
6.659005302935838699e-03
6.470250897109508514e-03
6.407329812645912170e-03
6.242569070309400558e-03
6.916383747011423111e-03
6.374266464263200760e-03
6.199599709361791611e-03
6.587370764464139938e-03
6.239672191441059113e-03
6.224566139280796051e-03
6.188265047967433929e-03
6.520117633044719696e-03
6.279766093939542770e-03
6.228171754628419876e-03
6.296168547123670578e-03
6.355312187224626541e-03
6.538569461554288864e-03
7.118876092135906219e-03
6.201338022947311401e-03
6.618849467486143112e-03
6.371655501425266266e-03
6.210517138242721558e-03
6.221742834895849228e-03
6.309707649052143097e-03
6.348647642880678177e-03
6.166689097881317139e-03
6.233082152903079987e-03
6.257222034037113190e-03
6.436782423406839371e-03
6.325366441160440445e-03
6.295788567513227463e-03
6.628507748246192932e-03
6.569850258529186249e-03
6.359580904245376587e-03
6.358731072396039963e-03
6.206657271832227707e-03
6.200403906404972076e-03
6.716956850141286850e-03
6.554275285452604294e-03
6.277577020227909088e-03
6.161116529256105423e-03
6.269171833992004395e-03
6.613155826926231384e-03
6.555790081620216370e-03
6.377935409545898438e-03
6.199285387992858887e-03
6.199491675943136215e-03
6.487285718321800232e-03
6.417177151888608932e-03
6.222811527550220490e-03
6.446457467973232269e-03
6.933624390512704849e-03
6.595347076654434204e-03
6.212464533746242523e-03
6.291852798312902451e-03
6.722421851009130478e-03
6.800585892051458359e-03
6.347005721181631088e-03
6.458399817347526550e-03
6.216865964233875275e-03
6.206517573446035385e-03
6.278125103563070297e-03
6.509553175419569016e-03
6.867843680083751678e-03
6.660171318799257278e-03
6.629240233451128006e-03
6.211006548255681992e-03
6.162287667393684387e-03
6.336603313684463501e-03
6.422278936952352524e-03
6.270635873079299927e-03
6.619575433433055878e-03
6.237704306840896606e-03
6.759801413863897324e-03
6.338682491332292557e-03
6.237706169486045837e-03
6.457021459937095642e-03
6.327140145003795624e-03
6.217247340828180313e-03
6.138521712273359299e-03
6.240024231374263763e-03
6.470473948866128922e-03
6.632992997765541077e-03
6.337207742035388947e-03
6.313267629593610764e-03
6.746499799191951752e-03
6.374565884470939636e-03
6.170602515339851379e-03
6.328159477561712265e-03
6.457372568547725677e-03
6.308070849627256393e-03
6.440630182623863220e-03
6.403514649718999863e-03
6.128395907580852509e-03
6.311669480055570602e-03
6.265495438128709793e-03
6.806875579059123993e-03
6.382837891578674316e-03
6.358813494443893433e-03
6.464355625212192535e-03
6.491279229521751404e-03
6.470543798059225082e-03
6.776726804673671722e-03
6.139808800071477890e-03
6.463955622166395187e-03
6.253704894334077835e-03
6.467245053499937057e-03
6.282704882323741913e-03
6.434854585677385330e-03
6.337450351566076279e-03
6.257810629904270172e-03
7.080103270709514618e-03
6.449786480516195297e-03
7.125399541109800339e-03
6.316433660686016083e-03
6.459300406277179718e-03
6.163180340081453323e-03
6.215090397745370865e-03
6.191174499690532684e-03
6.209659855812788010e-03
6.200324278324842453e-03
6.287474185228347778e-03
6.489259190857410431e-03
6.216219626367092133e-03
6.304646842181682587e-03
6.645502056926488876e-03
6.544661708176136017e-03
6.440907251089811325e-03
6.239502225071191788e-03
6.243017036467790604e-03
6.402727216482162476e-03
6.116217002272605896e-03
6.291862577199935913e-03
6.409069523215293884e-03
6.220213603228330612e-03
6.622246000915765762e-03
6.547393277287483215e-03
6.591149140149354935e-03
6.143125239759683609e-03
6.272086873650550842e-03
6.571168079972267151e-03
6.162052042782306671e-03
6.380826234817504883e-03
6.134163122624158859e-03
6.350314244627952576e-03
6.798276212066411972e-03
6.508923135697841644e-03
6.278024055063724518e-03
6.368252448737621307e-03
6.683933548629283905e-03
6.172564812004566193e-03
6.841707043349742889e-03
6.389623042196035385e-03
6.439330056309700012e-03
6.210576742887496948e-03
6.427301559597253799e-03
6.295226514339447021e-03
6.409945897758007050e-03
6.157131865620613098e-03
6.222555879503488541e-03
6.279025692492723465e-03
6.339372135698795319e-03
6.158867385238409042e-03
6.303513422608375549e-03
6.332288496196269989e-03
6.231482606381177902e-03
6.159187294542789459e-03
6.156410090625286102e-03
6.385696120560169220e-03
6.339447572827339172e-03
6.263552699238061905e-03
6.578955799341201782e-03
6.133441813290119171e-03
6.579355802386999130e-03
6.316319108009338379e-03
6.230438593775033951e-03
6.673915777355432510e-03
6.187874358147382736e-03
6.387797649949789047e-03
6.572204641997814178e-03
6.460267119109630585e-03
6.687850225716829300e-03
6.426294799894094467e-03
6.445557810366153717e-03
6.262487731873989105e-03
6.404537241905927658e-03
6.495974957942962646e-03
6.340762600302696228e-03
6.219728849828243256e-03
6.136364769190549850e-03
6.666194181889295578e-03
7.659981492906808853e-03
6.446200422942638397e-03
6.447573192417621613e-03
6.701073143631219864e-03
6.393896881490945816e-03
6.254704203456640244e-03
6.315263919532299042e-03
6.401604972779750824e-03
6.323685403913259506e-03
6.445948965847492218e-03
6.265662144869565964e-03
6.613301113247871399e-03
6.255909334868192673e-03
6.820112932473421097e-03
6.249225232750177383e-03
6.485950667411088943e-03
6.158205680549144745e-03
6.302999798208475113e-03
6.179757416248321533e-03
6.283221766352653503e-03
6.497632246464490891e-03
6.216782610863447189e-03
6.360439583659172058e-03
6.648164242506027222e-03
6.713004782795906067e-03
6.301332730799913406e-03
6.527748890221118927e-03
6.326202303171157837e-03
6.335799582302570343e-03
6.209537852555513382e-03
6.465094164013862610e-03
6.259494461119174957e-03
6.133727263659238815e-03
6.150649860501289368e-03
6.259416695684194565e-03
6.503008306026458740e-03
6.412860471755266190e-03
6.150049157440662384e-03
6.437510251998901367e-03
6.524520460516214371e-03
6.634601857513189316e-03
6.185328587889671326e-03
6.184386089444160461e-03
6.293178535997867584e-03
6.563952658325433731e-03
6.217272020876407623e-03
6.194754969328641891e-03
6.702332757413387299e-03
6.745918188244104385e-03
6.323751062154769897e-03
6.255295593291521072e-03
6.148009095340967178e-03
6.445050705224275589e-03
6.241785828024148941e-03
6.446606013923883438e-03
6.094761658459901810e-03
6.571147590875625610e-03
6.422993727028369904e-03
6.224287673830986023e-03
6.244173739105463028e-03
6.340291816741228104e-03
6.225458811968564987e-03
6.311688106507062912e-03
6.298891734331846237e-03
6.506022531539201736e-03
6.332919932901859283e-03
6.265095435082912445e-03
6.600614637136459351e-03
6.541153416037559509e-03
6.458284333348274231e-03
6.491312757134437561e-03
6.336086429655551910e-03
6.151789799332618713e-03
6.353303790092468262e-03
6.431016139686107635e-03
6.500204559415578842e-03
6.254873238503932953e-03
6.272247061133384705e-03
6.414843257516622543e-03
6.280081346631050110e-03
6.240778136998414993e-03
6.348961498588323593e-03
6.464634556323289871e-03
6.133065558969974518e-03
6.266865879297256470e-03
6.226900033652782440e-03
6.406213622540235519e-03
6.314835045486688614e-03
6.377414334565401077e-03
6.219414994120597839e-03
6.235290784388780594e-03
6.203702650964260101e-03
6.418569013476371765e-03
6.261882372200489044e-03
6.395495496690273285e-03
6.282655056565999985e-03
6.211899686604738235e-03
6.478273309767246246e-03
6.246596574783325195e-03
6.361414678394794464e-03
6.340378895401954651e-03
6.397139281034469604e-03
6.561173126101493835e-03
6.536652334034442902e-03
6.378831807523965836e-03
6.424268707633018494e-03
6.215436849743127823e-03
6.525278557091951370e-03
6.434721872210502625e-03
6.372937001287937164e-03
6.650989875197410583e-03
6.204131525009870529e-03
6.379069760441780090e-03
6.283251103013753891e-03
6.360380910336971283e-03
6.338389124721288681e-03
6.746492348611354828e-03
6.719492375850677490e-03
6.524587050080299377e-03
6.453690119087696075e-03
6.505178753286600113e-03
6.210203748196363449e-03
6.378095131367444992e-03
6.579656153917312622e-03
6.356470752507448196e-03
6.125867366790771484e-03
6.357492879033088684e-03
6.607185117900371552e-03
6.165880709886550903e-03
6.200381554663181305e-03
6.126714870333671570e-03
6.326202768832445145e-03
6.303583271801471710e-03
6.460256408900022507e-03
6.349153351038694382e-03
6.383026484400033951e-03
6.653887219727039337e-03
6.244679447263479233e-03
6.246566772460937500e-03
6.216903682798147202e-03
6.527987774461507797e-03
6.198768969625234604e-03
6.319114938378334045e-03
6.491026841104030609e-03
6.537652574479579926e-03
6.823721807450056076e-03
6.606135983020067215e-03
6.191446911543607712e-03
6.398057565093040466e-03
6.251542363315820694e-03
6.229707971215248108e-03
6.358433049172163010e-03
7.417943794280290604e-03
6.177101749926805496e-03
6.393515504896640778e-03
6.209175568073987961e-03
7.020574528723955154e-03
6.522581446915864944e-03
6.259211339056491852e-03
6.291665136814117432e-03
6.218485534191131592e-03
6.143834441900253296e-03
6.277986336499452591e-03
6.283326540142297745e-03
6.628718227148056030e-03
6.495117209851741791e-03
6.306498311460018158e-03
6.155896466225385666e-03
6.157066673040390015e-03
6.503865122795104980e-03
6.198943126946687698e-03
6.283196620643138885e-03
6.421350408345460892e-03
6.202491465955972672e-03
7.008030544966459274e-03
6.291140336543321609e-03
6.727147381752729416e-03
6.154521834105253220e-03
6.317701656371355057e-03
6.286763120442628860e-03
6.359148304909467697e-03
6.407349836081266403e-03
7.143787108361721039e-03
7.030194159597158432e-03
6.426275707781314850e-03
6.352955009788274765e-03
6.125234533101320267e-03
6.354664918035268784e-03
6.170555017888545990e-03
6.232820916920900345e-03
6.215031258761882782e-03
6.160391960293054581e-03
6.335719954222440720e-03
6.168191786855459213e-03
6.205328740179538727e-03
6.123615428805351257e-03
6.337243132293224335e-03
6.379107944667339325e-03
6.178538314998149872e-03
6.216307636350393295e-03
6.190338637679815292e-03
6.338438950479030609e-03
6.412718910723924637e-03
6.119525991380214691e-03
6.633714772760868073e-03
6.212724838405847549e-03
6.212645210325717926e-03
6.387246772646903992e-03
6.184656172990798950e-03
6.282068323343992233e-03
6.184516940265893936e-03
6.486915517598390579e-03
6.474630441516637802e-03
6.204397883266210556e-03
6.152119953185319901e-03
6.296485662460327148e-03
6.750028114765882492e-03
6.939794402569532394e-03
6.389631424099206924e-03
6.354001816362142563e-03
6.328250747174024582e-03
6.515049375593662262e-03
6.841203197836875916e-03
6.336507853120565414e-03
6.142359226942062378e-03
6.285967305302619934e-03
6.333758123219013214e-03
6.368140690028667450e-03
6.278092041611671448e-03
6.287334486842155457e-03
6.428865715861320496e-03
6.304840091615915298e-03
6.303813308477401733e-03
6.190759129822254181e-03
6.508748978376388550e-03
6.187187042087316513e-03
6.290543358772993088e-03
6.400386337190866470e-03
6.321820896118879318e-03
6.340333726257085800e-03
6.325118243694305420e-03
6.212854292243719101e-03
6.103774067014455795e-03
6.298149470239877701e-03
6.253112573176622391e-03
6.254386622458696365e-03
6.654496304690837860e-03
6.357415579259395599e-03
6.479158066213130951e-03
6.476709619164466858e-03
6.262367591261863708e-03
6.223100237548351288e-03
6.377309095114469528e-03
6.498010829091072083e-03
6.376603618264198303e-03
6.176733411848545074e-03
6.122551392763853073e-03
6.206538062542676926e-03
6.241462193429470062e-03
6.093881092965602875e-03
6.109245587140321732e-03
6.377751007676124573e-03
6.212202366441488266e-03
6.335317622870206833e-03
6.230486556887626648e-03
6.547344382852315903e-03
6.488938350230455399e-03
6.355252116918563843e-03
6.464084144681692123e-03
6.727056112140417099e-03
6.643354892730712891e-03
6.622670684009790421e-03
6.436058320105075836e-03
6.206074729561805725e-03
6.244617048650979996e-03
6.396089214831590652e-03
6.183414254337549210e-03
6.260205060243606567e-03
6.184088066220283508e-03
6.175358779728412628e-03
6.264395546168088913e-03
6.705629173666238785e-03
6.307284347712993622e-03
6.493838969618082047e-03
6.501299329102039337e-03
6.484933197498321533e-03
6.239644251763820648e-03
6.237271707504987717e-03
6.522617302834987640e-03
6.289278157055377960e-03
6.224854383617639542e-03
6.439952645450830460e-03
6.408792454749345779e-03
6.314399652183055878e-03
6.196392234414815903e-03
6.167348008602857590e-03
6.122264545410871506e-03
6.193740759044885635e-03
6.313899997621774673e-03
6.536088418215513229e-03
6.609173491597175598e-03
6.197370588779449463e-03
6.411446258425712585e-03
6.395865231752395630e-03
6.992056965827941895e-03
6.132247392088174820e-03
6.422442384064197540e-03
6.377458572387695312e-03
6.104221567511558533e-03
6.152311339974403381e-03
6.280532572418451309e-03
6.398351397365331650e-03
6.227579433470964432e-03
6.211882922798395157e-03
6.190200336277484894e-03
6.075697951018810272e-03
6.483441218733787537e-03
6.239362992346286774e-03
6.162374746054410934e-03
6.302247289568185806e-03
6.149386521428823471e-03
6.491015199571847916e-03
6.409604102373123169e-03
6.259904708713293076e-03
6.124735809862613678e-03
6.547768600285053253e-03
6.324556190520524979e-03
6.370041519403457642e-03
6.146615836769342422e-03
6.272731814533472061e-03
6.326476112008094788e-03
6.276984233409166336e-03
6.702220067381858826e-03
6.501192227005958557e-03
6.369606591761112213e-03
6.519871763885021210e-03
6.532363593578338623e-03
6.106914486736059189e-03
6.428457796573638916e-03
6.384833250194787979e-03
6.543976720422506332e-03
6.193349603563547134e-03
6.249595433473587036e-03
6.493438966572284698e-03
6.135995034128427505e-03
6.223455071449279785e-03
6.241740193217992783e-03
6.073025986552238464e-03
6.849487777799367905e-03
6.713119801133871078e-03
6.529164966195821762e-03
6.351183634251356125e-03
6.695695221424102783e-03
6.165335886180400848e-03
6.153342314064502716e-03
6.369293201714754105e-03
6.374991498887538910e-03
6.236773449927568436e-03
6.345639470964670181e-03
6.439577788114547729e-03
6.105790846049785614e-03
6.246373057365417480e-03
6.755517330020666122e-03
6.358904298394918442e-03
6.309152580797672272e-03
6.229546386748552322e-03
6.403188686817884445e-03
6.110001821070909500e-03
6.838473957031965256e-03
6.704533472657203674e-03
6.134449969977140427e-03
6.433257367461919785e-03
6.339038722217082977e-03
6.281353998929262161e-03
6.274504587054252625e-03
6.119504105299711227e-03
6.363342981785535812e-03
6.142043042927980423e-03
6.198017392307519913e-03
6.992496550083160400e-03
6.840068381279706955e-03
6.993124727159738541e-03
6.396370939910411835e-03
6.190365646034479141e-03
6.257997825741767883e-03
6.179552990943193436e-03
6.330423988401889801e-03
6.409786641597747803e-03
6.238446570932865143e-03
6.613955367356538773e-03
6.437004543840885162e-03
6.857817061245441437e-03
6.337286904454231262e-03
6.534483283758163452e-03
7.115012500435113907e-03
6.243808660656213760e-03
6.391935981810092926e-03
6.188025698065757751e-03
6.244192831218242645e-03
6.176059134304523468e-03
6.309027317911386490e-03
6.568977609276771545e-03
6.299783010035753250e-03
6.226209923624992371e-03
6.511990446597337723e-03
6.334514357149600983e-03
6.212123669683933258e-03
6.198799237608909607e-03
6.481483578681945801e-03
6.248290650546550751e-03
6.350663956254720688e-03
6.375128403306007385e-03
6.271013990044593811e-03
6.246409844607114792e-03
6.719906814396381378e-03
6.228887941688299179e-03
6.121946964412927628e-03
6.295629777014255524e-03
7.123477756977081299e-03
6.405926775187253952e-03
6.111003458499908447e-03
6.176608148962259293e-03
6.245342083275318146e-03
6.552353501319885254e-03
6.233472842723131180e-03
6.089263595640659332e-03
6.286798976361751556e-03
6.304060108959674835e-03
6.137799937278032303e-03
6.460108794271945953e-03
6.383173633366823196e-03
6.373167037963867188e-03
6.227300036698579788e-03
6.421348080039024353e-03
6.247795186936855316e-03
6.385975517332553864e-03
6.201659329235553741e-03
6.253846455365419388e-03
6.318161729723215103e-03
6.101085338741540909e-03
6.261139176785945892e-03
6.364312488585710526e-03
6.372808478772640228e-03
6.364318076521158218e-03
6.512367632240056992e-03
6.507747806608676910e-03
6.730770692229270935e-03
6.265409756451845169e-03
6.161835510283708572e-03
6.165101658552885056e-03
6.105269305408000946e-03
6.156433839350938797e-03
6.238373462110757828e-03
6.358430720865726471e-03
6.272702477872371674e-03
6.271680817008018494e-03
6.177136208862066269e-03
6.253072991967201233e-03
6.185861770063638687e-03
6.519631948322057724e-03
6.511691957712173462e-03
7.407311350107192993e-03
6.581502966582775116e-03
6.719999015331268311e-03
6.609636358916759491e-03
6.305757444351911545e-03
6.712892092764377594e-03
6.271878723055124283e-03
6.125290412455797195e-03
6.144615821540355682e-03
6.229689344763755798e-03
6.249082274734973907e-03
6.080440245568752289e-03
6.350619718432426453e-03
6.152193527668714523e-03
6.201265845447778702e-03
6.201760377734899521e-03
6.324050948023796082e-03
6.405994296073913574e-03
6.136174779385328293e-03
6.207101978361606598e-03
6.174040026962757111e-03
6.215563043951988220e-03
6.245276425033807755e-03
6.847999058663845062e-03
6.449588108807802200e-03
6.223015952855348587e-03
6.172119639813899994e-03
6.106984335929155350e-03
6.099517922848463058e-03
6.081817671656608582e-03
6.100231315940618515e-03
6.201986689120531082e-03
6.139216013252735138e-03
6.279709748923778534e-03
6.231707986444234848e-03
6.161855533719062805e-03
6.147659849375486374e-03
6.454775109887123108e-03
6.604045163840055466e-03
6.839966401457786560e-03
6.301627494394779205e-03
6.253196392208337784e-03
6.303035188466310501e-03
6.975649390369653702e-03
6.307941395789384842e-03
6.320174783468246460e-03
6.126015912741422653e-03
6.456311326473951340e-03
6.996051408350467682e-03
6.099718622863292694e-03
6.246915552765130997e-03
6.198590621352195740e-03
6.317116785794496536e-03
6.337104830890893936e-03
6.219536997377872467e-03
6.203582510352134705e-03
6.257663480937480927e-03
6.414930801838636398e-03
6.371060386300086975e-03
6.297146901488304138e-03
6.081244442611932755e-03
6.100118160247802734e-03
6.224690005183219910e-03
6.199129391461610794e-03
6.105579901486635208e-03
6.268719676882028580e-03
6.129050627350807190e-03
6.067866925150156021e-03
6.339206360280513763e-03
6.248208228498697281e-03
6.237330846488475800e-03
6.415452808141708374e-03
6.282489746809005737e-03
6.199755705893039703e-03
6.567696575075387955e-03
6.229116115719079971e-03
6.327476818114519119e-03
6.307911593466997147e-03
6.080804392695426941e-03
6.435807328671216965e-03
6.698538549244403839e-03
6.143219769001007080e-03
6.192848086357116699e-03
6.329399533569812775e-03
6.633493583649396896e-03
6.149254739284515381e-03
6.182294338941574097e-03
6.323546636849641800e-03
6.291407160460948944e-03
6.267839111387729645e-03
6.474019959568977356e-03
6.286098621785640717e-03
6.234487053006887436e-03
6.110629066824913025e-03
6.391178816556930542e-03
6.483366712927818298e-03
6.666186731308698654e-03
6.437108851969242096e-03
6.120726466178894043e-03
6.242990959435701370e-03
6.315449718385934830e-03
6.095255259424448013e-03
6.114342249929904938e-03
6.730531342327594757e-03
6.672841962426900864e-03
6.272374652326107025e-03
6.159901153296232224e-03
6.274348590523004532e-03
6.421817000955343246e-03
7.353581488132476807e-03
6.075603421777486801e-03
6.061382591724395752e-03
6.162038538604974747e-03
6.135298404842615128e-03
6.189297419041395187e-03
6.162220612168312073e-03
6.454510148614645004e-03
6.570022087544202805e-03
6.293803453445434570e-03
6.299499422311782837e-03
6.135717965662479401e-03
6.687325891107320786e-03
6.179960444569587708e-03
6.197240669280290604e-03
6.224432960152626038e-03
6.253286264836788177e-03
6.358139682561159134e-03
6.350847892463207245e-03
6.191067863255739212e-03
6.138441152870655060e-03
6.317067425698041916e-03
6.229263730347156525e-03
6.270342040807008743e-03
6.477215327322483063e-03
6.118538789451122284e-03
6.334448698908090591e-03
6.376783363521099091e-03
6.191303953528404236e-03
6.358476821333169937e-03
6.645328365266323090e-03
6.274285260587930679e-03
6.479631643742322922e-03
6.378325633704662323e-03
6.364363245666027069e-03
6.387597415596246719e-03
6.276341155171394348e-03
6.174702197313308716e-03
6.138019729405641556e-03
6.304370239377021790e-03
6.338701583445072174e-03
7.029927335679531097e-03
6.130761466920375824e-03
6.214517634361982346e-03
6.375676952302455902e-03
6.257946603000164032e-03
6.223922129720449448e-03
6.163212005048990250e-03
6.188574247062206268e-03
6.161101162433624268e-03
6.293562706559896469e-03
6.490800529718399048e-03
6.817208603024482727e-03
6.541159003973007202e-03
6.492763292044401169e-03
6.129307672381401062e-03
6.562396418303251266e-03
6.234147585928440094e-03
6.268641911447048187e-03
6.148315034806728363e-03
6.605065427720546722e-03
6.135337520390748978e-03
6.141181569546461105e-03
6.079383194446563721e-03
6.016901228576898575e-03
6.373356096446514130e-03
6.192300934344530106e-03
6.186859682202339172e-03
6.119384430348873138e-03
6.065105088055133820e-03
6.865825038403272629e-03
6.186053156852722168e-03
6.068140268325805664e-03
6.815482396632432938e-03
6.460134405642747879e-03
6.185719743371009827e-03
6.209487095475196838e-03
6.278065498918294907e-03
6.118350662291049957e-03
6.601697299629449844e-03
6.372896023094654083e-03
6.986078340560197830e-03
7.056692149490118027e-03
6.424219347536563873e-03
6.237070076167583466e-03
6.138752680271863937e-03
6.306516472250223160e-03
6.149881053715944290e-03
6.185011472553014755e-03
6.126140244305133820e-03
6.438775453716516495e-03
6.276772823184728622e-03
6.269535981118679047e-03
6.127398926764726639e-03
6.122203078120946884e-03
6.218172609806060791e-03
6.552357226610183716e-03
6.331589072942733765e-03
6.586493458598852158e-03
6.162818055599927902e-03
6.377783138304948807e-03
6.231984123587608337e-03
6.143134552985429764e-03
6.198727060109376907e-03
6.322417873889207840e-03
6.329656578600406647e-03
6.474786903709173203e-03
6.247776560485363007e-03
6.418366450816392899e-03
6.168239284306764603e-03
6.069014314562082291e-03
6.400980986654758453e-03
6.218901835381984711e-03
6.514080334454774857e-03
6.236355286091566086e-03
6.482194177806377411e-03
6.183764897286891937e-03
6.231652107089757919e-03
6.256990134716033936e-03
6.281063891947269440e-03
6.542086135596036911e-03
6.054778583347797394e-03
6.100434809923171997e-03
6.416842807084321976e-03
6.362879183143377304e-03
6.355279125273227692e-03
6.353111471980810165e-03
6.577271968126296997e-03
6.077923811972141266e-03
6.390824448317289352e-03
6.264666561037302017e-03
6.074476987123489380e-03
6.387326400727033615e-03
6.106644868850708008e-03
6.154774688184261322e-03
6.176838185638189316e-03
6.922442931681871414e-03
6.175534799695014954e-03
6.133573129773139954e-03
6.283523514866828918e-03
6.211195606738328934e-03
6.187086459249258041e-03
6.312594283372163773e-03
6.570529658347368240e-03
6.294239312410354614e-03
6.172060035169124603e-03
6.210641935467720032e-03
6.064374931156635284e-03
6.231265142560005188e-03
6.301465909928083420e-03
6.193481385707855225e-03
6.597962230443954468e-03
6.193368695676326752e-03
6.269518751651048660e-03
6.354639772325754166e-03
6.569217424839735031e-03
6.084792315959930420e-03
6.400576326996088028e-03
6.359148304909467697e-03
6.161345168948173523e-03
6.391093134880065918e-03
6.067106500267982483e-03
6.230525672435760498e-03
6.281096022576093674e-03
7.116703782230615616e-03
6.704942788928747177e-03
6.148814689368009567e-03
6.196023896336555481e-03
6.203487049788236618e-03
6.192778237164020538e-03
6.240667775273323059e-03
6.646650843322277069e-03
6.378225050866603851e-03
6.217294372618198395e-03
6.122045218944549561e-03
6.338851526379585266e-03
6.278416141867637634e-03
6.292724981904029846e-03
6.107762455940246582e-03
6.304551847279071808e-03
6.464651320129632950e-03
6.237940397113561630e-03
6.470278371125459671e-03
6.219771225005388260e-03
6.136145908385515213e-03
6.111354567110538483e-03
6.221906282007694244e-03
6.323210429400205612e-03
6.091684568673372269e-03
6.154962349683046341e-03
6.173328030854463577e-03
6.131354253739118576e-03
6.299510598182678223e-03
6.227365694940090179e-03
6.228814832866191864e-03
7.264644373208284378e-03
6.228125188499689102e-03
6.254589650779962540e-03
6.279674358665943146e-03
6.664083339273929596e-03
6.539192050695419312e-03
6.703692022711038589e-03
6.178958341479301453e-03
6.458397023379802704e-03
6.457231938838958740e-03
6.301221903413534164e-03
6.171665620058774948e-03
6.334797013550996780e-03
6.076423916965723038e-03
6.119673140347003937e-03
6.280706729739904404e-03
6.271881982684135437e-03
6.469464860856533051e-03
6.495243869721889496e-03
6.179846357554197311e-03
6.364420056343078613e-03
6.264206487685441971e-03
6.271926686167716980e-03
6.783516146242618561e-03
6.116977427154779434e-03
6.258071865886449814e-03
6.108593195676803589e-03
6.139659322798252106e-03
6.160624790936708450e-03
6.239549722522497177e-03
6.393734831362962723e-03
6.358202546834945679e-03
6.540055852383375168e-03
6.229089573025703430e-03
6.098032929003238678e-03
6.212187930941581726e-03
6.150022614747285843e-03
6.115420255810022354e-03
6.393206305801868439e-03
6.392284762114286423e-03
6.118713412433862686e-03
6.086965557187795639e-03
6.375189404934644699e-03
6.338481791317462921e-03
6.112966686487197876e-03
6.191988009959459305e-03
6.120529491454362869e-03
6.179076153784990311e-03
6.370023824274539948e-03
6.211996544152498245e-03
6.257446017116308212e-03
6.141192745417356491e-03
6.339118350297212601e-03
6.194789893925189972e-03
6.135944277048110962e-03
6.170124746859073639e-03
6.267119664698839188e-03
6.379179190844297409e-03
6.800460629165172577e-03
6.315531674772500992e-03
6.170066539198160172e-03
6.295530125498771667e-03
6.129787769168615341e-03
6.121372804045677185e-03
6.065404042601585388e-03
6.230307742953300476e-03
6.135392468422651291e-03
6.115405820310115814e-03
6.299681030213832855e-03
6.105723790824413300e-03
6.692345719784498215e-03
6.129459012299776077e-03
6.160653196275234222e-03
6.938603240996599197e-03
6.570279132574796677e-03
6.197991315275430679e-03
6.132846232503652573e-03
6.578487344086170197e-03
6.186985876411199570e-03
6.358506157994270325e-03
6.164060439914464951e-03
6.034263875335454941e-03
6.137027870863676071e-03
6.055790465325117111e-03
6.330446805804967880e-03
6.259221583604812622e-03
6.206155288964509964e-03
6.351388990879058838e-03
6.334871519356966019e-03
6.243688520044088364e-03
6.057546939700841904e-03
6.148301996290683746e-03
6.256465800106525421e-03
6.237106863409280777e-03
6.133586633950471878e-03
6.755979731678962708e-03
6.261811126023530960e-03
6.091573741286993027e-03
6.178353913128376007e-03
6.112343631684780121e-03
6.359924562275409698e-03
6.159991025924682617e-03
6.066064350306987762e-03
6.139435339719057083e-03
6.156794726848602295e-03
6.296938285231590271e-03
6.130711641162633896e-03
6.162259727716445923e-03
6.153946742415428162e-03
6.208111532032489777e-03
6.402126513421535492e-03
6.687343586236238480e-03
6.195390131324529648e-03
6.217029877007007599e-03
6.822523660957813263e-03
6.216952577233314514e-03
6.397914607077836990e-03
6.309675518423318863e-03
6.140880752354860306e-03
6.268710829317569733e-03
6.192079279571771622e-03
6.496432237327098846e-03
6.148111540824174881e-03
6.111554801464080811e-03
6.101932842284440994e-03
6.216441746801137924e-03
6.298914551734924316e-03
6.320448126643896103e-03
6.215975619852542877e-03
6.165114697068929672e-03
6.236104294657707214e-03
6.172890309244394302e-03
6.912516895681619644e-03
6.214627064764499664e-03
6.102945189923048019e-03
6.233689840883016586e-03
6.538058631122112274e-03
6.134909577667713165e-03
6.079226732254028320e-03
6.108434870839118958e-03
6.211975123733282089e-03
6.152729038149118423e-03
6.345656700432300568e-03
6.257336586713790894e-03
6.630005780607461929e-03
6.519214715808629990e-03
6.233602762222290039e-03
6.181956734508275986e-03
6.225196179002523422e-03
6.341663189232349396e-03
6.768326275050640106e-03
6.090332288295030594e-03
6.087702233344316483e-03
6.284341681748628616e-03
6.053220015019178391e-03
6.075945682823657990e-03
6.547051947563886642e-03
6.083386484533548355e-03
6.296368315815925598e-03
6.298844236880540848e-03
6.152558140456676483e-03
6.463186815381050110e-03
6.351424381136894226e-03
6.291881203651428223e-03
6.213925313204526901e-03
6.089921109378337860e-03
6.101253442466259003e-03
6.199491210281848907e-03
6.464558187872171402e-03
6.061528343707323074e-03
6.195018533617258072e-03
6.104973144829273224e-03
6.032558158040046692e-03
6.229413207620382309e-03
6.116298492997884750e-03
6.035848520696163177e-03
6.155874580144882202e-03
6.250606849789619446e-03
6.206269375979900360e-03
6.065065972506999969e-03
6.151429843157529831e-03
6.293182261288166046e-03
6.433301605284214020e-03
7.008250802755355835e-03
6.053439807146787643e-03
6.589845288544893265e-03
6.163842044770717621e-03
6.528737954795360565e-03
6.162383593618869781e-03
6.149831227958202362e-03
6.112330127507448196e-03
6.080717779695987701e-03
6.306460592895746231e-03
6.561819463968276978e-03
6.742361467331647873e-03
6.172010675072669983e-03
6.163021083921194077e-03
6.189367268234491348e-03
6.296847481280565262e-03
6.037995219230651855e-03
6.052687298506498337e-03
6.076709367334842682e-03
6.168571300804615021e-03
6.300999782979488373e-03
6.408608052879571915e-03
6.451578810811042786e-03
6.471306085586547852e-03
6.052870303392410278e-03
6.063806358724832535e-03
6.387056782841682434e-03
6.226974073797464371e-03
6.426375359296798706e-03
6.470564287155866623e-03
6.177251227200031281e-03
6.359300576150417328e-03
6.061765830963850021e-03
6.177383475005626678e-03
6.360641680657863617e-03
6.555913947522640228e-03
6.358572281897068024e-03
6.116702221333980560e-03
6.496042013168334961e-03
6.540677044540643692e-03
6.236184388399124146e-03
6.386921275407075882e-03
6.117618177086114883e-03
6.155702285468578339e-03
6.112393923103809357e-03
6.183208432048559189e-03
6.192893255501985550e-03
6.077480968087911606e-03
6.176328752189874649e-03
6.666250526905059814e-03
6.571797654032707214e-03
6.130613852292299271e-03
6.130200810730457306e-03
6.227294448763132095e-03
6.326673086732625961e-03
6.083087529987096786e-03
6.150037515908479691e-03
6.031348835676908493e-03
6.029243115335702896e-03
6.205342710018157959e-03
6.230116356164216995e-03
6.285284645855426788e-03
6.045825313776731491e-03
6.318398285657167435e-03
6.113366689532995224e-03
6.314903963357210159e-03
6.041953340172767639e-03
6.087068933993577957e-03
6.256812252104282379e-03
6.285728421062231064e-03
6.469992455095052719e-03
6.381880026310682297e-03
6.397721823304891586e-03
6.365376990288496017e-03
6.256002932786941528e-03
6.221197545528411865e-03
6.653855089098215103e-03
6.212270818650722504e-03
6.280447356402873993e-03
6.023263558745384216e-03
6.485946010798215866e-03
7.038680370897054672e-03
6.207365542650222778e-03
6.081745959818363190e-03
6.474112160503864288e-03
6.160854361951351166e-03
6.111505441367626190e-03
6.281968671828508377e-03
6.185342557728290558e-03
6.182817276567220688e-03
6.302881520241498947e-03
6.440182216465473175e-03
6.352331489324569702e-03
6.271109916269779205e-03
6.054572295397520065e-03
6.374506279826164246e-03
6.032213103026151657e-03
6.154205650091171265e-03
6.134185474365949631e-03
6.094609387218952179e-03
6.066455505788326263e-03
6.196698173880577087e-03
6.125660613179206848e-03
6.460318807512521744e-03
6.544125266373157501e-03
6.354739889502525330e-03
6.211939733475446701e-03
6.105669774115085602e-03
6.183673162013292313e-03
6.168673746287822723e-03
6.110391579568386078e-03
6.095777265727519989e-03
6.082906853407621384e-03
6.096686702221632004e-03
6.110400892794132233e-03
6.467792671173810959e-03
6.218926981091499329e-03
6.286979187279939651e-03
6.118764169514179230e-03
6.140267942100763321e-03
6.032777018845081329e-03
6.265297997742891312e-03
6.500353571027517319e-03
6.812982726842164993e-03
6.387851200997829437e-03
6.067928858101367950e-03
6.159145385026931763e-03
6.209158338606357574e-03
6.575426552444696426e-03
6.094221025705337524e-03
6.019696127623319626e-03
6.273767910897731781e-03
6.415899842977523804e-03
6.153168622404336929e-03
6.369428709149360657e-03
6.505567580461502075e-03
6.351599469780921936e-03
6.520337425172328949e-03
6.271576508879661560e-03
6.461582146584987640e-03
6.062307395040988922e-03
6.600544322282075882e-03
6.327491253614425659e-03
6.324815563857555389e-03
6.184982601553201675e-03
6.306503899395465851e-03
6.111466791480779648e-03
6.226256024092435837e-03
6.140639074146747589e-03
6.092581897974014282e-03
6.162249483168125153e-03
6.068658083677291870e-03
6.253285799175500870e-03
6.278011947870254517e-03
6.358108948916196823e-03
6.321338005363941193e-03
6.116464268416166306e-03
6.310022436082363129e-03
6.049226503819227219e-03
6.584749091416597366e-03
6.399890407919883728e-03
6.158529315143823624e-03
6.365744397044181824e-03
6.084274966269731522e-03
6.139277946203947067e-03
6.058100145310163498e-03
6.226228550076484680e-03
6.924815010279417038e-03
6.408702582120895386e-03
6.562734488397836685e-03
6.235324312001466751e-03
6.605370435863733292e-03
6.318142637610435486e-03
6.307126022875308990e-03
6.130695808678865433e-03
6.238439120352268219e-03
6.432087626308202744e-03
6.326857022941112518e-03
6.347723770886659622e-03
6.133145187050104141e-03
6.179152987897396088e-03
6.215380039066076279e-03
6.138865370303392410e-03
6.104395259171724319e-03
6.207953207194805145e-03
6.702157668769359589e-03
6.096468307077884674e-03
6.106293760240077972e-03
6.700843572616577148e-03
6.762105040252208710e-03
6.126643624156713486e-03
6.420553196221590042e-03
6.240952294319868088e-03
6.491640117019414902e-03
6.409708410501480103e-03
6.338833365589380264e-03
6.130336783826351166e-03
5.984568037092685699e-03
6.053634919226169586e-03
6.191342137753963470e-03
6.006211042404174805e-03
6.107658147811889648e-03
6.190879270434379578e-03
6.184557452797889709e-03
6.326830945909023285e-03
6.493327207863330841e-03
6.313533987849950790e-03
6.107637658715248108e-03
6.548648234456777573e-03
6.134701892733573914e-03
6.668679881840944290e-03
6.437414791435003281e-03
6.133655086159706116e-03
6.204005796462297440e-03
6.067254114896059036e-03
6.020448170602321625e-03
6.459828466176986694e-03
6.089977920055389404e-03
6.235308013856410980e-03
6.131707690656185150e-03
6.162947509437799454e-03
6.351927295327186584e-03
6.134571041911840439e-03
6.618166342377662659e-03
6.243076175451278687e-03
6.068321876227855682e-03
6.139772012829780579e-03
6.312998011708259583e-03
6.183080840855836868e-03
6.341222673654556274e-03
6.168034859001636505e-03
6.071220152080059052e-03
6.155502982437610626e-03
6.191596854478120804e-03
6.025201641023159027e-03
6.165890954434871674e-03
6.484463810920715332e-03
6.129824090749025345e-03
6.399021483957767487e-03
6.481012795120477676e-03
6.406192667782306671e-03
6.203303579241037369e-03
6.570146419107913971e-03
6.404140032827854156e-03
6.196957547217607498e-03
6.353656761348247528e-03
6.480476818978786469e-03
6.178209092468023300e-03
6.121000740677118301e-03
6.121959537267684937e-03
6.106179207563400269e-03
6.044716108590364456e-03
6.314180791378021240e-03
6.054834928363561630e-03
6.010093260556459427e-03
6.118009798228740692e-03
6.154435686767101288e-03
6.464597769081592560e-03
6.034691818058490753e-03
6.025358568876981735e-03
6.270663347095251083e-03
6.051799748092889786e-03
6.420033983886241913e-03
6.264940369874238968e-03
6.206400692462921143e-03
6.189092062413692474e-03
6.295389961451292038e-03
6.364129483699798584e-03
6.791288498789072037e-03
6.307565141469240189e-03
6.424118764698505402e-03
6.073633674532175064e-03
6.324454210698604584e-03
6.324962247163057327e-03
6.195739377290010452e-03
6.114241201430559158e-03
6.625110283493995667e-03
6.905134767293930054e-03
6.299097090959548950e-03
6.229615770280361176e-03
6.351750344038009644e-03
6.136015988886356354e-03
6.034669466316699982e-03
6.447540596127510071e-03
6.213509012013673782e-03
6.134238559752702713e-03
6.175643764436244965e-03
6.314379163086414337e-03
6.223964504897594452e-03
6.475377362221479416e-03
6.235867273062467575e-03
6.144368089735507965e-03
6.191029679030179977e-03
6.506281904876232147e-03
6.043586879968643188e-03
6.166640203446149826e-03
6.464879028499126434e-03
6.230142433196306229e-03
6.348263006657361984e-03
6.158078555017709732e-03
6.074253469705581665e-03
6.548595614731311798e-03
6.543813738971948624e-03
6.096934899687767029e-03
6.302344147115945816e-03
6.227421574294567108e-03
5.995986983180046082e-03
6.210113409906625748e-03
6.127946078777313232e-03
6.185285281389951706e-03
6.031832192093133926e-03
6.135608069598674774e-03
6.446166429668664932e-03
6.127309054136276245e-03
6.235654931515455246e-03
6.145867519080638885e-03
6.003148388117551804e-03
6.257608998566865921e-03
6.548564881086349487e-03
5.985958501696586609e-03
6.229649297893047333e-03
6.223298609256744385e-03
6.366335321217775345e-03
6.463918369263410568e-03
6.336660124361515045e-03
6.270724814385175705e-03
6.413589231669902802e-03
5.997256375849246979e-03
6.001375149935483932e-03
6.133794784545898438e-03
5.994300823658704758e-03
6.264532916247844696e-03
6.056384183466434479e-03
6.369971204549074173e-03
6.010263692587614059e-03
5.982460454106330872e-03
6.494135595858097076e-03
6.537502631545066833e-03
6.126840598881244659e-03
6.239268463104963303e-03
6.184597499668598175e-03
5.982279311865568161e-03
6.286288611590862274e-03
6.293247453868389130e-03
6.174229085445404053e-03
6.034455727785825729e-03
6.161448080092668533e-03
6.009226664900779724e-03
6.254376843571662903e-03
6.189261097460985184e-03
6.110520102083683014e-03
6.329426076263189316e-03
6.433278787881135941e-03
6.295437458902597427e-03
6.221244111657142639e-03
6.399904377758502960e-03
6.093593779951334000e-03
6.997177843004465103e-03
6.755240261554718018e-03
6.355546414852142334e-03
6.159408483654260635e-03
6.088132504373788834e-03
6.087517365813255310e-03
6.295240018516778946e-03
6.312479730695486069e-03
6.071496289223432541e-03
6.252711173146963120e-03
6.125059444457292557e-03
6.056361831724643707e-03
6.358597893267869949e-03
6.253053434193134308e-03
6.141523364931344986e-03
6.492771673947572708e-03
6.223160773515701294e-03
6.173931527882814407e-03
6.112433038651943207e-03
6.438411306589841843e-03
6.409623660147190094e-03
6.244876887649297714e-03
6.173868197947740555e-03
6.932551041245460510e-03
6.062591914087533951e-03
6.467486731708049774e-03
6.169834174215793610e-03
6.110414396971464157e-03
6.459554657340049744e-03
6.335601676255464554e-03
6.384426262229681015e-03
6.200371775776147842e-03
6.189319770783185959e-03
6.113419774919748306e-03
6.228740792721509933e-03
6.077556870877742767e-03
6.686602719128131866e-03
6.049516610801219940e-03
6.044479552656412125e-03
6.501830182969570160e-03
6.080633029341697693e-03
5.988066084682941437e-03
6.199753377586603165e-03
6.447244435548782349e-03
6.083219777792692184e-03
6.066178437322378159e-03
6.009294651448726654e-03
6.006221752613782883e-03
6.154228001832962036e-03
6.637561134994029999e-03
6.345494650304317474e-03
6.084727123379707336e-03
6.176743190735578537e-03
6.146740168333053589e-03
6.191156804561614990e-03
6.018437445163726807e-03
6.264850497245788574e-03
6.148320622742176056e-03
6.282059010118246078e-03
6.316061131656169891e-03
6.236965768039226532e-03
6.184661760926246643e-03
6.225792225450277328e-03
6.233712192624807358e-03
6.370647810399532318e-03
6.136865355074405670e-03
6.169158965349197388e-03
6.087482906877994537e-03
6.554595660418272018e-03
6.314274854958057404e-03
6.185843143612146378e-03
6.337744183838367462e-03
6.436353083699941635e-03
6.138687022030353546e-03
6.454808171838521957e-03
6.109042093157768250e-03
6.057041697204113007e-03
6.865575909614562988e-03
6.349890958517789841e-03
6.153771653771400452e-03
6.340474355965852737e-03
6.046728696674108505e-03
6.134012248367071152e-03
5.997644737362861633e-03
6.102018523961305618e-03
6.448181346058845520e-03
6.494354922324419022e-03
6.315430160611867905e-03
6.008165422827005386e-03
6.245058029890060425e-03
6.570998113602399826e-03
6.244598887860774994e-03
6.027314346283674240e-03
6.161198485642671585e-03
6.199795752763748169e-03
6.058873143047094345e-03
7.022271398454904556e-03
6.487543229013681412e-03
6.050567142665386200e-03
6.205366924405097961e-03
6.145281251519918442e-03
6.192384287714958191e-03
6.199565716087818146e-03
6.392371840775012970e-03
6.460302043706178665e-03
6.053586024791002274e-03
5.963588133454322815e-03
6.065279245376586914e-03
6.313502322882413864e-03
6.443042308092117310e-03
6.136733572930097580e-03
6.662869360297918320e-03
6.218752823770046234e-03
6.209235172718763351e-03
6.243519484996795654e-03
6.018199957907199860e-03
6.000931840389966965e-03
6.076058372855186462e-03
6.050810217857360840e-03
6.690755952149629593e-03
6.463324651122093201e-03
6.597093772143125534e-03
6.055055651813745499e-03
6.138171534985303879e-03
6.155996583402156830e-03
6.378843914717435837e-03
6.386812776327133179e-03
6.000061519443988800e-03
6.120590027421712875e-03
6.373521406203508377e-03
6.173403002321720123e-03
6.009717937558889389e-03
5.974321626126766205e-03
6.229560356587171555e-03
6.302404683083295822e-03
5.951809696853160858e-03
6.170686800032854080e-03
6.329070776700973511e-03
6.929387804120779037e-03
6.518607959151268005e-03
6.213584914803504944e-03
6.140094250440597534e-03
6.124974694103002548e-03
6.347471848130226135e-03
6.051566917449235916e-03
6.427266635000705719e-03
6.566623225808143616e-03
6.412253715097904205e-03
6.115139462053775787e-03
6.206410005688667297e-03
6.254067644476890564e-03
6.395997479557991028e-03
6.287613417953252792e-03
6.215722300112247467e-03
6.078574806451797485e-03
6.070380564779043198e-03
6.259562447667121887e-03
6.126832682639360428e-03
5.955260246992111206e-03
6.269695702940225601e-03
6.078448146581649780e-03
5.959820467978715897e-03
6.046738475561141968e-03
6.067302543669939041e-03
6.104456726461648941e-03
6.045215297490358353e-03
6.036676466464996338e-03
6.109672132879495621e-03
6.106530781835317612e-03
6.578336935490369797e-03
7.041143253445625305e-03
6.630891468375921249e-03
6.697982084006071091e-03
6.360244937241077423e-03
6.043151486665010452e-03
6.174870766699314117e-03
6.287652067840099335e-03
5.997783504426479340e-03
6.070156581699848175e-03
6.056942977011203766e-03
6.181973963975906372e-03
6.006570532917976379e-03
6.378672085702419281e-03
6.256412249058485031e-03
6.126615684479475021e-03
6.865853909403085709e-03
6.170025561004877090e-03
6.050337571650743484e-03
6.106737069785594940e-03
6.171518005430698395e-03
6.141228601336479187e-03
6.200062111020088196e-03
6.269900593906641006e-03
6.060951855033636093e-03
6.124292965978384018e-03
6.035784725099802017e-03
6.173968780785799026e-03
6.030256859958171844e-03
5.976268555968999863e-03
6.329041905701160431e-03
6.289576180279254913e-03
6.010709796100854874e-03
6.207751575857400894e-03
6.012484896928071976e-03
6.719334051012992859e-03
6.531632971018552780e-03
6.042599678039550781e-03
6.136684212833642960e-03
6.457753479480743408e-03
6.883451715111732483e-03
6.340186111629009247e-03
6.081327330321073532e-03
6.461811251938343048e-03
6.251860875636339188e-03
6.037170067429542542e-03
6.366499233990907669e-03
6.469233427196741104e-03
6.171860732138156891e-03
6.105585023760795593e-03
6.017151754349470139e-03
5.987578071653842926e-03
5.993322469294071198e-03
6.036295555531978607e-03
6.543654017150402069e-03
6.352159660309553146e-03
6.037892308086156845e-03
6.147991865873336792e-03
6.184491794556379318e-03
6.313992664217948914e-03
6.319114938378334045e-03
6.079113576561212540e-03
6.672906689345836639e-03
6.037778221070766449e-03
6.403475068509578705e-03
6.267459131777286530e-03
6.242173258215188980e-03
6.421308498829603195e-03
6.302937865257263184e-03
6.173972971737384796e-03
6.074878852814435959e-03
5.970211233943700790e-03
5.983181297779083252e-03
6.089059635996818542e-03
6.140350829809904099e-03
6.581210996955633163e-03
6.078826263546943665e-03
6.297810003161430359e-03
6.204492412507534027e-03
6.271584890782833099e-03
6.077214144170284271e-03
6.345368921756744385e-03
6.000403780490159988e-03
6.210343912243843079e-03
6.320950109511613846e-03
6.150600034743547440e-03
6.409326568245887756e-03
6.011026911437511444e-03
6.022793240845203400e-03
6.042255088686943054e-03
6.248448509722948074e-03
6.512056104838848114e-03
6.319213658571243286e-03
6.333068944513797760e-03
6.077436264604330063e-03
6.270865909755229950e-03
6.070577073842287064e-03
6.017546169459819794e-03
6.065814290195703506e-03
6.432756315916776657e-03
6.146417465060949326e-03
6.136449985206127167e-03
6.140551995486021042e-03
6.203785073012113571e-03
6.107896100729703903e-03
6.716009695082902908e-03
6.207216996699571609e-03
6.245839409530162811e-03
5.969690158963203430e-03
6.285470910370349884e-03
6.024103611707687378e-03
6.857905536890029907e-03
6.314839702099561691e-03
6.148640532046556473e-03
6.000134162604808807e-03
6.142831407487392426e-03
6.236151792109012604e-03
6.423674058169126511e-03
5.997342057526111603e-03
6.045118439942598343e-03
6.080115213990211487e-03
5.986540578305721283e-03
6.483948789536952972e-03
6.146218627691268921e-03
6.231906358152627945e-03
6.277605425566434860e-03
6.130902096629142761e-03
6.078628823161125183e-03
6.250994745641946793e-03
6.210017018020153046e-03
6.254151929169893265e-03
6.152839399874210358e-03
6.069676019251346588e-03
6.356044206768274307e-03
6.210596766322851181e-03
6.315135397017002106e-03
6.346211768686771393e-03
6.016003433614969254e-03
6.145623512566089630e-03
6.541580427438020706e-03
6.177647970616817474e-03
6.408133078366518021e-03
6.199941039085388184e-03
6.112494505941867828e-03
6.254406180232763290e-03
6.147142499685287476e-03
6.352621130645275116e-03
6.071878597140312195e-03
6.284973584115505219e-03
6.353267468512058258e-03
6.066746544092893600e-03
6.370118353515863419e-03
5.982063245028257370e-03
6.163245067000389099e-03
6.419524084776639938e-03
6.171347107738256454e-03
6.597217638045549393e-03
6.628714501857757568e-03
6.335685960948467255e-03
6.490867119282484055e-03
6.262277252972126007e-03
6.168314255774021149e-03
6.134593393653631210e-03
6.083358544856309891e-03
6.131778005510568619e-03
6.131516303867101669e-03
5.972417071461677551e-03
5.998261272907257080e-03
6.061729043722152710e-03
6.124612875282764435e-03
6.097165402024984360e-03
6.120037753134965897e-03
6.019387859851121902e-03
6.076455581933259964e-03
6.017713341861963272e-03
6.146027706563472748e-03
6.466894410550594330e-03
6.291058845818042755e-03
6.121353246271610260e-03
6.093983538448810577e-03
6.173485890030860901e-03
6.152583751827478409e-03
6.032893899828195572e-03
6.327981129288673401e-03
6.171295419335365295e-03
6.278551649302244186e-03
6.065572611987590790e-03
6.424457766115665436e-03
6.010318174958229065e-03
6.103665567934513092e-03
6.004394963383674622e-03
6.159802898764610291e-03
6.237298250198364258e-03
6.453949026763439178e-03
6.293784826993942261e-03
6.165867671370506287e-03
6.183125078678131104e-03
6.121794693171977997e-03
6.274655461311340332e-03
6.031583528965711594e-03
6.230495404452085495e-03
5.993225146085023880e-03
6.275080610066652298e-03
6.519549060612916946e-03
5.995680112391710281e-03
6.294539663940668106e-03
6.115582305938005447e-03
6.470586638897657394e-03
6.231931969523429871e-03
6.069435738027095795e-03
5.982602480798959732e-03
6.243745330721139908e-03
6.351216230541467667e-03
6.035623140633106232e-03
6.637009792029857635e-03
6.302895955741405487e-03
6.251781247556209564e-03
6.013220176100730896e-03
6.020419765263795853e-03
6.075952202081680298e-03
6.142408121377229691e-03
6.085662636905908585e-03
5.953646730631589890e-03
6.020771339535713196e-03
6.493089254945516586e-03
6.132968701422214508e-03
6.536154542118310928e-03
6.093054078519344330e-03
6.157593801617622375e-03
6.664443761110305786e-03
6.524007301777601242e-03
6.153769791126251221e-03
6.019422784447669983e-03
6.008758209645748138e-03
5.992550868541002274e-03
6.337976083159446716e-03
6.193440407514572144e-03
6.055444478988647461e-03
6.311940960586071014e-03
6.016308907419443130e-03
6.095264106988906860e-03
6.279223598539829254e-03
6.440136581659317017e-03
6.165961269289255142e-03
5.991674493998289108e-03
6.199106108397245407e-03
6.237740628421306610e-03
6.158193107694387436e-03
6.070252973586320877e-03
6.047205533832311630e-03
6.041959393769502640e-03
6.235295906662940979e-03
6.210959050804376602e-03
6.270724814385175705e-03
6.073877215385437012e-03
6.500074174255132675e-03
6.152360700070858002e-03
6.138496566563844681e-03
6.120164413005113602e-03
6.261762231588363647e-03
6.280548404902219772e-03
6.454240065068006516e-03
6.406612694263458252e-03
6.628693547099828720e-03
6.535429973155260086e-03
5.977211054414510727e-03
6.019117310643196106e-03
5.990864243358373642e-03
5.949484184384346008e-03
6.228354759514331818e-03
6.173042114824056625e-03
6.263857707381248474e-03
6.094081792980432510e-03
6.053729914128780365e-03
6.192404776811599731e-03
5.997126456350088120e-03
6.098678801208734512e-03
6.071858108043670654e-03
6.009560544043779373e-03
5.993685685098171234e-03
6.181202363222837448e-03
6.462492980062961578e-03
6.034538615494966507e-03
5.988731514662504196e-03
5.975650623440742493e-03
6.041408516466617584e-03
6.579669658094644547e-03
5.985687021166086197e-03
6.053217686712741852e-03
6.238955538719892502e-03
6.123142316937446594e-03
6.137452553957700729e-03
6.248461082577705383e-03
6.513637490570545197e-03
6.074639502912759781e-03
6.517945323139429092e-03
6.682369392365217209e-03
6.184414029121398926e-03
6.192943081259727478e-03
5.974741652607917786e-03
6.152562331408262253e-03
6.067982874810695648e-03
6.007446907460689545e-03
6.511532235890626907e-03
6.820549722760915756e-03
6.115128751844167709e-03
6.168495863676071167e-03
6.127675063908100128e-03
5.975679494440555573e-03
6.051473319530487061e-03
6.135277915745973587e-03
6.211217492818832397e-03
6.087005138397216797e-03
6.585890892893075943e-03
6.064610090106725693e-03
6.234186701476573944e-03
6.040028296411037445e-03
5.963717587292194366e-03
5.974142346531152725e-03
6.378753576427698135e-03
6.348632276058197021e-03
6.039088126271963120e-03
6.070696748793125153e-03
6.382959894835948944e-03
6.220156326889991760e-03
6.106632761657238007e-03
6.678099744021892548e-03
6.017748266458511353e-03
5.989255849272012711e-03
6.143616978079080582e-03
6.126479245722293854e-03
6.535722408443689346e-03
6.031607277691364288e-03
6.882170680910348892e-03
6.344787310808897018e-03
6.105385720729827881e-03
6.327219307422637939e-03
6.008663214743137360e-03
6.053516175597906113e-03
6.178898736834526062e-03
5.981032270938158035e-03
6.279039196670055389e-03
6.203283090144395828e-03
6.147245410829782486e-03
6.582129281014204025e-03
6.087621208280324936e-03
6.014602258801460266e-03
5.987663287669420242e-03
5.989538971334695816e-03
6.064952816814184189e-03
6.125823128968477249e-03
6.065207067877054214e-03
6.093567702919244766e-03
6.060261279344558716e-03
6.356866098940372467e-03
6.128707434982061386e-03
6.230739410966634750e-03
6.294593680649995804e-03
6.086872890591621399e-03
6.056424230337142944e-03
7.027276791632175446e-03
5.972420796751976013e-03
6.100442260503768921e-03
6.137460470199584961e-03
6.743866484612226486e-03
6.041809916496276855e-03
5.942218471318483353e-03
5.925001110881567001e-03
6.118890363723039627e-03
6.147519685328006744e-03
6.782770622521638870e-03
6.413287483155727386e-03
6.264537107199430466e-03
6.014442536979913712e-03
6.202726159244775772e-03
6.026471033692359924e-03
6.304207257926464081e-03
6.343557499349117279e-03
6.064515095204114914e-03
6.026112474501132965e-03
6.689290981739759445e-03
6.115966942161321640e-03
5.995549261569976807e-03
6.019145250320434570e-03
6.053859833627939224e-03
5.978770554065704346e-03
6.084214430302381516e-03
6.117411423474550247e-03
5.998108070343732834e-03
6.361261941492557526e-03
6.185949314385652542e-03
6.419672630727291107e-03
6.357081700116395950e-03
6.090366747230291367e-03
6.162140518426895142e-03
6.346172653138637543e-03
6.226114463061094284e-03
6.051434203982353210e-03
6.632012315094470978e-03
6.342533975839614868e-03
6.334995850920677185e-03
6.086073815822601318e-03
6.150062661617994308e-03
5.981291644275188446e-03
5.945000797510147095e-03
6.196407135576009750e-03
6.158461328595876694e-03
6.486996542662382126e-03
6.047923117876052856e-03
6.472810171544551849e-03
6.317617371678352356e-03
6.189803127199411392e-03
6.257912144064903259e-03
6.029705516993999481e-03
6.182652898132801056e-03
6.360611878335475922e-03
6.009046453982591629e-03
6.155848968774080276e-03
6.374004296958446503e-03
6.147792097181081772e-03
5.966985132545232773e-03
6.166673265397548676e-03
6.218915805220603943e-03
6.109570153057575226e-03
6.385114509612321854e-03
6.077455356717109680e-03
6.240779068320989609e-03
6.302283611148595810e-03
6.016378290951251984e-03
6.495647132396697998e-03
6.481000687927007675e-03
6.030261982232332230e-03
5.950805265456438065e-03
6.121169310063123703e-03
6.028542760759592056e-03
6.253838073462247849e-03
6.075535435229539871e-03
6.453034467995166779e-03
6.257449742406606674e-03
6.848163902759552002e-03
6.168498657643795013e-03
6.083512213081121445e-03
6.015166174620389938e-03
6.085028871893882751e-03
6.167575716972351074e-03
6.250500679016113281e-03
5.961686372756958008e-03
6.241409573704004288e-03
6.052101962268352509e-03
7.245300803333520889e-03
6.222775205969810486e-03
6.055548787117004395e-03
6.171304732561111450e-03
5.994974635541439056e-03
6.347359158098697662e-03
6.011951249092817307e-03
6.218821741640567780e-03
6.173622328788042068e-03
5.978807341307401657e-03
6.012188270688056946e-03
6.111896596848964691e-03
6.112992297857999802e-03
6.583496928215026855e-03
5.986116360872983932e-03
6.048127543181180954e-03
6.427742075175046921e-03
6.011834833770990372e-03
6.956119555979967117e-03
6.344326306134462357e-03
5.941765382885932922e-03
6.190713029354810715e-03
6.041588727384805679e-03
6.134179420769214630e-03
6.287309341132640839e-03
6.123780272901058197e-03
6.242002360522747040e-03
6.110621616244316101e-03
5.964776501059532166e-03
5.964538548141717911e-03
6.060774903744459152e-03
6.347958464175462723e-03
5.984068382531404495e-03
6.197019014507532120e-03
6.014894694089889526e-03
6.121112033724784851e-03
6.649957038462162018e-03
6.101347506046295166e-03
5.980157293379306793e-03
6.425643339753150940e-03
6.495611276477575302e-03
6.141548510640859604e-03
6.059424951672554016e-03
5.987121723592281342e-03
5.911030806601047516e-03
6.089940667152404785e-03
6.155693903565406799e-03
6.323104258626699448e-03
6.238377187401056290e-03
6.046000402420759201e-03
6.489919498562812805e-03
6.411324255168437958e-03
6.031998898833990097e-03
6.158653181046247482e-03
6.157625466585159302e-03
6.044060457497835159e-03
6.194144021719694138e-03
6.008809898048639297e-03
6.045467220246791840e-03
6.065134890377521515e-03
5.968114361166954041e-03
6.114221643656492233e-03
6.097779609262943268e-03
5.948259960860013962e-03
6.207749713212251663e-03
6.202792748808860779e-03
6.499737035483121872e-03
6.388629786670207977e-03
6.226390600204467773e-03
5.965255200862884521e-03
6.041334941983222961e-03
5.982781760394573212e-03
5.939958151429891586e-03
6.035278551280498505e-03
6.289050448685884476e-03
6.103125400841236115e-03
6.142960395663976669e-03
6.626297254115343094e-03
6.857248954474925995e-03
6.322667002677917480e-03
5.996507592499256134e-03
6.052477750927209854e-03
6.021477747708559036e-03
5.899853538721799850e-03
6.210704799741506577e-03
6.644854322075843811e-03
5.981724709272384644e-03
6.061255466192960739e-03
6.258423440158367157e-03
5.979233887046575546e-03
6.150290835648775101e-03
6.131602916866540909e-03
6.269996985793113708e-03
5.941866897046566010e-03
5.936415866017341614e-03
6.127158179879188538e-03
6.067816633731126785e-03
5.934200249612331390e-03
6.083002779632806778e-03
6.350181531161069870e-03
6.506847683340311050e-03
6.434953771531581879e-03
6.261615548282861710e-03
6.121937651187181473e-03
6.367652211338281631e-03
6.099645514041185379e-03
5.971452221274375916e-03
6.557493936270475388e-03
6.226139143109321594e-03
6.136253941804170609e-03
6.033733952790498734e-03
5.989179946482181549e-03
6.390615832060575485e-03
6.064382381737232208e-03
6.040390115231275558e-03
6.285491865128278732e-03
6.081430241465568542e-03
6.175819318741559982e-03
6.088920403271913528e-03
6.023382768034934998e-03
6.121026817709207535e-03
6.102281622588634491e-03
6.272371858358383179e-03
6.264552008360624313e-03
6.223257165402173996e-03
6.205727811902761459e-03
5.960261449217796326e-03
6.086556706577539444e-03
5.987476091831922531e-03
5.972220562398433685e-03
6.205428391695022583e-03
5.935390945523977280e-03
6.151991896331310272e-03
6.177432369440793991e-03
6.013080943375825882e-03
5.933433305472135544e-03
6.236881949007511139e-03
7.238174322992563248e-03
6.329277995973825455e-03
6.751097273081541061e-03
6.364532280713319778e-03
6.037440616637468338e-03
6.097982637584209442e-03
6.323417648673057556e-03
6.295422557741403580e-03
6.105841137468814850e-03
6.807738449424505234e-03
5.963752046227455139e-03
6.079111713916063309e-03
6.059467792510986328e-03
6.292935460805892944e-03
6.362976506352424622e-03
5.916845053434371948e-03
6.267887074500322342e-03
5.973858293145895004e-03
6.189229898154735565e-03
6.714901421219110489e-03
6.057675927877426147e-03
6.041150074452161789e-03
6.168969441205263138e-03
6.264060735702514648e-03
6.179219577461481094e-03
6.170085165649652481e-03
6.217911373823881149e-03
6.286734715104103088e-03
6.238974630832672119e-03
6.256524473428726196e-03
6.135570816695690155e-03
6.507982965558767319e-03
5.988241638988256454e-03
6.252010352909564972e-03
6.233207415789365768e-03
6.366931833326816559e-03
6.282962858676910400e-03
6.200772710144519806e-03
6.032562814652919769e-03
6.243551149964332581e-03
6.040765438228845596e-03
6.176196970045566559e-03
6.009987089782953262e-03
6.064037792384624481e-03
5.987895186990499496e-03
5.894239526242017746e-03
5.964282434433698654e-03
6.061410531401634216e-03
5.993603263050317764e-03
6.183129269629716873e-03
6.447277031838893890e-03
5.958575755357742310e-03
5.941175390034914017e-03
5.973903462290763855e-03
6.436498835682868958e-03
6.525638047605752945e-03
5.949144251644611359e-03
6.007732823491096497e-03
6.159819196909666061e-03
6.088709924370050430e-03
6.118836347013711929e-03
6.301484536379575729e-03
6.104643456637859344e-03
5.949538666754961014e-03
6.313758436590433121e-03
6.045746151357889175e-03
6.186424754559993744e-03
6.133247632533311844e-03
6.079084239900112152e-03
5.986369680613279343e-03
6.258741486817598343e-03
6.061552092432975769e-03
6.327416747808456421e-03
5.983580835163593292e-03
6.003191228955984116e-03
6.001847330480813980e-03
6.216789130121469498e-03
6.433563306927680969e-03
6.062034983187913895e-03
6.272240076214075089e-03
5.982329137623310089e-03
6.053290795534849167e-03
6.067912559956312180e-03
6.381345447152853012e-03
6.033538375049829483e-03
6.043057888746261597e-03
6.119422614574432373e-03
6.667900830507278442e-03
6.110663525760173798e-03
6.065174937248229980e-03
6.594073493033647537e-03
6.016822066158056259e-03
6.040659733116626740e-03
6.174177862703800201e-03
5.934576038271188736e-03
6.192108616232872009e-03
6.466676481068134308e-03
6.001453846693038940e-03
6.026136223226785660e-03
6.141903810203075409e-03
5.968826357275247574e-03
6.403783801943063736e-03
5.986557807773351669e-03
6.034825462847948074e-03
6.194625981152057648e-03
6.365042645484209061e-03
5.993720144033432007e-03
6.186856422573328018e-03
5.991727579385042191e-03
6.026322953402996063e-03
6.143536418676376343e-03
6.283362396061420441e-03
5.906966049224138260e-03
6.098440382629632950e-03
6.192619446665048599e-03
5.950386635959148407e-03
6.227823905646800995e-03
6.239824462682008743e-03
6.020359694957733154e-03
6.127032451331615448e-03
6.163866724818944931e-03
6.134119350463151932e-03
6.781959906220436096e-03
6.060078740119934082e-03
6.240875460207462311e-03
6.273797247558832169e-03
6.150820292532444000e-03
5.914304405450820923e-03
6.459476426243782043e-03
6.513182539492845535e-03
5.890293046832084656e-03
6.170406471937894821e-03
5.988460034132003784e-03
6.042403168976306915e-03
5.990421865135431290e-03
6.859486922621726990e-03
6.180366501212120056e-03
6.446879822760820389e-03
6.087904330343008041e-03
5.972508806735277176e-03
6.018930114805698395e-03
6.124347914010286331e-03
6.360486615449190140e-03
5.882467143237590790e-03
6.213771644979715347e-03
5.996324121952056885e-03
6.153705995529890060e-03
6.082572042942047119e-03
6.538552697747945786e-03
5.951843224465847015e-03
6.307960487902164459e-03
6.206305231899023056e-03
6.108455825597047806e-03
5.967192817479372025e-03
5.901259370148181915e-03
6.000514142215251923e-03
6.006806623190641403e-03
6.076881196349859238e-03
6.099657621234655380e-03
6.104952190071344376e-03
6.168849300593137741e-03
6.868457421660423279e-03
6.702849641442298889e-03
6.126441061496734619e-03
6.037615239620208740e-03
6.016070023179054260e-03
5.935237742960453033e-03
5.948102101683616638e-03
5.920824594795703888e-03
5.999517161399126053e-03
5.931040737777948380e-03
6.148776505142450333e-03
5.979709327220916748e-03
6.420010235160589218e-03
6.438912358134984970e-03
6.435804069042205811e-03
6.038159132003784180e-03
6.175612099468708038e-03
6.253670435398817062e-03
5.932388361543416977e-03
6.059770938009023666e-03
6.042316555976867676e-03
6.384231615811586380e-03
6.208047270774841309e-03
6.162150762975215912e-03
6.034970283508300781e-03
6.137630436569452286e-03
6.096088793128728867e-03
6.337283644825220108e-03
6.003979127854108810e-03
5.910373758524656296e-03
6.032203324139118195e-03
5.993214435875415802e-03
5.984289571642875671e-03
6.243689451366662979e-03
6.120138335973024368e-03
5.963196046650409698e-03
5.916495341807603836e-03
6.121589802205562592e-03
6.301894783973693848e-03
6.239365320652723312e-03
6.161148659884929657e-03
6.323058158159255981e-03
6.287032738327980042e-03
5.909018218517303467e-03
6.032237783074378967e-03
6.126552354544401169e-03
6.024073809385299683e-03
5.930860992521047592e-03
6.063614971935749054e-03
5.918662063777446747e-03
6.144970189779996872e-03
5.976900923997163773e-03
6.524505559355020523e-03
6.193662527948617935e-03
6.009793840348720551e-03
5.928661208599805832e-03
6.017879117280244827e-03
6.184159778058528900e-03
5.918852519243955612e-03
5.932204890996217728e-03
6.043208297342061996e-03
6.271693389862775803e-03
6.211974192410707474e-03
5.962991621345281601e-03
6.132349837571382523e-03
6.009966600686311722e-03
6.067414768040180206e-03
6.061735097318887711e-03
6.167898420244455338e-03
6.239157170057296753e-03
6.550986319780349731e-03
6.321707274764776230e-03
6.231562700122594833e-03
6.278635933995246887e-03
6.077595520764589310e-03
6.315570790320634842e-03
6.109022535383701324e-03
5.949217826128005981e-03
5.883447360247373581e-03
6.284130737185478210e-03
6.371763069182634354e-03
6.419409066438674927e-03
6.134661380201578140e-03
6.053972989320755005e-03
5.990366451442241669e-03
6.230744067579507828e-03
6.186350248754024506e-03
6.257898639887571335e-03
6.027526687830686569e-03
6.026610732078552246e-03
6.238766480237245560e-03
6.308171898126602173e-03
6.457467097789049149e-03
6.047513335943222046e-03
6.172531284391880035e-03
6.052857730537652969e-03
6.012746132910251617e-03
6.229778751730918884e-03
6.281809881329536438e-03
6.146525964140892029e-03
6.266076117753982544e-03
5.937066860496997833e-03
6.015062332153320312e-03
6.092267576605081558e-03
5.960905458778142929e-03
5.976898595690727234e-03
6.049096584320068359e-03
6.037462968379259109e-03
6.351077929139137268e-03
5.908071529120206833e-03
5.968656390905380249e-03
6.591652520000934601e-03
6.842693313956260681e-03
6.222415715456008911e-03
6.116835866123437881e-03
6.750905420631170273e-03
5.936210975050926208e-03
6.137046031653881073e-03
6.204046774655580521e-03
6.036792416125535965e-03
6.560192909091711044e-03
6.127253174781799316e-03
5.960498936474323273e-03
5.995818879455327988e-03
6.263260263949632645e-03
6.085407454520463943e-03
6.225617602467536926e-03
6.224328652024269104e-03
5.978896748274564743e-03
5.977202206850051880e-03
5.956801585853099823e-03
5.922077689319849014e-03
6.189567968249320984e-03
5.937416106462478638e-03
6.109127309173345566e-03
6.396350450813770294e-03
6.131538189947605133e-03
5.985003430396318436e-03
5.896293092519044876e-03
6.045348010957241058e-03
5.944087635725736618e-03
6.279982626438140869e-03
6.006271112710237503e-03
6.083133630454540253e-03
5.960985086858272552e-03
6.050817668437957764e-03
6.046228576451539993e-03
6.068176124244928360e-03
6.154585629701614380e-03
6.072430405765771866e-03
6.270636338740587234e-03
5.923712626099586487e-03
6.064457818865776062e-03
5.967986769974231720e-03
6.160989403724670410e-03
6.015657912939786911e-03
6.236369721591472626e-03
5.985693540424108505e-03
6.028537172824144363e-03
6.116691511124372482e-03
5.983721930533647537e-03
6.024599540978670120e-03
6.315181497484445572e-03
6.029113661497831345e-03
6.010747514665126801e-03
6.012430880218744278e-03
6.123017985373735428e-03
6.009636912494897842e-03
6.067076232284307480e-03
6.355019286274909973e-03
6.605157628655433655e-03
5.984723567962646484e-03
5.975277163088321686e-03
6.161191966384649277e-03
6.076470948755741119e-03
5.992223042994737625e-03
6.129613611847162247e-03
6.201539188623428345e-03
6.107127759605646133e-03
6.049240007996559143e-03
6.262192968279123306e-03
6.311378441751003265e-03
6.003635004162788391e-03
6.027893628925085068e-03
5.988160613924264908e-03
5.943079013377428055e-03
5.952907260507345200e-03
5.939179100096225739e-03
6.019277963787317276e-03
6.055813748389482498e-03
6.411565933376550674e-03
6.061685737222433090e-03
6.129880901426076889e-03
5.995634943246841431e-03
6.032194942235946655e-03
6.064502988010644913e-03
6.078504025936126709e-03
6.086225155740976334e-03
6.156614981591701508e-03
6.221679970622062683e-03
6.513917353004217148e-03
6.476001348346471786e-03
5.987088195979595184e-03
6.073044613003730774e-03
6.170606706291437149e-03
6.246346980333328247e-03
6.291845347732305527e-03
5.950957071036100388e-03
6.012010853737592697e-03
6.039573810994625092e-03
6.025384645909070969e-03
6.231251172721385956e-03
6.009119562804698944e-03
6.843986455351114273e-03
6.375565193593502045e-03
6.171106826514005661e-03
5.983160808682441711e-03
6.274955347180366516e-03
6.136478856205940247e-03
5.982867907732725143e-03
6.117609329521656036e-03
5.912400782108306885e-03
6.292333826422691345e-03
6.013382226228713989e-03
6.160007789731025696e-03
6.175138987600803375e-03
6.403943523764610291e-03
6.209163926541805267e-03
5.963664501905441284e-03
6.016870029270648956e-03
6.034303922206163406e-03
6.183619145303964615e-03
6.074940785765647888e-03
6.681411061435937881e-03
6.073856260627508163e-03
6.102583371102809906e-03
6.291886325925588608e-03
6.092061754316091537e-03
6.019159685820341110e-03
6.000423803925514221e-03
6.964216474443674088e-03
5.966871045529842377e-03
6.008762866258621216e-03
6.127199623733758926e-03
6.136945914477109909e-03
6.276255473494529724e-03
6.096662022173404694e-03
6.019112654030323029e-03
5.915973801165819168e-03
6.152117159217596054e-03
5.971713457256555557e-03
6.331583485007286072e-03
6.073378492146730423e-03
6.034987978637218475e-03
5.970450118184089661e-03
6.026203278452157974e-03
6.186128593981266022e-03
6.375776138156652451e-03
5.898728966712951660e-03
5.938086193054914474e-03
6.075737066566944122e-03
6.292306352406740189e-03
6.069481838494539261e-03
6.098211277276277542e-03
6.564168259501457214e-03
6.050993222743272781e-03
6.205160170793533325e-03
6.189266219735145569e-03
5.932763684540987015e-03
6.137461867183446884e-03
6.100335158407688141e-03
6.027016788721084595e-03
6.060522049665451050e-03
6.095041055232286453e-03
5.986068397760391235e-03
5.888616666197776794e-03
6.177337840199470520e-03
6.263064686208963394e-03
6.198758725076913834e-03
6.195711903274059296e-03
5.912777967751026154e-03
5.894411355257034302e-03
6.059278268367052078e-03
6.372774951159954071e-03
5.948722362518310547e-03
6.250037346035242081e-03
6.019126623868942261e-03
6.369312293827533722e-03
6.486915983259677887e-03
6.122726947069168091e-03
6.009393371641635895e-03
5.909160245209932327e-03
6.185343489050865173e-03
5.936701782047748566e-03
6.079216487705707550e-03
6.442525424063205719e-03
6.133129820227622986e-03
6.028210744261741638e-03
5.994896870106458664e-03
6.078857462853193283e-03
6.048917304724454880e-03
5.965051241219043732e-03
5.915384739637374878e-03
6.079543381929397583e-03
6.063592620193958282e-03
6.071215029805898666e-03
5.986513104289770126e-03
6.091067567467689514e-03
6.009623408317565918e-03
6.008614320307970047e-03
6.142956204712390900e-03
6.168198306113481522e-03
6.070315372198820114e-03
6.086818408221006393e-03
6.054573692381381989e-03
6.286554969847202301e-03
6.021686829626560211e-03
6.121938582509756088e-03
6.097209174185991287e-03
6.073218304663896561e-03
6.542664021253585815e-03
6.263224873691797256e-03
5.925350822508335114e-03
5.927789956331253052e-03
6.091935094445943832e-03
6.184869445860385895e-03
6.048804614692926407e-03
6.044276524335145950e-03
6.187492981553077698e-03
6.042582448571920395e-03
6.047843955457210541e-03
6.396893877536058426e-03
5.993255879729986191e-03
6.271975114941596985e-03
5.878855008631944656e-03
6.209870800375938416e-03
6.006624083966016769e-03
6.320724729448556900e-03
6.120641715824604034e-03
6.218125112354755402e-03
6.011603400111198425e-03
6.255234591662883759e-03
6.310614757239818573e-03
5.913117900490760803e-03
5.931796040385961533e-03
5.984574556350708008e-03
6.596226245164871216e-03
6.001277361065149307e-03
5.980114452540874481e-03
5.907615181058645248e-03
6.071260198950767517e-03
6.009966600686311722e-03
6.005851086229085922e-03
6.110548973083496094e-03
5.952024832367897034e-03
5.974851548671722412e-03
6.407877895981073380e-03
6.015091203153133392e-03
6.172204855829477310e-03
5.958206020295619965e-03
6.143202073872089386e-03
6.192664615809917450e-03
5.976942833513021469e-03
6.012251600623130798e-03
6.204538047313690186e-03
6.351048126816749573e-03
5.988757591694593430e-03
6.084724329411983490e-03
5.982548464089632034e-03
6.015433464199304581e-03
6.153631489723920822e-03
6.044935435056686401e-03
6.245785392820835114e-03
6.193395704030990601e-03
5.942171905189752579e-03
6.153421476483345032e-03
6.205291021615266800e-03
5.995998624712228775e-03
6.063734181225299835e-03
5.934181157499551773e-03
6.026737391948699951e-03
5.950454622507095337e-03
6.140375509858131409e-03
6.150187458842992783e-03
6.075593177229166031e-03
6.142561323940753937e-03
5.984853953123092651e-03
5.951847881078720093e-03
6.149906665086746216e-03
6.048849318176507950e-03
6.384467706084251404e-03
6.532277446240186691e-03
6.241921335458755493e-03
6.099051330238580704e-03
6.100005935877561569e-03
6.036983802914619446e-03
5.997390951961278915e-03
5.908037535846233368e-03
6.111397407948970795e-03
6.388627924025058746e-03
6.252501625567674637e-03
5.904814228415489197e-03
6.258658133447170258e-03
6.846972275525331497e-03
6.055295467376708984e-03
6.039571948349475861e-03
6.270496640354394913e-03
5.921235308051109314e-03
6.217683199793100357e-03
5.939814727753400803e-03
5.950953345745801926e-03
5.885866936296224594e-03
6.559115368872880936e-03
5.886739585548639297e-03
5.857838783413171768e-03
5.979494191706180573e-03
5.905295256525278091e-03
5.958387628197669983e-03
5.939209368079900742e-03
6.910918280482292175e-03
5.944279022514820099e-03
5.996611900627613068e-03
6.113841198384761810e-03
5.898567847907543182e-03
5.951689090579748154e-03
6.374606862664222717e-03
6.147308740764856339e-03
6.390490103513002396e-03
6.036412436515092850e-03
6.022483110427856445e-03
6.019733380526304245e-03
6.039521191269159317e-03
6.477572489529848099e-03
6.120064295828342438e-03
6.028713192790746689e-03
5.981347523629665375e-03
6.096298806369304657e-03
6.026026792824268341e-03
5.949577316641807556e-03
5.952532403171062469e-03
6.284681614488363266e-03
5.853078793734312057e-03
6.194109097123146057e-03
6.347963586449623108e-03
6.460498087108135223e-03
6.077375728636980057e-03
5.900317337363958359e-03
6.118980236351490021e-03
6.329595111310482025e-03
5.870114546269178391e-03
5.949841812252998352e-03
6.355827208608388901e-03
5.999370943754911423e-03
6.064392160624265671e-03
6.469716783612966537e-03
6.125994957983493805e-03
5.912004038691520691e-03
5.999291315674781799e-03
6.160000339150428772e-03
6.077676545828580856e-03
5.992870312184095383e-03
6.013306789100170135e-03
6.005322095006704330e-03
6.103029474616050720e-03
6.007131189107894897e-03
5.914401728659868240e-03
5.891962908208370209e-03
6.136108655482530594e-03
6.152771878987550735e-03
6.313865073025226593e-03
6.300140637904405594e-03
6.103392690420150757e-03
6.129529792815446854e-03
6.662450730800628662e-03
6.210812367498874664e-03
6.082946900278329849e-03
6.113183684647083282e-03
6.219797302037477493e-03
6.300150882452726364e-03
6.161726079881191254e-03
5.914460401982069016e-03
5.925706587731838226e-03
6.000568158924579620e-03
5.991173908114433289e-03
5.961729213595390320e-03
6.096562370657920837e-03
5.988596007227897644e-03
5.986767821013927460e-03
6.134050432592630386e-03
5.948322825133800507e-03
6.320171989500522614e-03
6.010798271745443344e-03
5.862638819962739944e-03
5.978910252451896667e-03
6.696011871099472046e-03
6.334936711937189102e-03
5.977994296699762344e-03
6.094757001847028732e-03
6.479031872004270554e-03
6.342303939163684845e-03
5.936173722147941589e-03
6.834656931459903717e-03
6.381692830473184586e-03
5.958812311291694641e-03
6.063745357096195221e-03
5.895087961107492447e-03
5.966605152934789658e-03
6.290856748819351196e-03
5.990260280668735504e-03
5.913199856877326965e-03
6.114153191447257996e-03
5.998685956001281738e-03
5.877734627574682236e-03
6.423925980925559998e-03
6.248446647077798843e-03
6.436655297875404358e-03
6.189093925058841705e-03
6.229976192116737366e-03
6.113084033131599426e-03
5.966555327177047729e-03
6.353454198688268661e-03
6.072645075619220734e-03
5.999830085784196854e-03
6.418953649699687958e-03
6.013696547597646713e-03
7.401577197015285492e-03
6.471255794167518616e-03
5.986118223518133163e-03
6.147024221718311310e-03
6.156001240015029907e-03
6.172890309244394302e-03
5.973462946712970734e-03
6.149308290332555771e-03
6.197650916874408722e-03
6.140898913145065308e-03
6.330992560833692551e-03
6.113757379353046417e-03
5.868085660040378571e-03
6.329995114356279373e-03
6.020146887749433517e-03
6.122276652604341507e-03
6.023226305842399597e-03
6.035836413502693176e-03
6.099744699895381927e-03
5.887124221771955490e-03
5.967537872493267059e-03
6.032931152731180191e-03
6.297761574387550354e-03
5.950407590717077255e-03
6.067825015634298325e-03
6.427953951060771942e-03
5.905667785555124283e-03
6.060024257749319077e-03
6.073053460568189621e-03
5.889116786420345306e-03
6.255636457353830338e-03
6.253084633499383926e-03
6.147499661892652512e-03
6.122869439423084259e-03
6.051249336451292038e-03
5.973213352262973785e-03
6.391423288732767105e-03
6.106932647526264191e-03
6.421910598874092102e-03
6.170575041323900223e-03
5.960200913250446320e-03
5.997173022478818893e-03
6.026378832757472992e-03
6.031025201082229614e-03
5.974650382995605469e-03
5.869566928595304489e-03
5.942835472524166107e-03
5.945001263171434402e-03
6.007213145494461060e-03
6.265171337872743607e-03
6.026702001690864563e-03
6.504916585981845856e-03
5.983726121485233307e-03
6.205496378242969513e-03
6.294206716120243073e-03
5.894869565963745117e-03
6.194170098751783371e-03
6.082659587264060974e-03
5.917160771787166595e-03
6.199486553668975830e-03
6.159296259284019470e-03
5.996317602694034576e-03
5.924053955823183060e-03
6.385859102010726929e-03
6.154464557766914368e-03
6.009290460497140884e-03
6.174200680106878281e-03
6.304367911070585251e-03
6.006810348480939865e-03
6.022382061928510666e-03
5.975637119263410568e-03
6.089197006076574326e-03
6.201770622283220291e-03
6.113355513662099838e-03
5.891681183129549026e-03
5.867960862815380096e-03
5.857404787093400955e-03
6.274733226746320724e-03
5.964180454611778259e-03
6.297747138887643814e-03
6.165723316371440887e-03
6.364700384438037872e-03
6.037278100848197937e-03
6.226708181202411652e-03
6.261221598833799362e-03
6.019867956638336182e-03
5.978664383292198181e-03
5.938613787293434143e-03
5.889684893190860748e-03
6.099917925894260406e-03
5.887388251721858978e-03
6.211020983755588531e-03
6.108572240918874741e-03
6.103703286498785019e-03
6.233643274754285812e-03
6.036791019141674042e-03
6.039722356945276260e-03
6.113871000707149506e-03
5.903004202991724014e-03
6.243475712835788727e-03
6.006591022014617920e-03
6.194968242198228836e-03
6.049953866750001907e-03
6.560774054378271103e-03
5.970460362732410431e-03
5.999303888529539108e-03
5.955199245363473892e-03
5.929261445999145508e-03
6.154677830636501312e-03
5.972596816718578339e-03
5.874135997146368027e-03
6.243521347641944885e-03
6.031704135239124298e-03
6.147119682282209396e-03
6.302234251052141190e-03
5.978410597890615463e-03
6.455540191382169724e-03
5.996658001095056534e-03
6.595325190573930740e-03
6.186640821397304535e-03
6.368823815137147903e-03
5.923637188971042633e-03
6.009699776768684387e-03
6.023662630468606949e-03
6.314205937087535858e-03
6.006896495819091797e-03
6.080246064811944962e-03
6.027817260473966599e-03
6.215635221451520920e-03
6.133470218628644943e-03
6.058901548385620117e-03
6.087946705520153046e-03
5.874645430594682693e-03
5.847298540174961090e-03
6.035157945007085800e-03
5.919430404901504517e-03
6.255486980080604553e-03
6.039483472704887390e-03
5.948625970631837845e-03
6.132115144282579422e-03
6.068900693207979202e-03
6.260632537305355072e-03
6.128868553787469864e-03
6.354969926178455353e-03
5.991113372147083282e-03
5.933864973485469818e-03
6.152447313070297241e-03
6.168176420032978058e-03
6.354453973472118378e-03
5.858752876520156860e-03
6.223060190677642822e-03
6.024601403623819351e-03
6.081293802708387375e-03
6.540086586028337479e-03
6.024041213095188141e-03
6.287807598710060120e-03
5.990304984152317047e-03
6.178088020533323288e-03
5.937621463090181351e-03
6.575103849172592163e-03
6.008247844874858856e-03
5.916717462241649628e-03
6.098784040659666061e-03
6.572516169399023056e-03
6.068037357181310654e-03
5.862028803676366806e-03
6.054654251784086227e-03
5.919937975704669952e-03
5.905023775994777679e-03
6.490043830126523972e-03
5.879659205675125122e-03
6.380441598594188690e-03
6.169893313199281693e-03
5.847777239978313446e-03
5.891663953661918640e-03
5.939268041402101517e-03
5.930886138230562210e-03
6.060711108148097992e-03
6.328682880848646164e-03
6.081227678805589676e-03
5.942112766206264496e-03
6.335904821753501892e-03
6.310439668595790863e-03
6.121778860688209534e-03
6.498605478554964066e-03
5.972224287688732147e-03
6.254176609218120575e-03
6.388336420059204102e-03
6.074745673686265945e-03
6.149799097329378128e-03
6.133081857115030289e-03
6.017318461090326309e-03
5.892730318009853363e-03
6.016443949192762375e-03
6.127574481070041656e-03
6.286039017140865326e-03
6.139846052974462509e-03
6.545498967170715332e-03
6.016205064952373505e-03
6.406985223293304443e-03
6.181455217301845551e-03
6.338814739137887955e-03
6.009086966514587402e-03
6.031526252627372742e-03
5.932480096817016602e-03
6.020954810082912445e-03
5.925798323005437851e-03
5.956246517598628998e-03
6.268334109336137772e-03
5.919425748288631439e-03
6.226198747754096985e-03
6.326178088784217834e-03
6.156287621706724167e-03
5.971540696918964386e-03
6.207687314599752426e-03
5.951284430921077728e-03
6.137580145150423050e-03
5.934182088822126389e-03
6.616015918552875519e-03
6.088288035243749619e-03
6.200783886015415192e-03
6.124325096607208252e-03
6.382872350513935089e-03
6.305885501205921173e-03
6.875459570437669754e-03
6.013388745486736298e-03
6.016078870743513107e-03
5.955971777439117432e-03
5.947591736912727356e-03
6.308103911578655243e-03
5.989735480397939682e-03
5.993675906211137772e-03
6.228583399206399918e-03
5.935851484537124634e-03
6.146018393337726593e-03
6.110483314841985703e-03
6.008023396134376526e-03
5.939731840044260025e-03
5.948476493358612061e-03
6.307942327111959457e-03
6.161525845527648926e-03
6.201238371431827545e-03
5.905170459300279617e-03
5.887370556592941284e-03
5.942365620285272598e-03
5.881697870790958405e-03
6.125312764197587967e-03
6.164374295622110367e-03
6.508768536150455475e-03
6.065327208489179611e-03
6.379371043294668198e-03
5.866701249033212662e-03
6.001124158501625061e-03
6.399759091436862946e-03
6.040326785296201706e-03
6.245062686502933502e-03
6.605098489671945572e-03
5.994971375912427902e-03
6.023098714649677277e-03
5.985654424875974655e-03
6.096188910305500031e-03
6.026241928339004517e-03
5.867260042577981949e-03
6.068257614970207214e-03
6.291457917541265488e-03
6.046405993402004242e-03
5.840135272592306137e-03
5.874620284885168076e-03
6.344272289425134659e-03
5.871596280485391617e-03
6.003243848681449890e-03
5.962258204817771912e-03
6.036041304469108582e-03
5.921678617596626282e-03
6.027121096849441528e-03
6.187642924487590790e-03
5.921074189245700836e-03
6.009502336382865906e-03
5.871660076081752777e-03
5.948328413069248199e-03
6.012476515024900436e-03
6.148303393274545670e-03
6.024071481078863144e-03
5.867457482963800430e-03
6.093658506870269775e-03
6.356839090585708618e-03
6.007531192153692245e-03
6.112480536103248596e-03
6.553784012794494629e-03
5.932806059718132019e-03
6.170951295644044876e-03
6.086501758545637131e-03
6.133463699370622635e-03
6.158684380352497101e-03
5.880107171833515167e-03
6.002476904541254044e-03
6.149513181298971176e-03
5.921331234276294708e-03
6.108042318373918533e-03
6.005073431879281998e-03
6.210063584148883820e-03
6.020121276378631592e-03
6.230878643691539764e-03
5.994383711367845535e-03
6.044140085577964783e-03
6.098978221416473389e-03
5.910163279622793198e-03
5.973875522613525391e-03
5.888207815587520599e-03
6.074365694075822830e-03
5.865911953151226044e-03
6.253310013562440872e-03
5.983526818454265594e-03
6.031514145433902740e-03
6.069312337785959244e-03
5.968121811747550964e-03
6.104209925979375839e-03
5.909727886319160461e-03
6.438941694796085358e-03
6.405680440366268158e-03
6.414145231246948242e-03
5.985506344586610794e-03
6.049230694770812988e-03
6.195835769176483154e-03
6.088989786803722382e-03
6.530700251460075378e-03
6.202345713973045349e-03
6.112940609455108643e-03
6.265794858336448669e-03
6.075385026633739471e-03
6.057456601411104202e-03
5.929934326559305191e-03
6.283892784267663956e-03
5.965461954474449158e-03
5.933647044003009796e-03
5.932922009378671646e-03
6.118462886661291122e-03
5.988618358969688416e-03
5.899808835238218307e-03
5.969271995127201080e-03
6.207674741744995117e-03
6.049859337508678436e-03
6.087044253945350647e-03
5.913735833019018173e-03
5.896360147744417191e-03
5.899082403630018234e-03
5.957695189863443375e-03
5.999831948429346085e-03
5.882741417735815048e-03
6.074334960430860519e-03
6.175043527036905289e-03
6.008128635585308075e-03
6.048873532563447952e-03
6.515622604638338089e-03
6.304500624537467957e-03
6.376757752150297165e-03
6.006362847983837128e-03
5.918683949857950211e-03
6.254838779568672180e-03
6.041698623448610306e-03
5.958762019872665405e-03
6.000375840812921524e-03
6.389857269823551178e-03
6.426526233553886414e-03
5.993165541440248489e-03
5.875687114894390106e-03
5.936525762081146240e-03
5.934176500886678696e-03
5.951697006821632385e-03
5.993145518004894257e-03
6.237755995243787766e-03
6.014256738126277924e-03
5.987892858684062958e-03
6.117519456893205643e-03
6.086230278015136719e-03
6.063173059374094009e-03
6.545170210301876068e-03
7.145024836063385010e-03
6.049514282494783401e-03
5.913808476179838181e-03
6.598451174795627594e-03
6.061507854610681534e-03
6.124087609350681305e-03
5.856889300048351288e-03
5.889647174626588821e-03
6.074165459722280502e-03
6.261426955461502075e-03
5.957921035587787628e-03
5.934870801866054535e-03
5.987696349620819092e-03
5.916334688663482666e-03
6.026235409080982208e-03
6.232524756342172623e-03
6.094469688832759857e-03
6.541904527693986893e-03
6.117305252701044083e-03
5.980699788779020309e-03
5.970336031168699265e-03
6.004730705171823502e-03
5.989654455333948135e-03
6.352046970278024673e-03
5.993277765810489655e-03
5.975290201604366302e-03
6.351496092975139618e-03
6.134388037025928497e-03
5.904011894017457962e-03
6.016343832015991211e-03
6.017277948558330536e-03
5.935469176620244980e-03
6.018439773470163345e-03
5.985984113067388535e-03
5.974699277430772781e-03
6.176411639899015427e-03
6.075940560549497604e-03
6.312529556453227997e-03
5.917173810303211212e-03
6.172733381390571594e-03
5.933032371103763580e-03
6.141745485365390778e-03
5.914878100156784058e-03
6.008584052324295044e-03
5.853462964296340942e-03
5.893105175346136093e-03
6.217018701136112213e-03
5.969035439193248749e-03
6.188768893480300903e-03
5.899707321077585220e-03
6.044401321560144424e-03
5.967462901026010513e-03
6.028665695339441299e-03
5.975986830890178680e-03
5.855340976268053055e-03
5.855986382812261581e-03
5.925620906054973602e-03
5.844261031597852707e-03
6.037187762558460236e-03
5.961408838629722595e-03
5.950813181698322296e-03
6.282483693212270737e-03
6.076821591705083847e-03
6.485562305897474289e-03
5.925502628087997437e-03
6.112140137702226639e-03
5.948456004261970520e-03
6.343432702124118805e-03
6.275915540754795074e-03
6.213460583239793777e-03
6.291479803621768951e-03
6.151010282337665558e-03
5.935857072472572327e-03
6.350267678499221802e-03
5.947143770754337311e-03
6.052630953490734100e-03
5.901858210563659668e-03
5.860428325831890106e-03
5.957398097962141037e-03
6.009793840348720551e-03
6.112152244895696640e-03
6.170109380036592484e-03
6.310567259788513184e-03
6.455046590417623520e-03
6.180008873343467712e-03
6.038664840161800385e-03
5.890017375349998474e-03
5.887389183044433594e-03
5.902826320379972458e-03
6.351313553750514984e-03
5.960429087281227112e-03
6.073902361094951630e-03
6.049145944416522980e-03
6.185797508805990219e-03
6.083007436245679855e-03
6.318931933492422104e-03
6.124836858361959457e-03
5.880225915461778641e-03
5.915986839681863785e-03
6.128570064902305603e-03
6.134055554866790771e-03
6.040702108293771744e-03
5.865956656634807587e-03
5.898671224713325500e-03
5.912904627621173859e-03
5.981305614113807678e-03
5.989478435367345810e-03
5.942585878074169159e-03
5.917482543736696243e-03
5.979078356176614761e-03
5.958064459264278412e-03
6.130710244178771973e-03
6.081248633563518524e-03
5.938670597970485687e-03
6.554667837917804718e-03
5.979880690574645996e-03
5.916388705372810364e-03
5.875811912119388580e-03
6.534880492836236954e-03
5.942909047007560730e-03
6.193714216351509094e-03
6.157991476356983185e-03
5.958037916570901871e-03
5.990598816424608231e-03
5.958413705229759216e-03
6.269173230975866318e-03
6.041544489562511444e-03
5.850500427186489105e-03
5.901451688259840012e-03
5.953718908131122589e-03
5.901202559471130371e-03
5.948272533714771271e-03
5.954586900770664215e-03
6.264169700443744659e-03
5.999454762786626816e-03
5.932185798883438110e-03
6.182960234582424164e-03
6.444021593779325485e-03
5.879356060177087784e-03
6.081089843064546585e-03
6.804137025028467178e-03
5.850626155734062195e-03
6.073548458516597748e-03
6.284322123974561691e-03
6.062327884137630463e-03
5.952601321041584015e-03
6.109339650720357895e-03
6.389732472598552704e-03
6.394525989890098572e-03
6.119366269558668137e-03
6.021365057677030563e-03
5.857419688254594803e-03
5.882243160158395767e-03
5.907127168029546738e-03
6.220188457518815994e-03
5.840014200657606125e-03
5.934698972851037979e-03
6.056217942386865616e-03
6.102693267166614532e-03
6.097773555666208267e-03
6.143886595964431763e-03
5.983583629131317139e-03
6.183273158967494965e-03
6.063060369342565536e-03
6.014297250658273697e-03
5.852950736880302429e-03
5.894167348742485046e-03
6.214114371687173843e-03
5.883115809410810471e-03
6.205435842275619507e-03
6.287112366408109665e-03
6.222461350262165070e-03
6.027149967849254608e-03
5.841165315359830856e-03
5.978458095341920853e-03
5.874583031982183456e-03
5.943267606198787689e-03
6.217997055500745773e-03
6.168753374367952347e-03
6.105596665292978287e-03
6.120890378952026367e-03
5.998175125569105148e-03
5.996634718030691147e-03
5.979579873383045197e-03
6.249601021409034729e-03
5.958724301308393478e-03
6.343374494463205338e-03
5.909253843128681183e-03
6.120173260569572449e-03
6.095420569181442261e-03
5.985529627650976181e-03
6.015492137521505356e-03
5.854812916368246078e-03
5.956958979368209839e-03
6.070466246455907822e-03
6.006808485835790634e-03
6.075338460505008698e-03
6.169656757265329361e-03
5.893181543797254562e-03
5.964559037238359451e-03
6.096209865063428879e-03
6.018932443112134933e-03
6.353032775223255157e-03
5.925642792135477066e-03
6.832924205809831619e-03
5.856427829712629318e-03
5.955281667411327362e-03
5.846612621098756790e-03
6.090579554438591003e-03
5.950194317847490311e-03
5.916260182857513428e-03
6.158787291496992111e-03
6.432063411921262741e-03
5.925458390265703201e-03
5.898552481085062027e-03
5.896989256143569946e-03
6.156196817755699158e-03
6.146889645606279373e-03
6.000228226184844971e-03
5.950802005827426910e-03
5.978655070066452026e-03
6.145938765257596970e-03
6.015225313603878021e-03
5.835029762238264084e-03
6.271214224398136139e-03
6.137018557637929916e-03
6.255783140659332275e-03
5.990521050989627838e-03
6.239907350391149521e-03
6.089861504733562469e-03
6.337569560855627060e-03
5.823507905006408691e-03
5.916087888181209564e-03
6.053357385098934174e-03
6.151177454739809036e-03
6.365564651787281036e-03
5.883159115910530090e-03
5.982907488942146301e-03
5.945382174104452133e-03
5.917939823120832443e-03
5.918882321566343307e-03
6.205104291439056396e-03
5.948654375970363617e-03
6.058756262063980103e-03
6.165305618196725845e-03
5.974286235868930817e-03
6.142130121588706970e-03
5.861732643097639084e-03
6.027743220329284668e-03
6.075032521039247513e-03
6.059930659830570221e-03
6.215097848325967789e-03
6.220110226422548294e-03
5.990407895296812057e-03
6.059700623154640198e-03
5.942914634943008423e-03
5.968509707599878311e-03
5.844282917678356171e-03
5.946756340563297272e-03
5.899785086512565613e-03
6.059215869754552841e-03
6.309963762760162354e-03
6.155539304018020630e-03
6.137020885944366455e-03
5.961415357887744904e-03
6.224465090781450272e-03
5.868135485798120499e-03
6.206040736287832260e-03
6.074437405914068222e-03
5.878958385437726974e-03
6.186014506965875626e-03
6.442240905016660690e-03
5.938464775681495667e-03
6.045221351087093353e-03
6.005696486681699753e-03
6.252658553421497345e-03
6.229272112250328064e-03
5.924770608544349670e-03
6.034820340573787689e-03
5.867329891771078110e-03
5.866928026080131531e-03
6.166562438011169434e-03
5.872566718608140945e-03
6.108143366873264313e-03
6.022248417139053345e-03
5.826296750456094742e-03
5.920981056988239288e-03
6.070425268262624741e-03
6.183146499097347260e-03
6.015012040734291077e-03
6.097615230828523636e-03
6.060725077986717224e-03
5.914668086916208267e-03
6.018204148858785629e-03
6.319399923086166382e-03
6.283461116254329681e-03
6.126762833446264267e-03
6.022175308316946030e-03
6.160599645227193832e-03
5.859139375388622284e-03
6.182800047099590302e-03
6.071971263736486435e-03
5.904829595237970352e-03
6.055988371372222900e-03
6.018409039825201035e-03
5.870477296411991119e-03
5.994024220854043961e-03
6.166283506900072098e-03
6.011315155774354935e-03
6.049370393157005310e-03
5.939911585301160812e-03
5.973638966679573059e-03
5.977589171379804611e-03
6.004790775477886200e-03
6.096654571592807770e-03
6.448978092521429062e-03
6.609625183045864105e-03
5.836868658661842346e-03
5.979742854833602905e-03
6.047842092812061310e-03
5.814363248646259308e-03
5.933441687375307083e-03
5.973854102194309235e-03
6.031482480466365814e-03
5.857100710272789001e-03
5.888090934604406357e-03
6.145123392343521118e-03
6.359257269650697708e-03
5.995298270136117935e-03
5.885521415621042252e-03
5.914505105465650558e-03
6.273671984672546387e-03
6.553837563842535019e-03
5.946716759353876114e-03
6.008993834257125854e-03
5.939531140029430389e-03
5.857142619788646698e-03
6.115247961133718491e-03
5.939227528870105743e-03
6.024905946105718613e-03
5.842276383191347122e-03
6.065834779292345047e-03
6.309076212346553802e-03
5.944562610238790512e-03
5.804398097097873688e-03
6.227178499102592468e-03
6.060283165425062180e-03
6.129222456365823746e-03
5.843183491379022598e-03
6.306154187768697739e-03
6.111686117947101593e-03
5.870644934475421906e-03
6.054062396287918091e-03
5.962090101093053818e-03
5.878969561308622360e-03
5.901501979678869247e-03
6.059444509446620941e-03
6.240368820726871490e-03
6.201038137078285217e-03
6.294074933975934982e-03
5.805531051009893417e-03
6.244332063943147659e-03
6.118269171565771103e-03
6.031235214322805405e-03
5.898601841181516647e-03
5.820816848427057266e-03
6.400489713996648788e-03
6.318614352494478226e-03
6.413733586668968201e-03
6.366917863488197327e-03
6.005532108247280121e-03
6.024026777595281601e-03
6.534481421113014221e-03
5.921482108533382416e-03
6.049936171621084213e-03
6.149383727461099625e-03
6.108738481998443604e-03
5.908711813390254974e-03
5.789877381175756454e-03
5.995764397084712982e-03
5.983420182019472122e-03
5.942288320511579514e-03
6.160797085613012314e-03
5.881392396986484528e-03
5.854681599885225296e-03
6.008054595440626144e-03
6.160607095807790756e-03
5.884031299501657486e-03
6.011370103806257248e-03
6.028430070728063583e-03
5.981520283967256546e-03
6.125719286501407623e-03
5.943200550973415375e-03
5.969440098851919174e-03
5.883102305233478546e-03
6.450294982641935349e-03
6.058836355805397034e-03
5.837877281010150909e-03
5.903431214392185211e-03
6.016647908836603165e-03
5.992754362523555756e-03
5.977961700409650803e-03
6.340045016258955002e-03
5.995619110763072968e-03
5.858003161847591400e-03
5.830458831042051315e-03
6.076376419514417648e-03
5.962557625025510788e-03
6.340518128126859665e-03
6.327913608402013779e-03
6.059983279556035995e-03
6.042832043021917343e-03
6.082467734813690186e-03
5.919463001191616058e-03
6.099826656281948090e-03
6.140857934951782227e-03
5.921172909438610077e-03
6.014501210302114487e-03
5.860807374119758606e-03
5.813603755086660385e-03
5.981818772852420807e-03
5.953758955001831055e-03
6.177601404488086700e-03
6.110854446887969971e-03
6.573022343218326569e-03
5.969620775431394577e-03
6.062136031687259674e-03
6.165131460875272751e-03
5.898789968341588974e-03
6.061672233045101166e-03
5.997016560286283493e-03
5.849393550306558609e-03
5.850018933415412903e-03
5.958160385489463806e-03
5.853958427906036377e-03
5.944949574768543243e-03
5.942665971815586090e-03
5.934542510658502579e-03
5.861078854650259018e-03
5.924182478338479996e-03
6.051645614206790924e-03
6.056945770978927612e-03
6.035318132489919662e-03
6.023573223501443863e-03
6.252036895602941513e-03
5.917374044656753540e-03
6.076867692172527313e-03
6.020572036504745483e-03
6.370592396706342697e-03
5.976847838610410690e-03
5.909495055675506592e-03
5.993894767016172409e-03
6.069334689527750015e-03
6.026780698448419571e-03
6.216057110577821732e-03
6.331719458103179932e-03
6.010286975651979446e-03
6.223204080015420914e-03
5.984949879348278046e-03
5.944289267063140869e-03
5.941263865679502487e-03
6.158939562737941742e-03
6.368134636431932449e-03
5.885434802621603012e-03
6.073283962905406952e-03
6.118743680417537689e-03
5.995799787342548370e-03
5.826914217323064804e-03
5.875704344362020493e-03
6.110370624810457230e-03
6.220073904842138290e-03
6.135591305792331696e-03
6.187201477587223053e-03
5.921750329434871674e-03
6.224967073649168015e-03
5.973948165774345398e-03
6.042301654815673828e-03
5.836683791130781174e-03
6.029913201928138733e-03
6.112422328442335129e-03
5.887024570256471634e-03
6.015480495989322662e-03
5.962848663330078125e-03
6.157996132969856262e-03
5.881865043193101883e-03
5.920925177633762360e-03
5.986406002193689346e-03
6.416926626116037369e-03
5.835089366883039474e-03
6.105134263634681702e-03
6.190213374793529510e-03
5.917227361351251602e-03
5.885519087314605713e-03
5.967267323285341263e-03
6.161060649901628494e-03
6.226080469787120819e-03
6.617679260671138763e-03
6.594200152903795242e-03
6.287683732807636261e-03
5.859979894012212753e-03
5.936636589467525482e-03
6.052049808204174042e-03
6.045436020940542221e-03
6.052432581782341003e-03
6.140630692243576050e-03
6.043158471584320068e-03
5.983661394566297531e-03
5.988683085888624191e-03
5.849809851497411728e-03
6.007665302604436874e-03
5.938669666647911072e-03
6.234279833734035492e-03
6.531534250825643539e-03
5.977446213364601135e-03
6.105167791247367859e-03
5.903644487261772156e-03
5.934496875852346420e-03
5.851490888744592667e-03
6.157504860311746597e-03
6.111872848123311996e-03
5.905617028474807739e-03
6.148405373096466064e-03
5.830824375152587891e-03
5.991466343402862549e-03
5.878743249922990799e-03
6.030127871781587601e-03
5.994623992592096329e-03
5.932484753429889679e-03
6.337072234600782394e-03
5.865009501576423645e-03
5.805820692330598831e-03
5.965569056570529938e-03
6.083309184759855270e-03
6.089798640459775925e-03
5.932534113526344299e-03
6.085630506277084351e-03
6.039511412382125854e-03
6.059491541236639023e-03
5.853119771927595139e-03
6.034138146787881851e-03
6.075686775147914886e-03
6.123203318566083908e-03
5.923606455326080322e-03
5.922505632042884827e-03
5.909401457756757736e-03
5.900213960558176041e-03
5.832273513078689575e-03
6.010838318616151810e-03
5.901624448597431183e-03
5.899357143789529800e-03
5.944138392806053162e-03
5.921069532632827759e-03
5.851808004081249237e-03
5.943435244262218475e-03
5.944285541772842407e-03
5.833383183926343918e-03
6.115465424954891205e-03
6.003267597407102585e-03
6.333450786769390106e-03
5.818979348987340927e-03
6.173293106257915497e-03
6.378381513059139252e-03
5.812815390527248383e-03
5.882965400815010071e-03
5.937756970524787903e-03
6.360548548400402069e-03
6.249548401683568954e-03
6.148147396743297577e-03
5.857679061591625214e-03
6.553821265697479248e-03
6.082475185394287109e-03
6.018300075083971024e-03
6.082051433622837067e-03
5.897007882595062256e-03
6.018587853759527206e-03
5.896754097193479538e-03
5.916567984968423843e-03
6.213354878127574921e-03
6.117608398199081421e-03
6.187155377119779587e-03
6.056567654013633728e-03
5.972200073301792145e-03
5.919495131820440292e-03
5.791510455310344696e-03
6.062991451472043991e-03
6.565092131495475769e-03
5.988867022097110748e-03
5.974748171865940094e-03
6.009696517139673233e-03
5.838437005877494812e-03
5.979161709547042847e-03
5.896993912756443024e-03
5.813786759972572327e-03
6.456205621361732483e-03
5.862719379365444183e-03
5.837744567543268204e-03
6.140190642327070236e-03
6.078414618968963623e-03
6.054434459656476974e-03
5.784634966403245926e-03
6.023275665938854218e-03
6.237891037017107010e-03
6.140518933534622192e-03
6.437298841774463654e-03
5.979388952255249023e-03
5.962667521089315414e-03
6.278198212385177612e-03
6.095975171774625778e-03
6.028980016708374023e-03
6.026489194482564926e-03
6.073813885450363159e-03
6.025989074259996414e-03
6.333785597234964371e-03
6.123997271060943604e-03
6.181288976222276688e-03
6.007399410009384155e-03
5.978416651487350464e-03
6.091952789574861526e-03
5.860428791493177414e-03
6.318536121398210526e-03
5.959531292319297791e-03
5.982451140880584717e-03
5.898328963667154312e-03
5.874186754226684570e-03
6.013946607708930969e-03
5.992856342345476151e-03
5.889462772756814957e-03
5.925089586526155472e-03
6.139866076409816742e-03
6.726427003741264343e-03
6.031357683241367340e-03
6.190411280840635300e-03
6.012283731251955032e-03
5.908983293920755386e-03
5.848496686667203903e-03
6.189997307956218719e-03
6.513263564556837082e-03
5.902027245610952377e-03
5.882915109395980835e-03
6.141845602542161942e-03
5.906736943870782852e-03
6.017987150698900223e-03
5.938686430454254150e-03
5.863889586180448532e-03
6.018268875777721405e-03
5.980736576020717621e-03
5.871058441698551178e-03
6.063387263566255569e-03
5.812319926917552948e-03
6.097810342907905579e-03
5.980409216135740280e-03
5.910824052989482880e-03
5.965051241219043732e-03
6.127442698925733566e-03
6.093981675803661346e-03
6.101022940129041672e-03
5.856140982359647751e-03
6.245381664484739304e-03
5.902275908738374710e-03
5.889356136322021484e-03
5.890628788620233536e-03
5.903821438550949097e-03
5.936534609645605087e-03
5.871691275388002396e-03
6.373865529894828796e-03
6.108670029789209366e-03
6.149907596409320831e-03
6.026390008628368378e-03
5.876493640244007111e-03
5.920669063925743103e-03
5.915552377700805664e-03
5.961217917501926422e-03
5.985117051750421524e-03
6.002334412187337875e-03
6.265210919082164764e-03
5.912923719733953476e-03
6.126312538981437683e-03
6.213267799466848373e-03
5.891375709325075150e-03
5.977046210318803787e-03
5.963259842246770859e-03
5.894433706998825073e-03
6.192905828356742859e-03
5.990143399685621262e-03
5.880464334040880203e-03
6.083894520998001099e-03
6.081786006689071655e-03
5.998204927891492844e-03
5.913221742957830429e-03
6.070259027183055878e-03
5.885489284992218018e-03
5.983575247228145599e-03
5.816120654344558716e-03
6.027714349329471588e-03
6.114101037383079529e-03
6.111046299338340759e-03
5.887445528060197830e-03
6.222239695489406586e-03
5.798594560474157333e-03
6.349776405841112137e-03
5.914866458624601364e-03
6.184869445860385895e-03
5.837790202349424362e-03
5.921300500631332397e-03
5.988195072859525681e-03
6.033583078533411026e-03
6.207479629665613174e-03
6.039232946932315826e-03
5.965507589280605316e-03
5.889922846108675003e-03
6.002456415444612503e-03
5.960504524409770966e-03
5.831428337842226028e-03
5.915754009038209915e-03
6.080629304051399231e-03
6.189271807670593262e-03
6.355420686304569244e-03
6.097256671637296677e-03
5.923051387071609497e-03
6.580952554941177368e-03
6.156002636998891830e-03
5.933684762567281723e-03
5.933864973485469818e-03
6.181263364851474762e-03
6.111554801464080811e-03
6.077630911022424698e-03
5.836483091115951538e-03
5.864794366061687469e-03
5.807351320981979370e-03
5.873744376003742218e-03
5.989077500998973846e-03
5.940007045865058899e-03
5.963167641311883926e-03
6.286217831075191498e-03
6.247218232601881027e-03
5.818742327392101288e-03
6.160562392324209213e-03
6.257485598325729370e-03
5.938447546213865280e-03
6.009988952428102493e-03
6.536027882248163223e-03
5.951886996626853943e-03
5.904936697334051132e-03
5.989329889416694641e-03
5.947212222963571548e-03
6.099846214056015015e-03
6.096310913562774658e-03
5.992629099637269974e-03
6.139928940683603287e-03
6.332244724035263062e-03
6.344793364405632019e-03
6.099184509366750717e-03
5.955599248409271240e-03
6.071650888770818710e-03
5.969351157546043396e-03
5.838667973875999451e-03
6.322653032839298248e-03
6.092614494264125824e-03
6.033997051417827606e-03
6.334559060633182526e-03
5.942882038652896881e-03
5.882665980607271194e-03
6.040382198989391327e-03
5.821879021823406219e-03
5.972211714833974838e-03
5.853222217410802841e-03
6.065456196665763855e-03
5.987851880490779877e-03
5.957206711173057556e-03
5.982513073831796646e-03
6.018651649355888367e-03
6.105199921876192093e-03
6.008578930050134659e-03
5.914866458624601364e-03
6.289215292781591415e-03
5.954122170805931091e-03
5.852778907865285873e-03
5.839531309902667999e-03
5.899532232433557510e-03
6.043349858373403549e-03
6.058206781744956970e-03
6.059204228222370148e-03
6.388342939317226410e-03
6.020817440003156662e-03
5.786564201116561890e-03
6.390438415110111237e-03
5.997130181640386581e-03
5.985434167087078094e-03
5.854483228176832199e-03
5.964923650026321411e-03
6.023257970809936523e-03
6.140261422842741013e-03
6.197767797857522964e-03
6.077353376895189285e-03
5.953574553132057190e-03
6.062317639589309692e-03
5.897431634366512299e-03
5.880475975573062897e-03
6.238501984626054764e-03
6.028302013874053955e-03
5.972593557089567184e-03
5.907140206545591354e-03
6.056735292077064514e-03
5.952148698270320892e-03
5.868142005056142807e-03
6.103847175836563110e-03
6.617155391722917557e-03
6.004272028803825378e-03
5.866933148354291916e-03
6.227801088243722916e-03
6.001780740916728973e-03
5.849772132933139801e-03
6.016124039888381958e-03
5.865102168172597885e-03
5.772423464804887772e-03
5.783084314316511154e-03
5.932237487286329269e-03
5.970921367406845093e-03
6.301032379269599915e-03
6.084009539335966110e-03
5.873133894056081772e-03
5.882503464818000793e-03
6.160402670502662659e-03
5.933721549808979034e-03
5.997921340167522430e-03
6.016844417899847031e-03
5.810145288705825806e-03
5.835033021867275238e-03
6.067899521440267563e-03
5.816912278532981873e-03
6.011483725160360336e-03
5.940923467278480530e-03
5.946534685790538788e-03
5.808346904814243317e-03
5.900096613913774490e-03
6.235940381884574890e-03
6.173237226903438568e-03
5.979296285659074783e-03
5.943699739873409271e-03
6.379369180649518967e-03
5.852271802723407745e-03
6.083681713789701462e-03
6.142473779618740082e-03
6.150252651423215866e-03
5.874262191355228424e-03
6.087995134294033051e-03
5.870733410120010376e-03
5.811723880469799042e-03
5.908751860260963440e-03
6.210707593709230423e-03
6.178724113851785660e-03
6.219671573489904404e-03
5.923847667872905731e-03
5.865963175892829895e-03
6.018583197146654129e-03
6.411620415747165680e-03
6.119458004832267761e-03
5.992455873638391495e-03
6.059161387383937836e-03
5.936749745160341263e-03
6.188039667904376984e-03
5.768139380961656570e-03
6.056602112948894501e-03
5.919063463807106018e-03
6.005322095006704330e-03
6.280140485614538193e-03
5.885289981961250305e-03
6.058447994291782379e-03
5.912579596042633057e-03
5.892558023333549500e-03
5.933564621955156326e-03
6.298291496932506561e-03
5.948080215603113174e-03
6.052409764379262924e-03
5.793937947601079941e-03
5.889281164854764938e-03
6.443261168897151947e-03
6.089568138122558594e-03
6.020155269652605057e-03
6.088649388402700424e-03
6.203785073012113571e-03
6.027786526829004288e-03
6.309426389634609222e-03
6.148008164018392563e-03
6.043203175067901611e-03
5.874725989997386932e-03
5.972797982394695282e-03
6.087441463023424149e-03
6.078282371163368225e-03
5.833426024764776230e-03
6.185640115290880203e-03
6.008238997310400009e-03
5.873733200132846832e-03
5.751193035393953323e-03
5.769684445112943649e-03
6.081768311560153961e-03
6.466192193329334259e-03
6.081610918045043945e-03
5.861283745616674423e-03
6.346307229250669479e-03
6.170885637402534485e-03
5.844753701239824295e-03
6.089875940233469009e-03
5.784318316727876663e-03
5.859417375177145004e-03
5.936268717050552368e-03
5.861457902938127518e-03
5.799451842904090881e-03
5.986187607049942017e-03
6.037902086973190308e-03
5.998832639306783676e-03
6.046778056770563126e-03
5.924663040786981583e-03
5.918695125728845596e-03
6.208618637174367905e-03
6.529318634420633316e-03
5.937783513218164444e-03
6.317306309938430786e-03
6.310299970209598541e-03
5.969136022031307220e-03
5.949207581579685211e-03
6.305926945060491562e-03
6.127930711954832077e-03
5.824749357998371124e-03
6.038675084710121155e-03
5.859794560819864273e-03
5.833788309246301651e-03
6.156531628221273422e-03
5.901235621422529221e-03
5.856239236891269684e-03
6.014531943947076797e-03
5.965324584394693375e-03
5.966436583548784256e-03
5.792295560240745544e-03
5.966412834823131561e-03
6.311293225735425949e-03
5.990975536406040192e-03
5.947933066636323929e-03
5.958460271358489990e-03
5.951821804046630859e-03
5.885209888219833374e-03
6.154381204396486282e-03
5.816243588924407959e-03
5.980947986245155334e-03
5.912095308303833008e-03
6.070675328373908997e-03
6.187724880874156952e-03
6.213530432432889938e-03
5.972878541797399521e-03
5.968006327748298645e-03
5.884376354515552521e-03
5.850064568221569061e-03
5.825451575219631195e-03
6.162995472550392151e-03
6.123649887740612030e-03
6.327848881483078003e-03
5.844498984515666962e-03
5.875356029719114304e-03
5.977585446089506149e-03
6.295933388173580170e-03
6.009239703416824341e-03
6.285611540079116821e-03
5.991342943161725998e-03
5.829245317727327347e-03
6.316306069493293762e-03
5.989215802401304245e-03
5.941886454820632935e-03
5.870467517524957657e-03
6.022958084940910339e-03
5.857473704963922501e-03
5.918720271438360214e-03
6.052238866686820984e-03
5.930081009864807129e-03
6.200838368386030197e-03
6.012804806232452393e-03
5.889009684324264526e-03
6.282621063292026520e-03
5.946914199739694595e-03
5.904287099838256836e-03
5.867531523108482361e-03
5.955877713859081268e-03
5.815186537802219391e-03
6.081847473978996277e-03
5.948354955762624741e-03
5.870253313332796097e-03
6.203137338161468506e-03
5.901453550904989243e-03
6.120725534856319427e-03
6.114379037171602249e-03
5.976027809083461761e-03
5.823762156069278717e-03
5.941317882388830185e-03
5.839048884809017181e-03
5.864636972546577454e-03
5.853089038282632828e-03
5.873642861843109131e-03
6.124912761151790619e-03
6.094244774430990219e-03
5.813254043459892273e-03
5.876685492694377899e-03
6.154431030154228210e-03
6.281243637204170227e-03
6.557480432093143463e-03
5.931154824793338776e-03
5.825183819979429245e-03
5.951227620244026184e-03
5.758941173553466797e-03
6.134967319667339325e-03
6.035531871020793915e-03
5.756109952926635742e-03
6.060852203518152237e-03
6.016954313963651657e-03
6.349334493279457092e-03
6.465211044996976852e-03
6.088469177484512329e-03
6.239875685423612595e-03
5.935262423008680344e-03
6.383697967976331711e-03
5.760178435593843460e-03
6.007675081491470337e-03
5.858705379068851471e-03
5.957862827926874161e-03
6.118375342339277267e-03
6.091844756156206131e-03
6.174623034894466400e-03
5.858607590198516846e-03
5.936808884143829346e-03
5.942997988313436508e-03
5.896270740777254105e-03
5.977598950266838074e-03
5.842562299221754074e-03
5.771967582404613495e-03
5.815555807203054428e-03
6.078799255192279816e-03
5.861610174179077148e-03
5.977008491754531860e-03
7.051587570458650589e-03
6.268269382417201996e-03
6.006097886711359024e-03
5.950499325990676880e-03
5.872901529073715210e-03
5.979645531624555588e-03
6.076935678720474243e-03
6.179739255458116531e-03
6.358665879815816879e-03
5.924490280449390411e-03
5.894432775676250458e-03
5.894772708415985107e-03
5.924084223806858063e-03
6.039792206138372421e-03
6.086736917495727539e-03
6.000104825943708420e-03
5.985407158732414246e-03
5.833164323121309280e-03
5.850047804415225983e-03
5.775811616331338882e-03
5.869632121175527573e-03
5.781808868050575256e-03
5.898365750908851624e-03
5.966435186564922333e-03
6.184630561619997025e-03
5.970691796392202377e-03
5.860959179699420929e-03
5.852985661476850510e-03
6.003509741276502609e-03
5.946289747953414917e-03
6.015579681843519211e-03
5.937415640801191330e-03
6.220307666808366776e-03
5.908565595746040344e-03
6.032949779182672501e-03
5.813453812152147293e-03
5.906975828111171722e-03
6.109184585511684418e-03
5.934955552220344543e-03
5.871998146176338196e-03
5.845951847732067108e-03
6.042543798685073853e-03
5.874508060514926910e-03
5.821895785629749298e-03
6.418174598366022110e-03
6.632774602621793747e-03
5.993564147502183914e-03
5.901508033275604248e-03
6.272868718951940536e-03
5.815690848976373672e-03
5.998624488711357117e-03
6.115539465099573135e-03
6.057955324649810791e-03
5.884881131350994110e-03
5.902433302253484726e-03
5.935586988925933838e-03
5.815328098833560944e-03
6.090233568102121353e-03
6.003423593938350677e-03
5.819943733513355255e-03
5.985989235341548920e-03
5.899384152144193649e-03
6.118680816143751144e-03
5.821736995130777359e-03
6.522242911159992218e-03
5.865504965186119080e-03
6.181059405207633972e-03
6.059570237994194031e-03
5.973868072032928467e-03
6.310267373919487000e-03
6.415890529751777649e-03
6.126558408141136169e-03
5.908486898988485336e-03
6.226779893040657043e-03
6.225114688277244568e-03
5.864573642611503601e-03
5.824307911098003387e-03
6.131323985755443573e-03
5.915610585361719131e-03
5.993275903165340424e-03
5.959923844784498215e-03
5.859313067048788071e-03
5.903935525566339493e-03
5.889626219868659973e-03
6.084416061639785767e-03
5.885903257876634598e-03
5.909699480980634689e-03
5.874845199286937714e-03
5.839326418936252594e-03
5.837446078658103943e-03
5.819493904709815979e-03
5.938225425779819489e-03
6.181914359331130981e-03
6.300413981080055237e-03
6.249926518648862839e-03
6.075435783714056015e-03
5.947518162429332733e-03
5.947563797235488892e-03
5.878713913261890411e-03
6.059056147933006287e-03
5.860586650669574738e-03
5.871645174920558929e-03
6.192515138536691666e-03
6.087928079068660736e-03
6.059090606868267059e-03
5.937490612268447876e-03
6.147278472781181335e-03
5.949787329882383347e-03
5.869984161108732224e-03
5.920447874814271927e-03
6.189871113747358322e-03
6.382602266967296600e-03
6.615989375859498978e-03
6.261283531785011292e-03
5.874860100448131561e-03
5.994211882352828979e-03
5.806987173855304718e-03
6.033872254192829132e-03
5.899834446609020233e-03
5.898079369217157364e-03
5.815285723656415939e-03
5.874293390661478043e-03
5.946082063019275665e-03
5.837482865899801254e-03
5.888572428375482559e-03
5.828930065035820007e-03
5.763588473200798035e-03
6.317678373306989670e-03
6.156202405691146851e-03
5.803371313959360123e-03
6.045836955308914185e-03
5.915720947086811066e-03
5.884885322302579880e-03
5.994749255478382111e-03
6.016296334564685822e-03
5.887603387236595154e-03
5.800344049930572510e-03
5.844739731401205063e-03
5.988450255244970322e-03
6.198258604854345322e-03
5.855969153344631195e-03
5.911441985517740250e-03
5.927306599915027618e-03
6.117880344390869141e-03
5.958237685263156891e-03
6.118743680417537689e-03
6.459851283580064774e-03
6.149748340249061584e-03
6.268474739044904709e-03
5.866192746907472610e-03
5.995078943669795990e-03
5.935401190072298050e-03
5.859761033207178116e-03
6.257575936615467072e-03
6.105122622102499008e-03
5.989392753690481186e-03
5.941721145063638687e-03
5.892201326787471771e-03
5.955173168331384659e-03
6.220832467079162598e-03
5.866373423486948013e-03
5.961858667433261871e-03
6.279021501541137695e-03
6.379242055118083954e-03
5.949336569756269455e-03
5.854751449078321457e-03
6.192818749696016312e-03
5.982337985187768936e-03
5.958058405667543411e-03
5.947431549429893494e-03
5.876396782696247101e-03
5.956264678388834000e-03
6.137902382761240005e-03
6.069895811378955841e-03
5.835406016558408737e-03
5.905275698751211166e-03
6.086457520723342896e-03
5.777033511549234390e-03
6.095977034419775009e-03
5.943988449871540070e-03
6.609461270272731781e-03
5.855401046574115753e-03
5.866847001016139984e-03
5.966679193079471588e-03
6.248433608561754227e-03
6.215922068804502487e-03
5.776035599410533905e-03
5.938068032264709473e-03
5.845272447913885117e-03
5.847604479640722275e-03
6.333431228995323181e-03
6.062922533601522446e-03
6.022172980010509491e-03
5.964938551187515259e-03
6.299154832959175110e-03
5.978427827358245850e-03
5.938814952969551086e-03
6.002584006637334824e-03
6.089383736252784729e-03
5.935234017670154572e-03
5.985376890748739243e-03
5.777799990028142929e-03
5.804745480418205261e-03
5.968929734081029892e-03
5.974475294351577759e-03
5.981277674436569214e-03
5.994213744997978210e-03
6.002184469252824783e-03
5.804933607578277588e-03
5.886554718017578125e-03
6.036496721208095551e-03
5.990286357700824738e-03
6.133537739515304565e-03
6.027810275554656982e-03
5.863525439053773880e-03
5.823776125907897949e-03
5.880242213606834412e-03
6.039170082658529282e-03
5.862727761268615723e-03
6.023828871548175812e-03
5.855777300894260406e-03
6.000087130814790726e-03
5.984401330351829529e-03
5.765174981206655502e-03
5.909249186515808105e-03
5.883867386728525162e-03
5.963630042970180511e-03
5.995510611683130264e-03
5.755795631557703018e-03
5.823875311762094498e-03
5.966976284980773926e-03
6.084863096475601196e-03
6.072634831070899963e-03
6.620487198233604431e-03
6.112080067396163940e-03
6.176010705530643463e-03
6.172385998070240021e-03
5.870841909199953079e-03
5.864611361175775528e-03
6.059749051928520203e-03
6.136112846434116364e-03
5.801699589937925339e-03
5.861104931682348251e-03
5.831041838973760605e-03
6.108351051807403564e-03
5.773345008492469788e-03
6.316314451396465302e-03
6.226726341992616653e-03
6.014486309140920639e-03
6.126324180513620377e-03
5.874445196241140366e-03
5.852957256138324738e-03
5.917398259043693542e-03
5.797720048576593399e-03
6.032489240169525146e-03
5.984874442219734192e-03
5.847072694450616837e-03
5.904764402657747269e-03
5.960904061794281006e-03
5.904211662709712982e-03
6.335524376481771469e-03
6.030925549566745758e-03
5.774116609245538712e-03
5.923927761614322662e-03
5.842359736561775208e-03
5.998044274747371674e-03
6.036192178726196289e-03
6.046036724001169205e-03
5.952042061835527420e-03
5.995561368763446808e-03
5.873986985534429550e-03
6.133573129773139954e-03
6.042072083801031113e-03
6.273309700191020966e-03
6.160302553325891495e-03
6.293769460171461105e-03
5.944131873548030853e-03
5.947793833911418915e-03
6.017573643475770950e-03
6.138834636658430099e-03
6.045268382877111435e-03
6.849812809377908707e-03
6.107787601649761200e-03
5.954612512141466141e-03
6.164246238768100739e-03
5.953609477728605270e-03
6.266466341912746429e-03
5.824750754982233047e-03
5.994311999529600143e-03
5.848065018653869629e-03
5.827543325722217560e-03
5.897290073335170746e-03
5.871582776308059692e-03
5.894012283533811569e-03
6.194672081619501114e-03
5.887161474674940109e-03
6.208007689565420151e-03
6.008326075971126556e-03
5.902566015720367432e-03
5.767256487160921097e-03
5.914622452110052109e-03
5.804008804261684418e-03
5.791862029582262039e-03
5.804963875561952591e-03
5.806280765682458878e-03
5.946121644228696823e-03
5.818454548716545105e-03
6.024556234478950500e-03
6.020640954375267029e-03
5.869293119758367538e-03
5.982667673379182816e-03
5.897081922739744186e-03
6.215901114046573639e-03
6.396866869181394577e-03
5.971931386739015579e-03
5.926822777837514877e-03
5.792493000626564026e-03
5.891816690564155579e-03
5.956972483545541763e-03
6.196094211190938950e-03
5.950578022748231888e-03
5.942942108958959579e-03
5.864412523806095123e-03
5.808478686958551407e-03
5.944953765720129013e-03
5.902404896914958954e-03
5.914350971579551697e-03
6.007863208651542664e-03
6.131869275122880936e-03
5.999048240482807159e-03
5.740549415349960327e-03
5.896749440580606461e-03
5.812255199998617172e-03
6.024201400578022003e-03
6.004516035318374634e-03
6.191848777234554291e-03
6.189216393977403641e-03
6.098034791648387909e-03
5.923888180404901505e-03
6.065666675567626953e-03
5.866454914212226868e-03
5.949942395091056824e-03
5.828821100294589996e-03
5.882196128368377686e-03
5.884267389774322510e-03
5.837847944349050522e-03
5.802164319902658463e-03
5.808838177472352982e-03
6.281604059040546417e-03
5.915565416216850281e-03
6.107382476329803467e-03
5.830223672091960907e-03
5.896514747291803360e-03
6.184959318488836288e-03
6.175572983920574188e-03
5.987633019685745239e-03
5.879894364625215530e-03
5.989290773868560791e-03
6.039423868060112000e-03
5.999603308737277985e-03
5.838319193571805954e-03
6.007639225572347641e-03
5.937797483056783676e-03
6.050854455679655075e-03
5.914303939789533615e-03
5.943464115262031555e-03
5.803561769425868988e-03
5.940683651715517044e-03
6.846064701676368713e-03
5.980185698717832565e-03
6.086426787078380585e-03
6.170674227178096771e-03
5.841181613504886627e-03
6.144361570477485657e-03
5.844746716320514679e-03
5.879284814000129700e-03
5.821838043630123138e-03
6.059081293642520905e-03
5.798052065074443817e-03
6.030064076185226440e-03
5.902830976992845535e-03
5.873162299394607544e-03
5.908933468163013458e-03
6.298468913882970810e-03
5.913652479648590088e-03
5.741724744439125061e-03
5.966420751065015793e-03
5.871178116649389267e-03
5.846079904586076736e-03
5.860913079231977463e-03
5.996045656502246857e-03
5.812234710901975632e-03
5.945267155766487122e-03
5.867203231900930405e-03
5.939023103564977646e-03
5.756102036684751511e-03
6.016266997903585434e-03
6.018132902681827545e-03
5.900533404201269150e-03
6.019577849656343460e-03
6.062221713364124298e-03
5.982532631605863571e-03
5.938646383583545685e-03
5.760385189205408096e-03
5.886669736355543137e-03
5.792854819446802139e-03
5.942984018474817276e-03
5.751555785536766052e-03
6.168559659272432327e-03
6.057733204215764999e-03
6.109396461397409439e-03
5.885265301913022995e-03
5.855968687683343887e-03
5.928520578891038895e-03
6.131642032414674759e-03
6.016002036631107330e-03
5.875476170331239700e-03
6.102695595473051071e-03
6.249548867344856262e-03
6.068474147468805313e-03
5.881505552679300308e-03
6.151464302092790604e-03
6.153428461402654648e-03
5.841395352035760880e-03
5.971041042357683182e-03
6.099179387092590332e-03
6.067288108170032501e-03
6.112860050052404404e-03
6.140439771115779877e-03
6.118268705904483795e-03
6.111538503319025040e-03
5.851588677614927292e-03
5.883345846086740494e-03
5.915548186749219894e-03
5.842563230544328690e-03
5.935692694038152695e-03
5.975123029202222824e-03
6.079633720219135284e-03
5.913300905376672745e-03
5.813038907945156097e-03
5.977706518024206161e-03
6.262512411922216415e-03
5.855877883732318878e-03
5.968811921775341034e-03
5.999483168125152588e-03
6.147903855890035629e-03
5.761449225246906281e-03
5.774918477982282639e-03
5.853970535099506378e-03
5.735548213124275208e-03
5.925185512751340866e-03
6.109130568802356720e-03
5.968560930341482162e-03
6.500079296529293060e-03
5.923679564148187637e-03
5.991928745061159134e-03
6.015331484377384186e-03
5.822033621370792389e-03
6.038585677742958069e-03
5.873966030776500702e-03
6.212639156728982925e-03
6.191715598106384277e-03
5.787031725049018860e-03
6.416365504264831543e-03
5.918825045228004456e-03
5.819553975015878677e-03
5.833952687680721283e-03
5.849953740835189819e-03
5.833554081618785858e-03
5.978315602988004684e-03
5.876461975276470184e-03
5.898188333958387375e-03
6.047684699296951294e-03
5.961200688034296036e-03
5.931723862886428833e-03
5.790915340185165405e-03
6.107196677476167679e-03
6.342665292322635651e-03
5.826746113598346710e-03
5.818098783493041992e-03
5.759406369179487228e-03
6.057339720427989960e-03
5.975903943181037903e-03
5.836371332406997681e-03
6.143915932625532150e-03
5.880194250494241714e-03
6.094768643379211426e-03
5.933403968811035156e-03
6.263444665819406509e-03
6.245867814868688583e-03
5.912432912737131119e-03
5.853945389389991760e-03
5.935683380812406540e-03
5.836565978825092316e-03
5.904501769691705704e-03
5.832406226545572281e-03
6.125204730778932571e-03
5.852120462805032730e-03
6.091683637350797653e-03
6.012515164911746979e-03
5.853270646184682846e-03
5.960525944828987122e-03
5.972367245703935623e-03
5.994376260787248611e-03
5.890403874218463898e-03
5.806333385407924652e-03
5.942861083894968033e-03
5.876955576241016388e-03
5.809797905385494232e-03
5.742626264691352844e-03
5.958951078355312347e-03
6.119908764958381653e-03
6.009996868669986725e-03
5.964726675301790237e-03
6.227189209312200546e-03
6.659744307398796082e-03
5.985254887491464615e-03
5.810904316604137421e-03
5.810064263641834259e-03
6.558825727552175522e-03
5.878683179616928101e-03
5.912715103477239609e-03
5.931589752435684204e-03
6.132043898105621338e-03
6.088782567530870438e-03
5.915724206715822220e-03
6.134697701781988144e-03
5.889698397368192673e-03
5.819337442517280579e-03
6.164862774312496185e-03
5.910034757107496262e-03
5.883680190891027451e-03
5.980533082038164139e-03
5.956656299531459808e-03
5.931148305535316467e-03
5.933268927037715912e-03
6.016448605805635452e-03
6.103621795773506165e-03
6.225176155567169189e-03
6.011194083839654922e-03
5.957464687526226044e-03
5.982838105410337448e-03
5.848447792232036591e-03
5.843344144523143768e-03
5.785130895674228668e-03
5.875157658010721207e-03
6.016347557306289673e-03
6.090925540775060654e-03
5.889414809644222260e-03
6.000717170536518097e-03
6.066625937819480896e-03
5.737530998885631561e-03
5.755155812948942184e-03
5.739166401326656342e-03
6.414805073291063309e-03
5.938643123954534531e-03
5.763716530054807663e-03
5.937194451689720154e-03
5.872347392141819000e-03
5.860884673893451691e-03
5.876427982002496719e-03
5.945920012891292572e-03
5.953701678663492203e-03
6.164348218590021133e-03
6.525753997266292572e-03
6.064333952963352203e-03
6.023822817951440811e-03
5.839675199240446091e-03
6.411623675376176834e-03
6.042651366442441940e-03
6.173159461468458176e-03
5.811781622469425201e-03
5.747723393142223358e-03
5.803538486361503601e-03
5.778227932751178741e-03
6.006952375173568726e-03
5.777037236839532852e-03
5.794115364551544189e-03
5.880801007151603699e-03
5.909351631999015808e-03
5.915864370763301849e-03
5.772125441581010818e-03
5.848792381584644318e-03
6.247601471841335297e-03
5.859621800482273102e-03
5.822889506816864014e-03
6.246923469007015228e-03
6.082371808588504791e-03
6.076134741306304932e-03
6.037442479282617569e-03
6.079433951526880264e-03
5.918613169342279434e-03
5.787415895611047745e-03
5.769767332822084427e-03
5.820166319608688354e-03
5.901275202631950378e-03
6.095996592193841934e-03
5.885167978703975677e-03
5.861363839358091354e-03
5.982575006783008575e-03
6.012677215039730072e-03
5.858182441443204880e-03
5.806896835565567017e-03
5.838478449732065201e-03
5.931284278631210327e-03
5.948072299361228943e-03
5.985338240861892700e-03
5.956208333373069763e-03
5.817652214318513870e-03
5.933903623372316360e-03
5.840962287038564682e-03
5.926287733018398285e-03
6.013187114149332047e-03
5.965320393443107605e-03
5.981571506708860397e-03
6.124813575297594070e-03
6.007822696119546890e-03
5.987452808767557144e-03
6.026645656675100327e-03
6.124361883848905563e-03
5.832851864397525787e-03
5.850296933203935623e-03
6.012174300849437714e-03
6.067031528800725937e-03
5.795451812446117401e-03
5.775106605142354965e-03
5.833118688315153122e-03
5.766792688518762589e-03
5.820108111947774887e-03
6.101143080741167068e-03
5.830330308526754379e-03
5.831406451761722565e-03
5.897167138755321503e-03
5.776052828878164291e-03
6.014966871589422226e-03
5.852298345416784286e-03
6.120991893112659454e-03
5.916919559240341187e-03
5.994016770273447037e-03
6.252245046198368073e-03
5.980958696454763412e-03
5.859307944774627686e-03
5.805249325931072235e-03
5.916107911616563797e-03
5.828896071761846542e-03
6.087729707360267639e-03
6.044381298124790192e-03
5.892198067158460617e-03
6.000127643346786499e-03
5.958980415016412735e-03
5.910962820053100586e-03
5.780289880931377411e-03
6.704889703541994095e-03
6.250557489693164825e-03
6.223367992788553238e-03
5.897223949432373047e-03
6.070488598197698593e-03
5.936430301517248154e-03
5.792624782770872116e-03
5.734996870160102844e-03
5.921597126871347427e-03
5.835703574120998383e-03
6.009265780448913574e-03
5.780880339443683624e-03
5.875700153410434723e-03
6.509833037853240967e-03
5.872764624655246735e-03
5.893225315958261490e-03
5.922556389123201370e-03
5.876665469259023666e-03
6.041975226253271103e-03
6.166473962366580963e-03
5.746490787714719772e-03
5.819933488965034485e-03
6.105551961809396744e-03
5.880212876945734024e-03
6.011031102389097214e-03
5.737868137657642365e-03
5.879007279872894287e-03
5.796336568892002106e-03
6.140853744000196457e-03
5.874376278370618820e-03
5.819146521389484406e-03
5.762604530900716782e-03
6.066813599318265915e-03
6.060025189071893692e-03
5.803834181278944016e-03
6.317619234323501587e-03
6.229186430573463440e-03
6.229459308087825775e-03
5.788356531411409378e-03
6.035555619746446609e-03
5.784609820693731308e-03
6.261794362217187881e-03
5.919371731579303741e-03
5.749011877924203873e-03
5.900233518332242966e-03
5.941381212323904037e-03
6.041926331818103790e-03
6.053285673260688782e-03
5.862097255885601044e-03
5.832734517753124237e-03
6.306881085038185120e-03
5.973512306809425354e-03
6.100201047956943512e-03
5.896948743611574173e-03
6.036110688000917435e-03
6.129835266619920731e-03
6.089042872190475464e-03
5.827057175338268280e-03
6.148118991404771805e-03
5.863068625330924988e-03
5.855085328221321106e-03
6.080287043005228043e-03
5.793236661702394485e-03
5.974565632641315460e-03
5.916138179600238800e-03
5.899960175156593323e-03
6.112176459282636642e-03
5.985612515360116959e-03
6.108411587774753571e-03
5.951295606791973114e-03
5.817090626806020737e-03
5.868314765393733978e-03
5.761167965829372406e-03
5.953400861471891403e-03
5.947243422269821167e-03
6.186675280332565308e-03
6.016458850353956223e-03
5.995109677314758301e-03
5.907301325350999832e-03
6.014635786414146423e-03
5.842018872499465942e-03
5.860419478267431259e-03
5.991345737129449844e-03
5.933383945375680923e-03
5.735387094318866730e-03
6.508308462798595428e-03
6.105525419116020203e-03
5.929537117481231689e-03
6.499952170997858047e-03
5.863561294972896576e-03
5.820747464895248413e-03
5.894591100513935089e-03
5.777077749371528625e-03
5.799853708595037460e-03
5.716284736990928650e-03
5.812897812575101852e-03
5.749670788645744324e-03
6.113613490015268326e-03
6.423979997634887695e-03
5.910230800509452820e-03
6.045103538781404495e-03
5.715586710721254349e-03
6.025644019246101379e-03
5.771292839199304581e-03
5.884391255676746368e-03
6.039365660399198532e-03
5.881231278181076050e-03
5.771689582616090775e-03
6.028729490935802460e-03
6.076769903302192688e-03
5.989134777337312698e-03
5.806406494230031967e-03
5.821360275149345398e-03
5.814349278807640076e-03
5.835017189383506775e-03
6.123478990048170090e-03
5.991160403937101364e-03
5.844201426953077316e-03
6.395493168383836746e-03
6.512729451060295105e-03
5.912194494158029556e-03
5.964910145848989487e-03
5.777554586529731750e-03
6.094087846577167511e-03
5.942253861576318741e-03
5.761630367487668991e-03
5.975789856165647507e-03
5.933214444667100906e-03
6.138474214822053909e-03
5.884964019060134888e-03
5.992243532091379166e-03
6.558666471391916275e-03
6.534562446177005768e-03
6.188767030835151672e-03
5.995455197989940643e-03
5.771238356828689575e-03
5.993832834064960480e-03
5.898141302168369293e-03
5.905318539589643478e-03
5.839507095515727997e-03
5.777774378657341003e-03
5.886905826628208160e-03
5.857709795236587524e-03
5.828063469380140305e-03
5.842603743076324463e-03
5.806182511150836945e-03
5.811312235891819000e-03
6.013614591211080551e-03
6.187891121953725815e-03
5.746448878198862076e-03
5.983955692499876022e-03
5.976826418191194534e-03
5.856123287230730057e-03
6.030012853443622589e-03
6.015656050294637680e-03
5.896705668419599533e-03
6.097103934735059738e-03
5.792482290416955948e-03
5.787823814898729324e-03
5.884217564016580582e-03
5.970425438135862350e-03
6.594858132302761078e-03
6.235803477466106415e-03
5.809015594422817230e-03
5.945257376879453659e-03
5.821753293275833130e-03
5.822667386382818222e-03
5.919757764786481857e-03
6.494394037872552872e-03
6.075422279536724091e-03
5.864283069968223572e-03
6.186619866639375687e-03
5.995959043502807617e-03
5.883692298084497452e-03
6.218006368726491928e-03
5.825141910463571548e-03
5.935467313975095749e-03
5.804915446788072586e-03
5.920868832617998123e-03
5.987751297652721405e-03
6.012971978634595871e-03
5.795968230813741684e-03
5.939533002674579620e-03
5.972689017653465271e-03
5.840991158038377762e-03
5.935722030699253082e-03
5.925855599343776703e-03
5.853730719536542892e-03
5.823985207825899124e-03
5.880062934011220932e-03
5.822807084769010544e-03
5.894344765692949295e-03
6.339669693261384964e-03
6.194596644490957260e-03
6.131835281848907471e-03
5.884920246899127960e-03
5.828595254570245743e-03
5.791797768324613571e-03
5.938518792390823364e-03
5.742367822676897049e-03
5.826946813613176346e-03
6.003243383020162582e-03
5.775800906121730804e-03
6.220070645213127136e-03
5.870983004570007324e-03
6.062061060220003128e-03
6.068741437047719955e-03
5.861448124051094055e-03
5.809048656374216080e-03
5.803024861961603165e-03
6.050145253539085388e-03
6.046732887625694275e-03
6.043580360710620880e-03
6.142301484942436218e-03
5.863405298441648483e-03
5.872332025319337845e-03
5.969960242509841919e-03
5.879117175936698914e-03
5.886356811970472336e-03
5.896086804568767548e-03
6.197750102728605270e-03
6.377725861966609955e-03
5.787748843431472778e-03
5.792662501335144043e-03
5.864015780389308929e-03
5.960577167570590973e-03
5.815435666590929031e-03
5.998518783599138260e-03
6.031149998307228088e-03
5.900708492845296860e-03
6.166622973978519440e-03
5.857855547219514847e-03
5.951050203293561935e-03
5.790394265204668045e-03
6.051938049495220184e-03
5.906203761696815491e-03
6.139159202575683594e-03
6.306769326329231262e-03
5.964579526335000992e-03
6.327501498162746429e-03
5.869394633919000626e-03
6.113216280937194824e-03
6.151177920401096344e-03
5.883391946554183960e-03
5.874504335224628448e-03
5.773484706878662109e-03
5.814560689032077789e-03
6.063475273549556732e-03
6.115674972534179688e-03
6.456576287746429443e-03
5.843525752425193787e-03
5.985745228826999664e-03
5.827546585351228714e-03
5.746534559875726700e-03
5.842240527272224426e-03
6.167199928313493729e-03
5.865275859832763672e-03
5.975364707410335541e-03
6.403876002877950668e-03
5.849326960742473602e-03
6.177342962473630905e-03
5.799112375825643539e-03
6.034213118255138397e-03
6.198270712047815323e-03
5.760988220572471619e-03
5.955426022410392761e-03
5.728957243263721466e-03
5.896585062146186829e-03
5.833742208778858185e-03
5.876045674085617065e-03
6.011469289660453796e-03
5.933810956776142120e-03
5.899592768400907516e-03
6.134809926152229309e-03
5.914213135838508606e-03
5.955401342362165451e-03
5.965974181890487671e-03
5.708675365895032883e-03
5.805044434964656830e-03
5.817422643303871155e-03
5.817220546305179596e-03
6.363899912685155869e-03
5.823214538395404816e-03
5.969670601189136505e-03
5.832450464367866516e-03
5.948863457888364792e-03
5.780027247965335846e-03
5.748752038925886154e-03
5.717577412724494934e-03
5.994121544063091278e-03
5.752200726419687271e-03
5.789281800389289856e-03
5.764090921729803085e-03
5.860097240656614304e-03
5.820458754897117615e-03
5.869249813258647919e-03
5.781393498182296753e-03
5.778105463832616806e-03
5.878238007426261902e-03
5.982153583317995071e-03
6.076889578253030777e-03
6.174177397042512894e-03
5.994684994220733643e-03
5.921158939599990845e-03
6.192051339894533157e-03
5.869705229997634888e-03
5.852743983268737793e-03
5.851614754647016525e-03
5.829356145113706589e-03
5.897521972656250000e-03
5.983913317322731018e-03
6.412136368453502655e-03
5.901728756725788116e-03
5.941287148743867874e-03
6.095697637647390366e-03
6.268363445997238159e-03
5.846644286066293716e-03
5.774526856839656830e-03
5.943655967712402344e-03
5.866758525371551514e-03
6.013520993292331696e-03
5.876862909644842148e-03
6.045610643923282623e-03
5.773229990154504776e-03
5.821240134537220001e-03
5.760297179222106934e-03
5.787881091237068176e-03
5.958928726613521576e-03
5.875242408365011215e-03
5.705064628273248672e-03
6.102539598941802979e-03
5.779246799647808075e-03
6.111672148108482361e-03
6.124339997768402100e-03
5.772212520241737366e-03
6.251443177461624146e-03
5.856369156390428543e-03
5.874900612980127335e-03
6.081594154238700867e-03
6.068930961191654205e-03
6.079997401684522629e-03
5.856784526258707047e-03
5.894617643207311630e-03
6.025472655892372131e-03
6.168222520500421524e-03
5.817002151161432266e-03
5.742514040321111679e-03
5.891739390790462494e-03
6.001127883791923523e-03
6.074971519410610199e-03
5.904204677790403366e-03
5.944428034126758575e-03
6.012147292494773865e-03
5.717177409678697586e-03
6.368670612573623657e-03
5.797949153929948807e-03
5.724279209971427917e-03
6.090858485549688339e-03
5.844552069902420044e-03
6.172368768602609634e-03
5.795753095299005508e-03
5.896137095987796783e-03
5.779737140983343124e-03
5.904279183596372604e-03
6.140770390629768372e-03
5.860765464603900909e-03
5.901690572500228882e-03
5.743778776377439499e-03
5.730608943849802017e-03
6.073496770113706589e-03
5.992424208670854568e-03
5.979144945740699768e-03
6.026220507919788361e-03
5.926390644162893295e-03
5.726401228457689285e-03
5.981029942631721497e-03
5.840941797941923141e-03
5.851161666214466095e-03
5.803449545055627823e-03
5.883275065571069717e-03
5.899014417082071304e-03
5.779250059276819229e-03
5.765182431787252426e-03
5.843801423907279968e-03
5.744255613535642624e-03
5.981511902064085007e-03
5.915626883506774902e-03
6.146979518234729767e-03
5.979330744594335556e-03
6.546845193952322006e-03
5.976377520710229874e-03
6.174407899379730225e-03
5.733252502977848053e-03
5.763101391494274139e-03
5.863592959940433502e-03
5.788294598460197449e-03
5.793720949441194534e-03
5.835389252752065659e-03
5.976852960884571075e-03
5.897224415093660355e-03
6.278861314058303833e-03
5.809597205370664597e-03
5.904548801481723785e-03
5.769474431872367859e-03
5.796973593533039093e-03
5.913953762501478195e-03
6.006585899740457535e-03
6.034496240317821503e-03
6.113113369792699814e-03
5.977050401270389557e-03
5.735444836318492889e-03
5.749389063566923141e-03
5.806719418615102768e-03
5.917092785239219666e-03
5.920474883168935776e-03
5.924832075834274292e-03
5.919734947383403778e-03
5.960352253168821335e-03
5.814346484839916229e-03
6.060752086341381073e-03
5.869347136467695236e-03
5.823996383696794510e-03
5.707839969545602798e-03
5.992167163640260696e-03
6.003112532198429108e-03
6.021993234753608704e-03
6.432929541915655136e-03
5.984384100884199142e-03
5.769489798694849014e-03
5.910404957830905914e-03
5.893747322261333466e-03
6.049918476492166519e-03
5.971483420580625534e-03
5.821623839437961578e-03
5.989898461848497391e-03
5.814269650727510452e-03
5.739063955843448639e-03
5.906158592551946640e-03
5.774925928562879562e-03
5.972655490040779114e-03
5.949209444224834442e-03
5.924484692513942719e-03
5.781495478004217148e-03
5.869119893759489059e-03
5.773006472736597061e-03
5.936464294791221619e-03
6.344373337924480438e-03
5.976845510303974152e-03
6.109656766057014465e-03
5.913277156651020050e-03
5.751164164394140244e-03
5.840491503477096558e-03
6.011726800352334976e-03
5.865067709237337112e-03
5.840087775141000748e-03
6.157023366540670395e-03
5.794239230453968048e-03
5.865110550075769424e-03
5.792141426354646683e-03
5.940086208283901215e-03
6.365317851305007935e-03
6.107372231781482697e-03
6.247733719646930695e-03
6.043253466486930847e-03
6.043469533324241638e-03
6.067251320928335190e-03
5.973279010504484177e-03
5.879312288016080856e-03
5.758825689554214478e-03
5.846722517162561417e-03
6.287046708166599274e-03
5.945661570876836777e-03
6.018362939357757568e-03
5.956311244517564774e-03
6.279240362346172333e-03
6.631048861891031265e-03
5.877826828509569168e-03
5.966981872916221619e-03
6.134322844445705414e-03
5.773132666945457458e-03
5.911258514970541000e-03
5.752194672822952271e-03
5.788432434201240540e-03
5.833325907588005066e-03
6.233334075659513474e-03
5.948767531663179398e-03
5.794333294034004211e-03
5.689487792551517487e-03
5.956279113888740540e-03
5.763992201536893845e-03
5.846417509019374847e-03
6.353524979203939438e-03
6.007081829011440277e-03
5.797792226076126099e-03
5.990258418023586273e-03
5.784338805824518204e-03
6.121048703789710999e-03
5.965485237538814545e-03
6.071263458579778671e-03
6.226937752217054367e-03
5.890453234314918518e-03
5.897068884223699570e-03
6.237837951630353928e-03
6.211463361978530884e-03
5.935806315392255783e-03
5.870509427040815353e-03
5.897017195820808411e-03
5.806838627904653549e-03
5.969624500721693039e-03
6.286293733865022659e-03
6.123494356870651245e-03
5.911642219871282578e-03
5.986302159726619720e-03
5.844663828611373901e-03
6.025919690728187561e-03
6.161469966173171997e-03
5.959556903690099716e-03
5.779151804745197296e-03
5.758810322731733322e-03
6.106375716626644135e-03
5.994832143187522888e-03
5.805076099932193756e-03
5.800222977995872498e-03
6.034446880221366882e-03
5.734705366194248199e-03
5.886194296181201935e-03
5.834975279867649078e-03
6.039978936314582825e-03
6.066460162401199341e-03
5.798619240522384644e-03
6.176663096994161606e-03
6.246839649975299835e-03
5.786920432001352310e-03
5.913949105888605118e-03
5.835099145770072937e-03
5.893704015761613846e-03
5.789099726825952530e-03
5.823082756251096725e-03
6.052459124475717545e-03
5.765752866864204407e-03
5.908350925892591476e-03
5.899606738239526749e-03
6.059249397367238998e-03
6.086991634219884872e-03
6.302889902144670486e-03
5.842500366270542145e-03
6.159829907119274139e-03
5.764787085354328156e-03
5.841496400535106659e-03
6.141890306025743484e-03
6.178263109177350998e-03
5.759118124842643738e-03
6.185202393680810928e-03
5.909685511142015457e-03
5.897572729736566544e-03
6.008967757225036621e-03
6.082584615796804428e-03
6.681330967694520950e-03
5.985967814922332764e-03
6.077351048588752747e-03
5.795324221253395081e-03
5.960761569440364838e-03
6.145830731838941574e-03
6.295124534517526627e-03
5.830817390233278275e-03
6.149237509816884995e-03
6.235889159142971039e-03
5.816789343953132629e-03
5.916483700275421143e-03
5.883580073714256287e-03
5.818242672830820084e-03
5.760410800576210022e-03
6.276501808315515518e-03
5.952483974397182465e-03
5.877146963030099869e-03
6.010393146425485611e-03
6.353996228426694870e-03
5.835101008415222168e-03
6.252374034374952316e-03
5.762616638094186783e-03
5.828222259879112244e-03
5.905597470700740814e-03
5.806643515825271606e-03
6.131317466497421265e-03
5.852608941495418549e-03
5.842120852321386337e-03
5.893721710890531540e-03
5.916028749197721481e-03
5.777785554528236389e-03
5.777095444500446320e-03
6.162205711007118225e-03
5.993243772536516190e-03
5.809170659631490707e-03
5.882878787815570831e-03
5.994151346385478973e-03
5.816624499857425690e-03
5.856660660356283188e-03
5.829565227031707764e-03
5.787088535726070404e-03
5.736614577472209930e-03
6.003179587423801422e-03
5.947797559201717377e-03
5.893529392778873444e-03
5.896216258406639099e-03
5.855818279087543488e-03
6.157523021101951599e-03
5.974060390144586563e-03
6.218905560672283173e-03
6.011602934449911118e-03
6.054540164768695831e-03
5.805034190416336060e-03
5.896613933145999908e-03
5.902174394577741623e-03
5.796844139695167542e-03
5.810781847685575485e-03
5.987342447042465210e-03
5.889835301786661148e-03
5.849399603903293610e-03
5.826971493661403656e-03
5.694786086678504944e-03
5.759679712355136871e-03
6.157421506941318512e-03
5.828147754073143005e-03
6.099970079958438873e-03
5.885079968720674515e-03
6.357175298035144806e-03
5.771826952695846558e-03
5.919859744608402252e-03
5.936450324952602386e-03
5.938826594501733780e-03
5.995184183120727539e-03
5.872802808880805969e-03
5.781390238553285599e-03
6.004529073834419250e-03
5.837044678628444672e-03
6.106682587414979935e-03
5.845244973897933960e-03
5.923473741859197617e-03
5.852365866303443909e-03
5.975852254778146744e-03
5.967188160866498947e-03
5.978728178888559341e-03
5.828881636261940002e-03
5.850480869412422180e-03
5.793244577944278717e-03
5.874376744031906128e-03
5.860063247382640839e-03
6.078629754483699799e-03
6.149930413812398911e-03
5.826879758387804031e-03
5.920457188040018082e-03
5.715216044336557388e-03
5.750341806560754776e-03
6.074606440961360931e-03
6.068533286452293396e-03
5.798918660730123520e-03
5.946059245616197586e-03
5.860758479684591293e-03
5.855241324752569199e-03
5.828457418829202652e-03
6.034407299011945724e-03
5.929472390562295914e-03
5.792431067675352097e-03
5.713546182960271835e-03
5.827078595757484436e-03
5.862107500433921814e-03
5.935088265687227249e-03
5.905788857489824295e-03
5.783468950539827347e-03
5.831951741129159927e-03
5.974702537059783936e-03
5.762598477303981781e-03
5.956093315035104752e-03
6.131066475063562393e-03
6.082403473556041718e-03
5.873288959264755249e-03
5.762543063610792160e-03
5.779548082500696182e-03
5.784716922789812088e-03
6.038143299520015717e-03
5.807417444884777069e-03
5.758604500442743301e-03
6.092114374041557312e-03
7.078343536704778671e-03
6.202802062034606934e-03
5.814359523355960846e-03
5.778875201940536499e-03
5.824344698339700699e-03
5.848729051649570465e-03
5.722045432776212692e-03
5.754929035902023315e-03
5.799832288175821304e-03
6.356837693601846695e-03
5.793000571429729462e-03
5.910855717957019806e-03
5.944671574980020523e-03
5.818572826683521271e-03
5.876690614968538284e-03
5.754285957664251328e-03
5.854845978319644928e-03
6.106555927544832230e-03
5.802243482321500778e-03
5.754800979048013687e-03
5.877092480659484863e-03
5.764783360064029694e-03
5.684302188456058502e-03
6.205306388437747955e-03
6.384116131812334061e-03
5.779021885246038437e-03
5.831615068018436432e-03
5.889087915420532227e-03
5.740550346672534943e-03
5.800208542495965958e-03
5.768476519733667374e-03
5.799993406981229782e-03
5.837440490722656250e-03
5.786173976957798004e-03
5.730728618800640106e-03
5.774613004177808762e-03
5.840280093252658844e-03
5.906310863792896271e-03
6.134504918009042740e-03
5.817570723593235016e-03
5.849366076290607452e-03
5.926221143454313278e-03
5.780663341283798218e-03
5.735923536121845245e-03
5.808683112263679504e-03
5.741886794567108154e-03
5.988770164549350739e-03
6.188422441482543945e-03
5.980081390589475632e-03
5.871881730854511261e-03
5.792900454252958298e-03
5.787410773336887360e-03
5.753375589847564697e-03
6.016619503498077393e-03
6.046155001968145370e-03
5.816485267132520676e-03
5.741633474826812744e-03
5.712673533707857132e-03
5.773385986685752869e-03
5.863819736987352371e-03
5.757917184382677078e-03
6.001877598464488983e-03
5.810461472719907761e-03
5.785337649285793304e-03
5.956977140158414841e-03
6.050770170986652374e-03
5.921448115259408951e-03
5.933262873440980911e-03
5.759946070611476898e-03
5.862242542207241058e-03
5.878337658941745758e-03
6.135090254247188568e-03
5.891896318644285202e-03
5.872463341802358627e-03
6.278364453464746475e-03
6.615133024752140045e-03
5.907401908189058304e-03
6.285541690886020660e-03
5.777060054242610931e-03
5.929484032094478607e-03
6.394727155566215515e-03
6.062422879040241241e-03
5.946201737970113754e-03
5.817848257720470428e-03
5.788936279714107513e-03
5.876513663679361343e-03
5.973019637167453766e-03
6.071392912417650223e-03
6.256532855331897736e-03
5.851754918694496155e-03
5.804390180855989456e-03
6.088874302804470062e-03
5.829013418406248093e-03
5.708824377506971359e-03
5.984738934785127640e-03
5.797923076897859573e-03
6.359001155942678452e-03
5.830081645399332047e-03
5.878521129488945007e-03
5.724369082599878311e-03
5.896468181163072586e-03
5.917159840464591980e-03
6.459058728069067001e-03
5.734886974096298218e-03
5.935112480074167252e-03
6.034596357494592667e-03
5.907454062253236771e-03
6.003665272146463394e-03
5.840431898832321167e-03
5.910144653171300888e-03
5.790426395833492279e-03
5.824003368616104126e-03
5.889726337045431137e-03
5.817876663058996201e-03
5.859804339706897736e-03
5.791866686195135117e-03
5.779937840998172760e-03
5.721632391214370728e-03
5.793677177280187607e-03
5.737564526498317719e-03
5.918237846344709396e-03
5.898002069443464279e-03
6.122737657278776169e-03
6.015956867486238480e-03
5.838373675942420959e-03
5.718471948057413101e-03
5.687525961548089981e-03
5.784872919321060181e-03
5.731006152927875519e-03
6.274185609072446823e-03
6.016339175403118134e-03
5.854642949998378754e-03
5.900644231587648392e-03
5.879291798919439316e-03
6.068831309676170349e-03
5.726651288568973541e-03
5.792661104351282120e-03
5.782314576208591461e-03
5.877873860299587250e-03
5.858062766492366791e-03
6.109334062784910202e-03
5.747121758759021759e-03
5.855602677911520004e-03
5.787306465208530426e-03
5.754719488322734833e-03
6.098011974245309830e-03
6.601872853934764862e-03
6.329227704554796219e-03
5.874919239431619644e-03
5.917088594287633896e-03
5.750359501689672470e-03
5.672144703567028046e-03
5.803717765957117081e-03
5.771188065409660339e-03
5.973063409328460693e-03
5.756847094744443893e-03
5.882684607058763504e-03
5.825260654091835022e-03
5.776252131909132004e-03
5.956965032964944839e-03
5.793160293251276016e-03
5.774225573986768723e-03
5.849854089319705963e-03
5.847665481269359589e-03
5.846541840583086014e-03
6.322491448372602463e-03
5.916169378906488419e-03
5.780813749879598618e-03
5.710367113351821899e-03
6.177840754389762878e-03
5.736993625760078430e-03
5.819917656481266022e-03
6.006948649883270264e-03
6.207576021552085876e-03
5.782255437225103378e-03
5.807651672512292862e-03
5.914731416851282120e-03
5.999870132654905319e-03
5.810044240206480026e-03
6.000201217830181122e-03
5.785384215414524078e-03
5.947300698608160019e-03
5.804054904729127884e-03
6.069113500416278839e-03
6.317380815744400024e-03
5.869852844625711441e-03
5.781145300716161728e-03
5.875183269381523132e-03
5.687132477760314941e-03
6.122626364231109619e-03
6.143141072243452072e-03
6.307639647275209427e-03
6.365052424371242523e-03
5.967369768768548965e-03
5.713254213333129883e-03
5.781032145023345947e-03
5.864647217094898224e-03
6.170373875647783279e-03
6.023507565259933472e-03
5.800045095384120941e-03
5.839776247739791870e-03
6.202363874763250351e-03
5.734459962695837021e-03
5.813601892441511154e-03
5.895107053220272064e-03
5.882222205400466919e-03
5.755522288382053375e-03
5.888947751373052597e-03
5.794471595436334610e-03
6.074472796171903610e-03
6.137338001281023026e-03
5.833815317600965500e-03
6.001298315823078156e-03
5.946268327534198761e-03
6.032055709511041641e-03
5.753678269684314728e-03
5.847576074302196503e-03
6.134731695055961609e-03
5.859498865902423859e-03
5.749647971242666245e-03
5.804141983389854431e-03
5.842981394380331039e-03
5.848991684615612030e-03
5.989304278045892715e-03
5.845317151397466660e-03
6.006752140820026398e-03
5.856740754097700119e-03
5.887793377041816711e-03
6.050014868378639221e-03
5.869431886821985245e-03
5.797921679913997650e-03
5.729659926146268845e-03
5.754092708230018616e-03
5.947660189121961594e-03
5.880674347281455994e-03
6.225527729839086533e-03
5.683714058250188828e-03
5.964132491499185562e-03
5.815904587507247925e-03
5.705863237380981445e-03
6.109178066253662109e-03
5.711695645004510880e-03
5.861463025212287903e-03
5.903619341552257538e-03
5.752906668931245804e-03
6.067355629056692123e-03
5.899994634091854095e-03
5.819922778755426407e-03
5.814358592033386230e-03
5.774215329438447952e-03
6.221874151378870010e-03
5.877887364476919174e-03
6.113989744335412979e-03
5.700259469449520111e-03
5.980059038847684860e-03
5.907084792852401733e-03
6.152434274554252625e-03
5.777810700237751007e-03
5.815268494188785553e-03
6.109910085797309875e-03
5.926844663918018341e-03
5.918682552874088287e-03
5.727098323404788971e-03
6.031750701367855072e-03
5.738697480410337448e-03
5.981090944260358810e-03
5.829445552080869675e-03
5.952860694378614426e-03
5.777665879577398300e-03
5.900789983570575714e-03
5.704161245375871658e-03
5.765007343143224716e-03
6.027636118233203888e-03
6.453128997236490250e-03
6.222799886018037796e-03
5.859994795173406601e-03
5.794721189886331558e-03
6.223407573997974396e-03
6.370516493916511536e-03
5.764583591371774673e-03
5.965842865407466888e-03
5.918596871197223663e-03
5.894168745726346970e-03
6.096054799854755402e-03
5.963642150163650513e-03
5.852476693689823151e-03
5.700254812836647034e-03
6.508624181151390076e-03
5.765151698142290115e-03
5.796518642455339432e-03
6.084536667913198471e-03
6.026689894497394562e-03
5.972945131361484528e-03
5.770837422460317612e-03
5.707774776965379715e-03
5.688149947673082352e-03
5.962755531072616577e-03
5.907646380364894867e-03
5.814601201564073563e-03
5.806473083794116974e-03
5.868520587682723999e-03
6.068910006433725357e-03
5.735565908253192902e-03
5.894899833947420120e-03
5.823523271828889847e-03
5.741794593632221222e-03
5.796157289296388626e-03
5.763956345617771149e-03
5.863208323717117310e-03
6.003105081617832184e-03
6.064476445317268372e-03
5.835863295942544937e-03
5.876048933714628220e-03
6.051961332559585571e-03
5.890018772333860397e-03
5.890807602554559708e-03
5.881275050342082977e-03
5.793408956378698349e-03
5.820969585329294205e-03
5.906013771891593933e-03
6.285629700869321823e-03
5.988115444779396057e-03
6.367609836161136627e-03
6.178247742354869843e-03
5.876314360648393631e-03
5.830202251672744751e-03
5.815723910927772522e-03
5.817466881126165390e-03
5.905282218009233475e-03
6.134539842605590820e-03
5.836030468344688416e-03
6.523231044411659241e-03
5.834391806274652481e-03
5.747633986175060272e-03
5.680241156369447708e-03
5.659338086843490601e-03
6.002294830977916718e-03
5.805714055895805359e-03
5.984161514788866043e-03
5.781684536486864090e-03
6.076831370592117310e-03
5.868092644959688187e-03
5.759032443165779114e-03
6.105609703809022903e-03
5.744994152337312698e-03
5.905474536120891571e-03
5.944924429059028625e-03
5.785550922155380249e-03
6.131710950285196304e-03
5.815908778458833694e-03
5.860100500285625458e-03
5.745694506913423538e-03
5.816339049488306046e-03
5.802574101835489273e-03
6.072950083762407303e-03
5.857374519109725952e-03
5.941554438322782516e-03
5.861466284841299057e-03
5.929738283157348633e-03
5.950097460299730301e-03
5.813838914036750793e-03
5.729832220822572708e-03
5.982861388474702835e-03
5.919992923736572266e-03
5.782586522400379181e-03
6.137409247457981110e-03
6.093925796449184418e-03
5.922970362007617950e-03
6.917733233422040939e-03
5.924725439399480820e-03
5.842263810336589813e-03
5.882397759705781937e-03
5.880504380911588669e-03
5.882343742996454239e-03
5.723786540329456329e-03
5.791619885712862015e-03
5.723635666072368622e-03
5.970963742583990097e-03
5.923153366893529892e-03
5.959172733128070831e-03
6.001762580126523972e-03
5.776686593890190125e-03
5.857686512172222137e-03
6.114456802606582642e-03
5.925428122282028198e-03
5.964363925158977509e-03
5.837883334606885910e-03
5.719440523535013199e-03
5.807661451399326324e-03
5.745891481637954712e-03
5.798269528895616531e-03
5.834148731082677841e-03
5.788491107523441315e-03
5.736254155635833740e-03
5.951697938144207001e-03
5.779393948614597321e-03
5.788574460893869400e-03
5.859312601387500763e-03
6.161076016724109650e-03
6.082920357584953308e-03
5.719261709600687027e-03
6.175420712679624557e-03
5.842387676239013672e-03
5.827544722706079483e-03
5.732651799917221069e-03
5.762428510934114456e-03
5.706491880118846893e-03
5.941540468484163284e-03
6.269398611038923264e-03
6.567222531884908676e-03
5.956808570772409439e-03
5.817167926579713821e-03
5.851943977177143097e-03
5.821026396006345749e-03
5.858035292476415634e-03
6.080791819840669632e-03
5.767576862126588821e-03
5.987712182104587555e-03
5.990834906697273254e-03
5.764214787632226944e-03
5.851830355823040009e-03
5.734980572015047073e-03
5.908241495490074158e-03
6.049798335880041122e-03
5.854115821421146393e-03
5.775840021669864655e-03
5.675427615642547607e-03
6.014851387590169907e-03
5.718926899135112762e-03
5.802140571177005768e-03
6.114437244832515717e-03
5.769509822130203247e-03
5.830822046846151352e-03
6.000255700200796127e-03
6.086077541112899780e-03
5.916493479162454605e-03
5.923176184296607971e-03
5.819936748594045639e-03
5.768969189375638962e-03
5.823049228638410568e-03
5.706614814698696136e-03
6.472051609307527542e-03
6.288648117333650589e-03
5.783456843346357346e-03
5.672615952789783478e-03
5.859503522515296936e-03
5.908356979489326477e-03
6.228249985724687576e-03
5.994404200464487076e-03
6.030357908457517624e-03
5.754021462053060532e-03
5.989686120301485062e-03
5.971407517790794373e-03
5.779994186013936996e-03
5.982372909784317017e-03
5.799490958452224731e-03
5.966984201222658157e-03
5.805419757962226868e-03
5.764227360486984253e-03
5.774386227130889893e-03
5.700822919607162476e-03
5.787924397736787796e-03
6.112756673246622086e-03
5.873971618711948395e-03
5.921222735196352005e-03
5.778551567345857620e-03
5.774960387498140335e-03
5.822693929076194763e-03
5.908439401537179947e-03
5.674203392118215561e-03
5.962072405964136124e-03
5.899303127080202103e-03
6.235023029148578644e-03
5.854553077369928360e-03
5.994334816932678223e-03
6.067167501896619797e-03
5.860969424247741699e-03
5.921874660998582840e-03
5.722501780837774277e-03
5.858008284121751785e-03
5.951396189630031586e-03
5.876098293811082840e-03
5.885440856218338013e-03
6.075921934098005295e-03
5.893157795071601868e-03
5.706337746232748032e-03
5.943239200860261917e-03
5.861197132617235184e-03
5.828700959682464600e-03
5.708522163331508636e-03
5.696673411875963211e-03
5.772496107965707779e-03
6.215728353708982468e-03
5.791812669485807419e-03
6.083712447434663773e-03
5.692696664482355118e-03
5.815817508846521378e-03
5.973115563392639160e-03
5.976864136755466461e-03
5.942623130977153778e-03
5.996891763061285019e-03
5.810839124023914337e-03
5.701487418264150620e-03
5.820673890411853790e-03
6.252672988921403885e-03
5.817813798785209656e-03
5.730484146624803543e-03
6.164724938571453094e-03
5.957853980362415314e-03
5.700947251170873642e-03
6.136087235063314438e-03
5.786815192550420761e-03
5.697178654372692108e-03
5.922499112784862518e-03
5.702817812561988831e-03
6.181178614497184753e-03
5.886855069547891617e-03
5.676479078829288483e-03
5.933929234743118286e-03
5.784010048955678940e-03
5.691685713827610016e-03
5.906802602112293243e-03
5.785644520074129105e-03
5.827187560498714447e-03
5.993672646582126617e-03
5.990534089505672455e-03
5.848377477377653122e-03
5.772550124675035477e-03
5.807253066450357437e-03
6.167497485876083374e-03
5.707961507141590118e-03
5.793613847345113754e-03
5.823540501296520233e-03
5.674474872648715973e-03
5.721935071051120758e-03
5.776799749583005905e-03
5.794634576886892319e-03
5.743959452956914902e-03
5.903255194425582886e-03
5.729649215936660767e-03
5.989906843751668930e-03
5.873459856957197189e-03
5.770623683929443359e-03
5.973935127258300781e-03
5.866402294486761093e-03
5.967617500573396683e-03
5.821511149406433105e-03
5.889481399208307266e-03
5.882794968783855438e-03
5.812920629978179932e-03
6.473913788795471191e-03
6.098615005612373352e-03
5.944069474935531616e-03
5.814352538436651230e-03
6.049954798072576523e-03
5.849613342434167862e-03
5.808123853057622910e-03
6.208885926753282547e-03
5.718872882425785065e-03
5.721531808376312256e-03
5.788120906800031662e-03
5.787930916994810104e-03
5.946646910160779953e-03
6.371454801410436630e-03
5.912870634347200394e-03
6.237543653696775436e-03
5.940805654972791672e-03
5.769087933003902435e-03
5.788918118923902512e-03
5.695703439414501190e-03
6.119918078184127808e-03
5.920966621488332748e-03
5.909843370318412781e-03
5.733693484216928482e-03
6.223160773515701294e-03
5.657839123159646988e-03
5.907670129090547562e-03
5.975564941763877869e-03
6.249675992876291275e-03
5.737462546676397324e-03
6.045952439308166504e-03
5.929826293140649796e-03
5.890006665140390396e-03
6.113733164966106415e-03
6.023285444825887680e-03
5.981657188385725021e-03
5.780151579529047012e-03
5.952417850494384766e-03
5.803582258522510529e-03
6.158502306789159775e-03
5.732712801545858383e-03
5.890684202313423157e-03
6.030315998941659927e-03
5.852302536368370056e-03
6.067394278943538666e-03
5.931910593062639236e-03
6.139228586107492447e-03
6.356197874993085861e-03
5.798817612230777740e-03
5.703226197510957718e-03
5.695289466530084610e-03
5.877395160496234894e-03
6.222072057425975800e-03
6.202495656907558441e-03
5.814682226628065109e-03
5.733015015721321106e-03
5.783096421509981155e-03
5.703206639736890793e-03
5.747205577790737152e-03
6.015794351696968079e-03
5.841734819114208221e-03
5.802333354949951172e-03
5.782105959951877594e-03
5.661414470523595810e-03
6.036590784788131714e-03
5.871745292097330093e-03
5.720407702028751373e-03
5.697078537195920944e-03
5.893534049391746521e-03
5.906404461711645126e-03
5.691559519618749619e-03
5.948379635810852051e-03
5.919017363339662552e-03
5.986206233501434326e-03
5.877266172319650650e-03
5.717769730836153030e-03
5.985966417938470840e-03
5.855217576026916504e-03
5.790725350379943848e-03
5.825071595609188080e-03
5.732460413128137589e-03
5.909085739403963089e-03
5.714801140129566193e-03
5.820760503411293030e-03
5.856503266841173172e-03
5.782328080385923386e-03
5.886869970709085464e-03
5.837861914187669754e-03
5.786299239844083786e-03
5.811039358377456665e-03
6.225483026355504990e-03
5.798585712909698486e-03
5.736066028475761414e-03
5.681315902620553970e-03
5.861298646777868271e-03
5.714976228773593903e-03
5.863821599632501602e-03
6.118714343756437302e-03
5.699098110198974609e-03
5.801114253699779510e-03
5.686413031071424484e-03
6.042745430022478104e-03
5.924541503190994263e-03
5.760215222835540771e-03
5.896728951483964920e-03
5.941041745245456696e-03
5.732976831495761871e-03
6.192286964505910873e-03
5.899948533624410629e-03
6.134915165603160858e-03
5.845022853463888168e-03
5.779228173196315765e-03
5.860469769686460495e-03
5.682252813130617142e-03
5.799856502562761307e-03
5.716081708669662476e-03
6.195786409080028534e-03
6.205272395163774490e-03
5.987856071442365646e-03
5.846683401614427567e-03
5.818802397698163986e-03
5.753600504249334335e-03
6.021042354404926300e-03
5.817557685077190399e-03
5.755816120654344559e-03
6.565549876540899277e-03
6.036600098013877869e-03
6.193086039274930954e-03
5.878236610442399979e-03
5.842324346303939819e-03
5.758679471909999847e-03
5.811029113829135895e-03
5.886110942810773849e-03
5.754131823778152466e-03
5.903628654778003693e-03
5.766841582953929901e-03
5.763164255768060684e-03
5.882985889911651611e-03
6.021017674356698990e-03
5.929908249527215958e-03
6.078536622226238251e-03
5.887668114155530930e-03
5.734478589147329330e-03
6.168726366013288498e-03
5.918036215007305145e-03
6.037374492734670639e-03
6.027060095220804214e-03
5.744268186390399933e-03
5.821763537824153900e-03
5.816265940666198730e-03
5.785170476883649826e-03
5.678661633282899857e-03
5.737885367125272751e-03
5.996502470225095749e-03
5.931887775659561157e-03
5.678734742105007172e-03
5.713839083909988403e-03
5.660035647451877594e-03
5.754018202424049377e-03
5.924134515225887299e-03
5.891100969165563583e-03
5.703451111912727356e-03
6.130332127213478088e-03
5.855034105479717255e-03
5.999159999191761017e-03
5.800694692879915237e-03
5.998752545565366745e-03
5.884621758013963699e-03
5.896075163036584854e-03
5.878828931599855423e-03
6.059792358428239822e-03
5.780182778835296631e-03
5.726005882024765015e-03
5.708388052880764008e-03
5.968420300632715225e-03
6.159113254398107529e-03
5.871673114597797394e-03
5.992605350911617279e-03
5.900183226913213730e-03
5.979962646961212158e-03
6.000425200909376144e-03
5.827832501381635666e-03
5.884583573788404465e-03
6.045929156243801117e-03
5.853530019521713257e-03
5.741399712860584259e-03
5.950056482106447220e-03
6.022328976541757584e-03
5.813117139041423798e-03
5.912654101848602295e-03
6.022190209478139877e-03
5.839895457029342651e-03
6.302200257778167725e-03
5.978689063340425491e-03
5.775953643023967743e-03
5.711931735277175903e-03
5.720572546124458313e-03
5.823295563459396362e-03
5.863966420292854309e-03
5.708103999495506287e-03
5.719252862036228180e-03
6.043676286935806274e-03
5.786944646388292313e-03
6.101138424128293991e-03
5.808448884636163712e-03
5.812481977045536041e-03
5.946648307144641876e-03
5.688082892447710037e-03
5.769957322627305984e-03
5.774653516709804535e-03
5.832031369209289551e-03
5.750095006078481674e-03
5.701971706002950668e-03
5.828488618135452271e-03
5.917218048125505447e-03
5.830704234540462494e-03
6.016059312969446182e-03
6.009419448673725128e-03
5.797179415822029114e-03
5.771460477262735367e-03
6.088559515774250031e-03
5.761148408055305481e-03
6.196947768330574036e-03
5.871621426194906235e-03
6.056372076272964478e-03
6.004075985401868820e-03
5.759606137871742249e-03
5.932416766881942749e-03
6.604823749512434006e-03
6.012029014527797699e-03
5.680233240127563477e-03
5.761582870036363602e-03
5.858690012246370316e-03
5.957791581749916077e-03
6.155869923532009125e-03
5.741550587117671967e-03
5.999887827783823013e-03
5.835565738379955292e-03
5.841451231390237808e-03
5.734951235353946686e-03
6.232350599020719528e-03
6.062973756343126297e-03
5.926502868533134460e-03
5.826094653457403183e-03
5.704366602003574371e-03
5.669526290148496628e-03
5.709704477339982986e-03
6.028241943567991257e-03
6.576192565262317657e-03
6.394365802407264709e-03
5.972445011138916016e-03
5.923626944422721863e-03
5.954314954578876495e-03
5.693416576832532883e-03
5.727109033614397049e-03
5.930298008024692535e-03
5.815509241074323654e-03
5.725349299609661102e-03
5.776947829872369766e-03
5.773107521235942841e-03
5.815773736685514450e-03
5.722760688513517380e-03
5.939536727964878082e-03
5.922729615122079849e-03
5.825522821396589279e-03
5.778189748525619507e-03
5.742282141000032425e-03
5.781597923487424850e-03
5.837874021381139755e-03
6.008437834680080414e-03
5.778776016086339951e-03
5.955870728939771652e-03
5.724038463085889816e-03
5.769276991486549377e-03
6.046157330274581909e-03
5.716923624277114868e-03
5.882773548364639282e-03
5.734733305871486664e-03
6.209143437445163727e-03
5.983707495033740997e-03
6.132580339908599854e-03
6.051355041563510895e-03
5.879183299839496613e-03
5.757421720772981644e-03
6.126258987933397293e-03
5.985142663121223450e-03
5.796866957098245621e-03
5.734128877520561218e-03
5.791789386421442032e-03
5.734358914196491241e-03
6.099519785493612289e-03
5.729215219616889954e-03
5.912651773542165756e-03
5.839537829160690308e-03
5.746725946664810181e-03
5.656470078974962234e-03
5.786113440990447998e-03
5.812823306769132614e-03
5.882535595446825027e-03
6.035792175680398941e-03
5.859074182808399200e-03
5.766635760664939880e-03
5.861022975295782089e-03
5.930015351623296738e-03
5.857090465724468231e-03
5.794579163193702698e-03
5.891850683838129044e-03
6.089563947170972824e-03
5.777461919933557510e-03
5.730298347771167755e-03
5.764623638242483139e-03
5.939317401498556137e-03
5.815286189317703247e-03
5.940530449151992798e-03
5.957721732556819916e-03
5.689448211342096329e-03
5.846153944730758667e-03
5.992727819830179214e-03
5.810717586427927017e-03
5.900562740862369537e-03
5.850862711668014526e-03
5.762052256613969803e-03
5.963520612567663193e-03
6.075501441955566406e-03
5.796639714390039444e-03
5.771975498646497726e-03
5.724444519728422165e-03
5.808151327073574066e-03
6.002475973218679428e-03
5.857509560883045197e-03
6.166940554976463318e-03
5.774407647550106049e-03
5.949342157691717148e-03
5.802343599498271942e-03
6.014660932123661041e-03
5.852384492754936218e-03
5.831129848957061768e-03
5.799328908324241638e-03
5.791479721665382385e-03
5.683171097189188004e-03
5.982477217912673950e-03
5.706420168280601501e-03
5.825606174767017365e-03
5.869863089174032211e-03
6.057890132069587708e-03
5.756114143878221512e-03
5.741037894040346146e-03
5.687259137630462646e-03
6.256336346268653870e-03
5.749715492129325867e-03
5.741687957197427750e-03
6.202368531376123428e-03
5.705340765416622162e-03
5.808118730783462524e-03
5.774099379777908325e-03
5.980369634926319122e-03
5.924422293901443481e-03
5.862195044755935669e-03
5.734253209084272385e-03
6.171722430735826492e-03
5.813091062009334564e-03
5.813406780362129211e-03
6.039369851350784302e-03
5.865492857992649078e-03
5.752702243626117706e-03
5.706778261810541153e-03
5.848144181072711945e-03
5.668743979185819626e-03
5.676670465618371964e-03
6.072980817407369614e-03
6.106424611061811447e-03
6.008725147694349289e-03
5.713864695280790329e-03
5.797151941806077957e-03
5.889582447707653046e-03
5.816745571792125702e-03
6.093639414757490158e-03
5.826807115226984024e-03
5.815604235976934433e-03
5.718861706554889679e-03
5.758920684456825256e-03
5.929594859480857849e-03
5.924377590417861938e-03
5.676167085766792297e-03
5.932108964771032333e-03
6.151511333882808685e-03
5.943339783698320389e-03
5.864750593900680542e-03
5.734351463615894318e-03
6.262049078941345215e-03
5.758000537753105164e-03
6.040011998265981674e-03
5.725153256207704544e-03
5.835089366883039474e-03
6.148902699351310730e-03
5.785160697996616364e-03
5.791528150439262390e-03
5.825366824865341187e-03
5.823905579745769501e-03
5.729249212890863419e-03
5.773603450506925583e-03
5.865452811121940613e-03
5.912347231060266495e-03
5.780520848929882050e-03
6.077038124203681946e-03
5.749244242906570435e-03
5.724770948290824890e-03
5.819808226078748703e-03
5.815675482153892517e-03
5.744045600295066833e-03
5.805982742458581924e-03
5.834091454744338989e-03
6.143018603324890137e-03
5.745118483901023865e-03
6.034676451236009598e-03
5.914064589887857437e-03
6.205559242516756058e-03
5.887039005756378174e-03
5.966113880276679993e-03
5.696097388863563538e-03
5.841549485921859741e-03
5.696894135326147079e-03
5.902255885303020477e-03
5.742940120398998260e-03
5.900240503251552582e-03
5.886603146791458130e-03
5.881206598132848740e-03
5.785144865512847900e-03
5.806737579405307770e-03
5.971308797597885132e-03
5.720452405512332916e-03
5.836071912199258804e-03
5.757180042564868927e-03
5.898520350456237793e-03
5.815825425088405609e-03
5.843196529895067215e-03
6.157401017844676971e-03
5.750623531639575958e-03
5.753422155976295471e-03
6.404589395970106125e-03
5.854448303580284119e-03
5.912684369832277298e-03
5.857387091964483261e-03
6.001231260597705841e-03
5.829605739563703537e-03
5.810819566249847412e-03
5.668192636221647263e-03
5.924521479755640030e-03
5.676681175827980042e-03
5.797117948532104492e-03
5.864257458597421646e-03
5.798592697829008102e-03
6.041553337126970291e-03
5.851435475051403046e-03
5.836538039147853851e-03
5.727420095354318619e-03
5.874151363968849182e-03
6.220599170774221420e-03
5.934584420174360275e-03
5.896169692277908325e-03
5.732329096645116806e-03
5.917711183428764343e-03
5.903186742216348648e-03
5.662878509610891342e-03
5.815511103719472885e-03
6.007666699588298798e-03
6.070757284760475159e-03
5.776598118245601654e-03
5.814626812934875488e-03
5.880801007151603699e-03
5.890158005058765411e-03
5.695324856787919998e-03
5.996310152113437653e-03
5.851336754858493805e-03
5.750676617026329041e-03
5.731000564992427826e-03
5.875088740140199661e-03
5.784363020211458206e-03
5.966981407254934311e-03
5.721236113458871841e-03
5.781137850135564804e-03
5.801843013614416122e-03
5.823950748890638351e-03
5.850966088473796844e-03
5.737288855016231537e-03
5.736689548939466476e-03
5.758694838732481003e-03
5.786510650068521500e-03
5.822899751365184784e-03
5.745170637965202332e-03
5.981673020869493484e-03
5.784230306744575500e-03
5.819083657115697861e-03
5.705773830413818359e-03
5.725267343223094940e-03
5.941204261034727097e-03
5.731829442083835602e-03
6.501335185021162033e-03
5.869348067790269852e-03
6.027280353009700775e-03
6.160991266369819641e-03
5.935251247137784958e-03
5.711894482374191284e-03
6.545555777847766876e-03
6.108439993113279343e-03
5.866815336048603058e-03
5.961895454674959183e-03
5.865635816007852554e-03
5.695754196494817734e-03
5.776984617114067078e-03
5.807061213999986649e-03
5.644677672535181046e-03
5.827357526868581772e-03
5.712376441806554794e-03
5.683544557541608810e-03
5.808489397168159485e-03
5.945689976215362549e-03
5.853461101651191711e-03
6.024044938385486603e-03
5.954416934400796890e-03
5.729071795940399170e-03
5.775826983153820038e-03
5.760242231190204620e-03
5.892158020287752151e-03
5.990853067487478256e-03
5.732372403144836426e-03
5.784749519079923630e-03
5.968379322439432144e-03
6.085847038775682449e-03
6.299960426986217499e-03
6.352975033223628998e-03
5.919385701417922974e-03
5.963088944554328918e-03
6.015558727085590363e-03
5.807757843285799026e-03
5.774779245257377625e-03
6.003739777952432632e-03
5.720392335206270218e-03
5.774599500000476837e-03
5.755402613431215286e-03
5.839118268340826035e-03
5.884137935936450958e-03
5.735963582992553711e-03
5.760460626333951950e-03
5.828853696584701538e-03
5.896452348679304123e-03
5.808614660054445267e-03
5.963420961052179337e-03
5.692331586033105850e-03
5.761545151472091675e-03
5.679338239133358002e-03
5.904478952288627625e-03
5.820770282298326492e-03
5.834830924868583679e-03
5.866258405148983002e-03
5.911144427955150604e-03
5.773740354925394058e-03
6.540979724377393723e-03
5.742547567933797836e-03
5.843862425535917282e-03
5.670984275639057159e-03
6.101856939494609833e-03
6.096832919865846634e-03
6.018132437020540237e-03
5.946396850049495697e-03
5.901869386434555054e-03
5.835146177560091019e-03
5.942038260400295258e-03
5.685040261596441269e-03
5.795212462544441223e-03
5.894625559449195862e-03
5.720171611756086349e-03
5.697658285498619080e-03
5.755321588367223740e-03
5.775111727416515350e-03
5.888263694941997528e-03
5.784135777503252029e-03
5.744267255067825317e-03
5.835813935846090317e-03
5.712656304240226746e-03
5.852423608303070068e-03
5.726336501538753510e-03
5.746387410908937454e-03
5.973406601697206497e-03
5.735621787607669830e-03
5.701938644051551819e-03
5.750720389187335968e-03
5.653261207044124603e-03
5.964761599898338318e-03
5.988828372210264206e-03
6.059301551431417465e-03
5.892626941204071045e-03
5.714949686080217361e-03
5.883292760699987411e-03
5.963021889328956604e-03
5.792052019387483597e-03
5.782920401543378830e-03
6.574724335223436356e-03
6.082159001380205154e-03
5.774243734776973724e-03
6.278320215642452240e-03
5.903337150812149048e-03
5.800710059702396393e-03
6.081806961447000504e-03
5.829108878970146179e-03
5.883657839149236679e-03
5.962723400443792343e-03
5.795497912913560867e-03
5.873759277164936066e-03
5.714839790016412735e-03
5.832630675286054611e-03
5.950952880084514618e-03
5.781804211437702179e-03
6.085243076086044312e-03
6.180320866405963898e-03
5.752685014158487320e-03
5.802699364721775055e-03
6.030870601534843445e-03
5.753669422119855881e-03
5.766432266682386398e-03
5.635313689708709717e-03
5.796180572360754013e-03
5.871232599020004272e-03
5.765685345977544785e-03
5.867308937013149261e-03
6.262931507080793381e-03
5.797293502837419510e-03
5.999530199915170670e-03
6.028609350323677063e-03
6.007472518831491470e-03
6.247926969081163406e-03
5.747347138822078705e-03
5.763377528637647629e-03
5.779827479273080826e-03
5.768617615103721619e-03
5.806973204016685486e-03
6.064880173653364182e-03
5.635714624077081680e-03
5.871494300663471222e-03
6.012775935232639313e-03
6.076232064515352249e-03
6.066417787224054337e-03
5.975221283733844757e-03
5.916646216064691544e-03
5.796335171908140182e-03
5.640252493321895599e-03
5.675201304256916046e-03
5.747341085225343704e-03
5.841363687068223953e-03
5.640795920044183731e-03
5.776804406195878983e-03
5.767703987658023834e-03
6.055111531168222427e-03
5.672436207532882690e-03
5.691521801054477692e-03
5.933154374361038208e-03
5.856347270309925079e-03
6.628869101405143738e-03
5.802795756608247757e-03
5.967169534415006638e-03
5.704952403903007507e-03
5.648970603942871094e-03
5.871215369552373886e-03
5.748946685343980789e-03
5.801345687359571457e-03
5.950488150119781494e-03
5.907282698899507523e-03
5.878726020455360413e-03
5.802845582365989685e-03
5.782658699899911880e-03
5.814611911773681641e-03
6.158173084259033203e-03
5.858898628503084183e-03
5.825359839946031570e-03
6.009105127304792404e-03
5.844904575496912003e-03
6.432087160646915436e-03
5.706832744181156158e-03
5.831560585647821426e-03
5.909946747124195099e-03
5.914417095482349396e-03
5.681055597960948944e-03
5.716878455132246017e-03
5.760300438851118088e-03
5.891115870326757431e-03
5.816502496600151062e-03
6.079314742237329483e-03
5.760909989476203918e-03
5.723220296204090118e-03
5.642007570713758469e-03
6.110295653343200684e-03
6.278429180383682251e-03
5.940540228039026260e-03
5.770875606685876846e-03
5.708996206521987915e-03
6.040072999894618988e-03
6.424732971936464310e-03
5.794929340481758118e-03
5.762257147580385208e-03
5.644146353006362915e-03
6.131128408014774323e-03
5.989373661577701569e-03
6.016083061695098877e-03
5.933075677603483200e-03
5.712551064789295197e-03
5.983510985970497131e-03
6.004762835800647736e-03
5.875053349882364273e-03
6.129118148237466812e-03
5.855252500623464584e-03
5.775694735348224640e-03
5.858525633811950684e-03
5.799107719212770462e-03
5.741165950894355774e-03
6.050189025700092316e-03
5.919358227401971817e-03
5.906527861952781677e-03
5.842475220561027527e-03
5.890381522476673126e-03
5.788380745798349380e-03
5.736472550779581070e-03
5.932629108428955078e-03
5.718319676816463470e-03
5.929419770836830139e-03
5.798729602247476578e-03
5.887759383767843246e-03
6.173298694193363190e-03
5.678386427462100983e-03
5.777899175882339478e-03
5.697230342775583267e-03
5.986383184790611267e-03
5.857713054865598679e-03
5.739435087889432907e-03
5.858067888766527176e-03
5.664297379553318024e-03
5.971273873001337051e-03
5.754364654421806335e-03
5.987574346363544464e-03
5.886179395020008087e-03
5.917590111494064331e-03
5.677946843206882477e-03
5.923709832131862640e-03
6.039788946509361267e-03
5.869848653674125671e-03
5.731155164539813995e-03
5.729621741920709610e-03
5.865633022040128708e-03
5.733210127800703049e-03
5.796351470053195953e-03
5.748135037720203400e-03
5.674089305102825165e-03
6.052848882973194122e-03
5.856079049408435822e-03
5.860531702637672424e-03
6.372695788741111755e-03
5.749606061726808548e-03
6.237210240215063095e-03
6.193800363689661026e-03
5.822311621159315109e-03
5.745174363255500793e-03
5.806442815810441971e-03
5.739494692534208298e-03
5.943688564002513885e-03
5.739681888371706009e-03
5.694381427019834518e-03
6.178970914334058762e-03
6.020212545990943909e-03
5.971500184386968613e-03
5.645257420837879181e-03
6.011111196130514145e-03
5.735106300562620163e-03
5.883136764168739319e-03
5.798776168376207352e-03
5.692993290722370148e-03
5.764786619693040848e-03
5.811322946101427078e-03
5.915872287005186081e-03
5.897983908653259277e-03
5.933817476034164429e-03
5.647765006870031357e-03
6.025460548698902130e-03
5.840369034558534622e-03
6.074433214962482452e-03
6.025782320648431778e-03
5.731605459004640579e-03
5.821965169161558151e-03
5.804039537906646729e-03
5.997591186314821243e-03
6.054499652236700058e-03
5.799492355436086655e-03
5.857701878994703293e-03
5.763743072748184204e-03
5.666389130055904388e-03
5.769843235611915588e-03
5.819354671984910965e-03
5.843184888362884521e-03
5.750964395701885223e-03
6.002347916364669800e-03
5.989258643239736557e-03
5.820627789944410324e-03
5.873481743037700653e-03
5.765322595834732056e-03
5.696621723473072052e-03
6.051160860806703568e-03
5.719132255762815475e-03
5.969865247607231140e-03
5.939116701483726501e-03
5.783196073025465012e-03
5.772926844656467438e-03
5.777369253337383270e-03
5.792448297142982483e-03
5.746623035520315170e-03
5.772260483354330063e-03
5.649644881486892700e-03
5.766896530985832214e-03
5.729969590902328491e-03
5.714270751923322678e-03
5.719513166695833206e-03
6.073228083550930023e-03
6.113791838288307190e-03
5.797949619591236115e-03
5.767348222434520721e-03
6.244319491088390350e-03
5.859015975147485733e-03
6.052680313587188721e-03
5.762829910963773727e-03
5.850076675415039062e-03
5.688480567187070847e-03
5.873206071555614471e-03
5.878594238311052322e-03
5.789595656096935272e-03
5.791248753666877747e-03
5.842665676027536392e-03
5.676469765603542328e-03
5.815905984491109848e-03
5.707309581339359283e-03
5.794954951852560043e-03
5.696073640137910843e-03
5.810028873383998871e-03
5.868653766810894012e-03
5.846445914357900620e-03
5.960126873105764389e-03
6.092002149671316147e-03
5.819413810968399048e-03
5.850661545991897583e-03
6.360259838402271271e-03
5.932908505201339722e-03
5.961859133094549179e-03
6.152016576379537582e-03
5.769013892859220505e-03
6.156079005450010300e-03
5.726011469960212708e-03
5.865995772182941437e-03
5.671525839716196060e-03
5.856799427419900894e-03
6.091769319027662277e-03
5.676812492311000824e-03
5.761242471635341644e-03
5.818199831992387772e-03
5.634184461086988449e-03
5.648785736411809921e-03
5.699339788407087326e-03
5.852328613400459290e-03
5.678871646523475647e-03
5.938855931162834167e-03
5.979293957352638245e-03
5.796373821794986725e-03
6.037853192538022995e-03
5.807084497064352036e-03
5.830815527588129044e-03
5.802832543849945068e-03
5.818790756165981293e-03
5.899785552173852921e-03
5.659856833517551422e-03
5.903182551264762878e-03
5.975524894893169403e-03
5.707524716854095459e-03
5.851883906871080399e-03
5.748266819864511490e-03
5.716218147426843643e-03
5.814693868160247803e-03
5.869172047823667526e-03
5.758714396506547928e-03
5.780921317636966705e-03
6.038715597242116928e-03
5.762581713497638702e-03
6.016372237354516983e-03
5.931399762630462646e-03
5.766121670603752136e-03
5.792149808257818222e-03
5.778550636023283005e-03
5.950376391410827637e-03
5.812442395836114883e-03
5.731518846005201340e-03
6.177381612360477448e-03
5.922969430685043335e-03
5.793791729956865311e-03
5.858814343810081482e-03
5.965605843812227249e-03
5.758835002779960632e-03
5.869136657565832138e-03
5.616141483187675476e-03
5.888006649911403656e-03
5.698900669813156128e-03
5.852114874869585037e-03
5.757313221693038940e-03
5.684251897037029266e-03
6.006868556141853333e-03
6.133613642305135727e-03
5.855206400156021118e-03
5.909958854317665100e-03
5.733889061957597733e-03
5.872704554349184036e-03
5.656245630234479904e-03
5.754446610808372498e-03
5.687114316970109940e-03
5.865887273102998734e-03
5.691347178071737289e-03
5.765651352703571320e-03
6.055974401533603668e-03
5.750647746026515961e-03
5.683727096766233444e-03
5.896477494388818741e-03
5.771255586296319962e-03
5.907335318624973297e-03
5.651713814586400986e-03
5.778904538601636887e-03
5.684905219823122025e-03
5.925295874476432800e-03
5.760817788541316986e-03
5.902679171413183212e-03
5.775345023721456528e-03
5.994786508381366730e-03
5.652737338095903397e-03
5.881973542273044586e-03
5.831690039485692978e-03
5.862786900252103806e-03
5.850397516041994095e-03
5.716034676879644394e-03
5.728423595428466797e-03
5.977100227028131485e-03
6.097031757235527039e-03
5.777942016720771790e-03
6.126654334366321564e-03
5.742862820625305176e-03
5.770863033831119537e-03
5.819343030452728271e-03
6.438766606152057648e-03
5.704814102500677109e-03
5.775715224444866180e-03
5.658861249685287476e-03
5.701462738215923309e-03
5.828648339956998825e-03
5.870868917554616928e-03
5.793211515992879868e-03
5.806725472211837769e-03
5.924872122704982758e-03
5.771061871200799942e-03
5.864324979484081268e-03
5.661286413669586182e-03
6.037703249603509903e-03
6.281957030296325684e-03
5.818508099764585495e-03
5.741585511714220047e-03
5.666131153702735901e-03
5.724568385630846024e-03
5.864895880222320557e-03
5.824031308293342590e-03
5.729278549551963806e-03
5.704980809241533279e-03
5.951743107289075851e-03
5.763861350715160370e-03
5.985462106764316559e-03
5.900410935282707214e-03
5.945396143943071365e-03
6.098491605371236801e-03
5.773463752120733261e-03
5.755245219916105270e-03
5.831799469888210297e-03
5.727136041969060898e-03
5.656923633068799973e-03
5.894272588193416595e-03
5.809294991195201874e-03
5.635454785078763962e-03
5.844564642757177353e-03
5.710609257221221924e-03
5.914053414016962051e-03
6.463541649281978607e-03
5.945551209151744843e-03
5.937353707849979401e-03
5.772325210273265839e-03
5.718233063817024231e-03
5.612983368337154388e-03
5.849337205290794373e-03
5.696170497685670853e-03
5.841119214892387390e-03
5.962708964943885803e-03
6.046605296432971954e-03
5.666593555361032486e-03
5.766568239778280258e-03
5.699434317648410797e-03
5.691306665539741516e-03
5.889880005270242691e-03
5.820375401526689529e-03
5.898560862988233566e-03
5.770637653768062592e-03
5.725417286157608032e-03
5.940178874880075455e-03
5.910937208682298660e-03
5.753262899816036224e-03
5.900710821151733398e-03
5.979865789413452148e-03
5.786755122244358063e-03
5.710954312235116959e-03
6.051908712834119797e-03
6.207571364939212799e-03
5.701242946088314056e-03
5.830887239426374435e-03
5.883769132196903229e-03
5.695499945431947708e-03
5.816052667796611786e-03
5.720613058656454086e-03
5.755027756094932556e-03
5.860012490302324295e-03
5.702957045286893845e-03
5.805706139653921127e-03
5.808089394122362137e-03
5.870859604328870773e-03
5.655621178448200226e-03
5.698819644749164581e-03
5.746197886765003204e-03
5.940623581409454346e-03
6.316455081105232239e-03
5.702043883502483368e-03
5.695998668670654297e-03
5.751538556069135666e-03
5.814624484628438950e-03
6.196557078510522842e-03
5.935129709541797638e-03
5.940098781138658524e-03
5.701111629605293274e-03
5.797666497528553009e-03
5.880101118236780167e-03
5.799973383545875549e-03
5.784761160612106323e-03
5.993037018924951553e-03
6.070841569453477859e-03
5.655088927596807480e-03
5.861776880919933319e-03
6.070203613489866257e-03
5.711698904633522034e-03
6.020107772201299667e-03
5.986243020743131638e-03
5.673468578606843948e-03
6.049102172255516052e-03
5.917344242334365845e-03
5.798465572297573090e-03
5.674585700035095215e-03
5.842599086463451385e-03
5.692625418305397034e-03
6.069745402783155441e-03
5.807607434689998627e-03
5.793346092104911804e-03
6.071312353014945984e-03
6.090636365115642548e-03
5.843611899763345718e-03
5.801765248179435730e-03
5.914169363677501678e-03
5.778691265732049942e-03
5.735519342124462128e-03
5.835235118865966797e-03
5.714965518563985825e-03
5.677754990756511688e-03
5.695298779755830765e-03
5.935603287070989609e-03
5.864200647920370102e-03
5.786819383502006531e-03
5.772359669208526611e-03
5.708141252398490906e-03
5.633065477013587952e-03
5.700177513062953949e-03
5.952224135398864746e-03
5.735001992434263229e-03
5.668482277542352676e-03
5.778925493359565735e-03
5.921764764934778214e-03
6.044795271009206772e-03
5.800527986139059067e-03
5.903212353587150574e-03
6.078407634049654007e-03
5.802277941256761551e-03
5.840246565639972687e-03
5.812116898596286774e-03
6.125446408987045288e-03
5.961294751614332199e-03
5.763380788266658783e-03
5.843343678861856461e-03
6.045651156455278397e-03
5.644095130264759064e-03
5.663229618221521378e-03
5.773041862994432449e-03
5.842665676027536392e-03
5.726410541683435440e-03
5.791095085442066193e-03
5.857728421688079834e-03
5.755710415542125702e-03
6.095184478908777237e-03
5.938425194472074509e-03
5.859927739948034286e-03
5.890361964702606201e-03
6.089864298701286316e-03
5.942891817539930344e-03
5.688782781362533569e-03
6.579997483640909195e-03
5.707404576241970062e-03
5.712543148547410965e-03
5.780607461929321289e-03
5.938881076872348785e-03
5.774733144789934158e-03
5.688895937055349350e-03
5.789346061646938324e-03
5.811177659779787064e-03
5.821126047521829605e-03
5.624464247375726700e-03
5.823112092912197113e-03
5.685895681381225586e-03
5.668752826750278473e-03
5.728900432586669922e-03
5.904641002416610718e-03
6.313161924481391907e-03
5.839662160724401474e-03
5.698289256542921066e-03
5.854619666934013367e-03
6.104719825088977814e-03
5.959098227322101593e-03
5.789773073047399521e-03
6.006942596286535263e-03
5.810254253447055817e-03
5.659467540681362152e-03
5.629689432680606842e-03
5.692671518772840500e-03
5.833343137055635452e-03
5.658498499542474747e-03
5.722575820982456207e-03
5.714683793485164642e-03
5.763757508248090744e-03
5.773434415459632874e-03
5.908084567636251450e-03
5.661440547555685043e-03
5.767206195741891861e-03
5.650429986417293549e-03
5.773214623332023621e-03
5.734737962484359741e-03
5.908492952585220337e-03
5.775296594947576523e-03
5.695660132914781570e-03
5.656367633491754532e-03
6.155662238597869873e-03
5.707047414034605026e-03
6.091014482080936432e-03
6.015914957970380783e-03
5.859610624611377716e-03
5.838669370859861374e-03
5.775106605142354965e-03
5.977176129817962646e-03
5.936217959970235825e-03
5.943638738244771957e-03
5.940779112279415131e-03
5.858776159584522247e-03
5.879081320017576218e-03
5.825423169881105423e-03
5.720066837966442108e-03
5.663675721734762192e-03
5.857016891241073608e-03
5.842338316142559052e-03
5.653094500303268433e-03
6.025262176990509033e-03
6.073442753404378891e-03
5.746767390519380569e-03
5.679224617779254913e-03
5.901313852518796921e-03
5.743342451751232147e-03
6.352005992084741592e-03
5.762908142060041428e-03
5.805330816656351089e-03
5.664867348968982697e-03
5.921583622694015503e-03
5.776695441454648972e-03
5.730611737817525864e-03
6.226787809282541275e-03
5.700534209609031677e-03
5.984567105770111084e-03
5.656263325363397598e-03
5.853870417922735214e-03
5.683701485395431519e-03
5.821305327117443085e-03
5.809952039271593094e-03
5.752849858254194260e-03
5.696234293282032013e-03
6.076512858271598816e-03
5.768174771219491959e-03
5.659213289618492126e-03
5.677137523889541626e-03
6.000489927828311920e-03
6.028141826391220093e-03
5.712779238820075989e-03
5.769188515841960907e-03
5.779357161372900009e-03
5.791898816823959351e-03
5.797649268060922623e-03
5.692245904356241226e-03
5.848262924700975418e-03
5.931678228080272675e-03
5.865606479346752167e-03
6.086808163672685623e-03
5.885298363864421844e-03
5.764377303421497345e-03
5.770441610366106033e-03
5.849276203662157059e-03
5.833192262798547745e-03
6.376259960234165192e-03
6.011991295963525772e-03
5.699145141988992691e-03
5.725468508899211884e-03
5.844701547175645828e-03
5.774141754955053329e-03
5.947878118604421616e-03
5.833044648170471191e-03
6.249818950891494751e-03
5.789879709482192993e-03
5.906125064939260483e-03
5.622705444693565369e-03
5.724624730646610260e-03
5.965773016214370728e-03
6.033868994563817978e-03
5.920647177845239639e-03
5.706322379410266876e-03
5.698515102267265320e-03
5.905801896005868912e-03
5.864826031029224396e-03
5.808037705719470978e-03
5.712673999369144440e-03
5.665072239935398102e-03
5.770879797637462616e-03
5.778318271040916443e-03
5.749917123466730118e-03
5.624090787023305893e-03
5.690780933946371078e-03
6.008050870150327682e-03
5.714170634746551514e-03
5.864003673195838928e-03
5.719120614230632782e-03
5.806794390082359314e-03
5.826546810567378998e-03
5.695024039596319199e-03
5.834488198161125183e-03
6.037874612957239151e-03
5.839694291353225708e-03
5.745365284383296967e-03
5.839683115482330322e-03
5.863985046744346619e-03
5.758306477218866348e-03
5.765744019299745560e-03
5.914821289479732513e-03
5.758368410170078278e-03
5.718149710446596146e-03
5.797244608402252197e-03
5.674513988196849823e-03
5.798428785055875778e-03
6.065145134925842285e-03
5.823375191539525986e-03
5.730228498578071594e-03
5.690248683094978333e-03
5.858967546373605728e-03
5.709933117032051086e-03
5.853308830410242081e-03
5.733842961490154266e-03
5.898826755583286285e-03
5.776433274149894714e-03
5.881875287741422653e-03
5.838458426296710968e-03
5.963569972664117813e-03
5.749884527176618576e-03
5.878104828298091888e-03
6.100405473262071609e-03
5.985749885439872742e-03
5.797842983156442642e-03
5.724122282117605209e-03
5.795893259346485138e-03
6.346068345010280609e-03
6.155895069241523743e-03
6.115213967859745026e-03
6.369444075971841812e-03
5.960951559245586395e-03
5.732710473239421844e-03
5.618158262223005295e-03
5.638835951685905457e-03
5.669762380421161652e-03
6.020614411681890488e-03
5.659526214003562927e-03
5.825828760862350464e-03
5.723010748624801636e-03
5.843169055879116058e-03
5.753976758569478989e-03
5.704363342374563217e-03
5.832880269736051559e-03
5.844624713063240051e-03
5.939540453255176544e-03
5.805448628962039948e-03
5.701586604118347168e-03
5.856772884726524353e-03
5.808291491121053696e-03
5.693129729479551315e-03
5.698396358639001846e-03
5.612221546471118927e-03
5.679707042872905731e-03
6.055584177374839783e-03
6.440487224608659744e-03
6.240363232791423798e-03
5.867355503141880035e-03
5.748125724494457245e-03
5.695097148418426514e-03
5.692895036190748215e-03
5.741119850426912308e-03
5.927716381847858429e-03
5.664939526468515396e-03
5.695299245417118073e-03
6.070745177567005157e-03
5.658376496285200119e-03
5.708756390959024429e-03
5.765446461737155914e-03
6.398366764187812805e-03
6.105843931436538696e-03
6.160076707601547241e-03
5.865351296961307526e-03
5.649247206747531891e-03
6.070220842957496643e-03
6.086403038352727890e-03
5.747655872255563736e-03
5.884107202291488647e-03
5.951086524873971939e-03
5.921043455600738525e-03
5.860971286892890930e-03
5.915544927120208740e-03
5.926709156483411789e-03
5.786872468888759613e-03
5.751365795731544495e-03
5.971649195998907089e-03
5.755436141043901443e-03
5.981211084872484207e-03
5.655025597661733627e-03
5.853461101651191711e-03
5.601844750344753265e-03
5.892138928174972534e-03
5.723122972995042801e-03
5.735655780881643295e-03
5.980395711958408356e-03
6.077504716813564301e-03
5.706333555281162262e-03
5.812572315335273743e-03
5.992935504764318466e-03
5.642581265419721603e-03
5.744707304984331131e-03
5.920928902924060822e-03
6.229402031749486923e-03
5.732495337724685669e-03
5.824365653097629547e-03
5.708616692572832108e-03
5.959023255854845047e-03
5.883741658180952072e-03
5.941894836723804474e-03
5.769542418420314789e-03
5.828666035085916519e-03
6.015239749103784561e-03
5.695222876965999603e-03
6.001933012157678604e-03
5.697765387594699860e-03
5.880286917090415955e-03
5.700594745576381683e-03
5.841442383825778961e-03
6.022132467478513718e-03
6.036398001015186310e-03
5.878004711121320724e-03
5.634674802422523499e-03
5.654675420373678207e-03
5.993321537971496582e-03
6.017371546477079391e-03
5.964829586446285248e-03
5.786286666989326477e-03
6.037621758878231049e-03
5.945025477558374405e-03
5.656104069203138351e-03
5.727775394916534424e-03
5.814036354422569275e-03
5.649890284985303879e-03
5.885488819330930710e-03
5.844605620950460434e-03
5.829732399433851242e-03
5.814177915453910828e-03
6.067803595215082169e-03
5.744797177612781525e-03
5.659673828631639481e-03
5.997368600219488144e-03
5.779701750725507736e-03
5.810072179883718491e-03
5.626128986477851868e-03
5.852949805557727814e-03
6.135188974440097809e-03
5.843114573508501053e-03
5.748263560235500336e-03
5.902102682739496231e-03
5.959046073257923126e-03
5.980303511023521423e-03
5.676722619682550430e-03
5.755223799496889114e-03
5.959255620837211609e-03
6.129916757345199585e-03
5.701833870261907578e-03
5.907572805881500244e-03
5.873295012861490250e-03
5.752788856625556946e-03
5.801479332149028778e-03
5.871730390936136246e-03
5.821705330163240433e-03
5.948170088231563568e-03
6.050251424312591553e-03
5.778590682893991470e-03
5.724612157791852951e-03
5.776538513600826263e-03
6.359054241329431534e-03
5.933109670877456665e-03
5.834111012518405914e-03
5.657962057739496231e-03
5.828406661748886108e-03
5.698342807590961456e-03
5.735187791287899017e-03
5.662841722369194031e-03
5.887576844543218613e-03
5.838011857122182846e-03
5.666133016347885132e-03
5.696970969438552856e-03
5.705074407160282135e-03
5.725232884287834167e-03
5.776827689260244370e-03
5.845365580171346664e-03
6.151164881885051727e-03
6.169148255139589310e-03
5.694977007806301117e-03
6.118690595030784607e-03
5.624725949019193649e-03
5.901859141886234283e-03
5.816777702420949936e-03
6.035710684955120087e-03
5.638375412672758102e-03
5.768901668488979340e-03
5.728848744183778763e-03
5.855165421962738037e-03
5.616570357233285904e-03
5.630349274724721909e-03
5.701694637537002563e-03
5.888489540666341782e-03
5.773294251412153244e-03
5.899772047996520996e-03
5.714661907404661179e-03
5.798469297587871552e-03
6.138696800917387009e-03
5.703601520508527756e-03
5.793423391878604889e-03
5.982094444334506989e-03
5.833527538925409317e-03
5.823683924973011017e-03
5.857560317963361740e-03
5.938757676631212234e-03
5.709451623260974884e-03
5.777855869382619858e-03
6.072051357477903366e-03
5.633810535073280334e-03
5.873678717762231827e-03
6.137971766293048859e-03
5.727005656808614731e-03
5.803809035569429398e-03
5.881651770323514938e-03
5.786429159343242645e-03
5.887944251298904419e-03
6.059412844479084015e-03
5.698047578334808350e-03
5.798733793199062347e-03
5.771126132458448410e-03
5.678606685250997543e-03
5.765329580754041672e-03
5.684215575456619263e-03
5.864979699254035950e-03
5.976535845547914505e-03
6.017552688717842102e-03
5.778301507234573364e-03
5.944530945271253586e-03
5.666837096214294434e-03
5.675863940268754959e-03
5.694436840713024139e-03
5.757417995482683182e-03
5.709953606128692627e-03
5.797472782433032990e-03
5.756513215601444244e-03
5.691397935152053833e-03
5.812417250126600266e-03
5.802697036415338516e-03
5.706506781280040741e-03
5.756215658038854599e-03
5.607448983937501907e-03
5.811520386487245560e-03
6.073908414691686630e-03
5.833256989717483521e-03
6.090177223086357117e-03
5.861975718289613724e-03
5.833892617374658585e-03
5.890903063118457794e-03
5.680111702531576157e-03
5.932007916271686554e-03
5.886935163289308548e-03
5.762871354818344116e-03
5.824222695082426071e-03
5.792763084173202515e-03
6.077728234231472015e-03
6.150043569505214691e-03
5.764223169535398483e-03
6.042018998414278030e-03
5.867295898497104645e-03
6.019582040607929230e-03
5.896457936614751816e-03
5.647247657179832458e-03
6.596706807613372803e-03
6.014734040945768356e-03
5.707371048629283905e-03
6.293312180787324905e-03
5.885449238121509552e-03
6.028665229678153992e-03
5.730672739446163177e-03
5.600655917078256607e-03
5.713050253689289093e-03
5.868067499250173569e-03
6.023918278515338898e-03
6.035633385181427002e-03
5.785181652754545212e-03
5.814679898321628571e-03
5.890654399991035461e-03
5.738064181059598923e-03
5.799959879368543625e-03
5.880197975784540176e-03
5.833597388118505478e-03
5.781765095889568329e-03
5.763068329542875290e-03
5.745935253798961639e-03
5.699395667761564255e-03
5.672546103596687317e-03
5.659389775246381760e-03
5.881814286112785339e-03
5.901688709855079651e-03
5.858162883669137955e-03
5.729094613343477249e-03
5.854456685483455658e-03
5.771325435489416122e-03
5.753265693783760071e-03
5.795337725430727005e-03
5.809545051306486130e-03
6.024735979735851288e-03
5.778280552476644516e-03
5.771412514150142670e-03
5.679042078554630280e-03
5.958051886409521103e-03
5.626109428703784943e-03
5.765637382864952087e-03
5.993355531245470047e-03
5.806760862469673157e-03
5.828028079122304916e-03
5.848946049809455872e-03
5.820636637508869171e-03
6.160585675388574600e-03
6.329814437776803970e-03
6.071463692933320999e-03
5.926241632550954819e-03
5.949837155640125275e-03
5.673360545188188553e-03
5.829303059726953506e-03
5.809045396745204926e-03
5.747564136981964111e-03
5.848094355314970016e-03
5.874479655176401138e-03
5.924547556787729263e-03
5.594296846538782120e-03
5.794095341116189957e-03
5.667106248438358307e-03
5.762089975178241730e-03
6.059011444449424744e-03
5.857449956238269806e-03
5.846402607858181000e-03
5.866296589374542236e-03
5.771673284471035004e-03
5.687382072210311890e-03
6.297773215919733047e-03
6.030054297298192978e-03
5.735228769481182098e-03
5.639636423438787460e-03
5.726455245167016983e-03
5.733544006943702698e-03
5.751540884375572205e-03
5.708484444767236710e-03
6.010245997458696365e-03
5.868914071470499039e-03
5.757229402661323547e-03
5.772734526544809341e-03
5.685755517333745956e-03
5.779464263468980789e-03
5.925976205617189407e-03
5.769240669906139374e-03
6.394558586180210114e-03
5.710642784833908081e-03
5.760541185736656189e-03
5.739159416407346725e-03
5.851996131241321564e-03
6.206702440977096558e-03
6.041419692337512970e-03
5.849436391144990921e-03
5.722153931856155396e-03
5.841442849487066269e-03
6.078266538679599762e-03
5.930473562330007553e-03
5.845808889716863632e-03
5.687563680112361908e-03
5.865599028766155243e-03
5.771375726908445358e-03
5.808460526168346405e-03
5.720380693674087524e-03
5.855192430317401886e-03
5.956302862614393234e-03
5.757873412221670151e-03
6.081684492528438568e-03
5.962430033832788467e-03
5.676314234733581543e-03
5.906450562179088593e-03
5.950566846877336502e-03
5.668119527399539948e-03
5.723532289266586304e-03
6.010804325342178345e-03
5.802476778626441956e-03
5.818137433379888535e-03
5.722889211028814316e-03
5.816985387355089188e-03
5.721764639019966125e-03
5.928808823227882385e-03
5.965510383248329163e-03
5.837996955960988998e-03
6.132990587502717972e-03
5.939348600804805756e-03
5.889560095965862274e-03
5.741697270423173904e-03
5.896700080484151840e-03
5.866886582225561142e-03
5.813278723508119583e-03
5.715384148061275482e-03
5.689378827810287476e-03
5.873510148376226425e-03
5.918186623603105545e-03
5.773021839559078217e-03
5.717666819691658020e-03
5.732532124966382980e-03
5.934814456850290298e-03
6.151035893708467484e-03
5.779026541858911514e-03
5.718417465686798096e-03
5.986182484775781631e-03
5.707270931452512741e-03
5.942729301750659943e-03
5.669211968779563904e-03
5.703937262296676636e-03
5.682163406163454056e-03
5.689509678632020950e-03
5.757841747254133224e-03
5.636464804410934448e-03
5.663561634719371796e-03
5.648211110383272171e-03
5.704397801309823990e-03
5.696150939911603928e-03
5.936169065535068512e-03
5.661970935761928558e-03
5.663749761879444122e-03
5.720478482544422150e-03
5.666268058121204376e-03
5.919428542256355286e-03
6.053029093891382217e-03
6.021082866936922073e-03
5.858313757926225662e-03
5.731351207941770554e-03
5.798871628940105438e-03
6.143906153738498688e-03
5.662241484969854355e-03
5.715882871299982071e-03
5.784368608146905899e-03
5.700540728867053986e-03
5.743389017879962921e-03
5.756473634392023087e-03
5.899616051465272903e-03
5.733652506023645401e-03
5.813517607748508453e-03
5.662273615598678589e-03
5.790041293948888779e-03
5.630193743854761124e-03
5.852407775819301605e-03
5.855783820152282715e-03
5.969968624413013458e-03
5.866890307515859604e-03
5.733288824558258057e-03
5.626665428280830383e-03
5.673623643815517426e-03
5.716000217944383621e-03
5.803183186799287796e-03
5.741104483604431152e-03
5.602935794740915298e-03
5.615450907498598099e-03
5.646146368235349655e-03
5.677147302776575089e-03
5.838887300342321396e-03
5.653077736496925354e-03
5.784356035292148590e-03
5.976978689432144165e-03
5.824887193739414215e-03
6.073242984712123871e-03
5.852284375578165054e-03
5.705458112061023712e-03
5.797279532998800278e-03
5.737219937145709991e-03
5.841336678713560104e-03
5.726582836359739304e-03
5.815960932523012161e-03
5.720127839595079422e-03
5.818610079586505890e-03
5.736110731959342957e-03
5.883274599909782410e-03
5.972172133624553680e-03
5.949687678366899490e-03
5.658583715558052063e-03
5.693728569895029068e-03
5.989885423332452774e-03
5.888324696570634842e-03
6.006875075399875641e-03
5.783471744507551193e-03
5.682445131242275238e-03
5.647475831210613251e-03
5.694412160664796829e-03
5.740475840866565704e-03
5.813392810523509979e-03
5.715432576835155487e-03
5.676922388374805450e-03
6.012125872075557709e-03
5.745759233832359314e-03
5.607538856565952301e-03
5.798209924250841141e-03
5.848917644470930099e-03
5.685303360223770142e-03
5.874203518033027649e-03
5.701009184122085571e-03
5.673173349350690842e-03
5.753874313086271286e-03
5.797612946480512619e-03
5.867791362106800079e-03
5.706910975277423859e-03
5.830901209264993668e-03
6.217622663825750351e-03
6.103201303631067276e-03
5.907840561121702194e-03
5.834863986819982529e-03
5.667208693921566010e-03
5.993003025650978088e-03
5.662238225340843201e-03
5.705403164029121399e-03
5.790773313492536545e-03
5.765966139733791351e-03
5.602303892374038696e-03
5.886006634682416916e-03
5.873545072972774506e-03
5.887968000024557114e-03
5.728651303797960281e-03
5.714996717870235443e-03
5.858042743057012558e-03
5.696114152669906616e-03
5.759989842772483826e-03
5.740050226449966431e-03
5.746997427195310593e-03
5.568820051848888397e-03
5.695389583706855774e-03
6.044051609933376312e-03
5.761704873293638229e-03
5.787903442978858948e-03
5.781150422990322113e-03
5.845679901540279388e-03
5.654962733387947083e-03
5.731176584959030151e-03
6.049264222383499146e-03
5.618920549750328064e-03
5.898982286453247070e-03
5.686847958713769913e-03
5.852603353559970856e-03
5.816620774567127228e-03
5.877674557268619537e-03
6.031083408743143082e-03
5.775305908173322678e-03
6.050384137779474258e-03
5.615555681288242340e-03
5.969624500721693039e-03
6.030988879501819611e-03
5.747225135564804077e-03
5.689618177711963654e-03
5.687325727194547653e-03
5.697757005691528320e-03
5.723552312701940536e-03
5.840394645929336548e-03
5.923076532781124115e-03
5.755282938480377197e-03
5.666778888553380966e-03
5.788482725620269775e-03
5.690134596079587936e-03
5.836709402501583099e-03
5.657338537275791168e-03
5.869793705642223358e-03
5.771978758275508881e-03
5.699820816516876221e-03
5.573310889303684235e-03
5.701898131519556046e-03
5.647740326821804047e-03
5.950995720922946930e-03
5.762787070125341415e-03
6.160372402518987656e-03
6.299451924860477448e-03
5.843167193233966827e-03
5.806914996355772018e-03
6.006532814353704453e-03
5.656938534229993820e-03
5.730442702770233154e-03
5.812058690935373306e-03
5.819779355078935623e-03
5.855044815689325333e-03
5.647171754390001297e-03
5.638254340738058090e-03
5.765888374298810959e-03
5.987146403640508652e-03
5.857911426573991776e-03
5.867584608495235443e-03
6.095370743423700333e-03
6.023351568728685379e-03
5.662101786583662033e-03
5.714866798371076584e-03
5.612040869891643524e-03
5.619032774120569229e-03
6.070827133953571320e-03
5.685579963028430939e-03
5.643420852720737457e-03
5.765089765191078186e-03
5.724836140871047974e-03
5.983870010823011398e-03
5.852370057255029678e-03
5.670464131981134415e-03
6.672391202300786972e-03
5.774846766144037247e-03
5.764502100646495819e-03
5.889615509659051895e-03
5.783609580248594284e-03
5.708329845219850540e-03
5.659285467118024826e-03
5.969668272882699966e-03
5.613456945866346359e-03
5.832131952047348022e-03
5.707949399948120117e-03
5.673041101545095444e-03
5.797327496111392975e-03
5.723688751459121704e-03
5.745331756770610809e-03
5.758366547524929047e-03
5.748359952121973038e-03
5.705764517188072205e-03
5.664254073053598404e-03
5.824171938002109528e-03
5.812518764287233353e-03
5.733977071940898895e-03
5.987135693430900574e-03
5.817824508994817734e-03
5.779433064162731171e-03
5.607252474874258041e-03
5.702679976820945740e-03
5.857678595930337906e-03
5.593891255557537079e-03
5.835467018187046051e-03
5.845629610121250153e-03
5.732290912419557571e-03
5.884028505533933640e-03
5.677945446223020554e-03
5.731884855777025223e-03
5.781676620244979858e-03
5.813708528876304626e-03
5.704000126570463181e-03
5.774228367954492569e-03
5.985537543892860413e-03
5.784452892839908600e-03
5.885289981961250305e-03
5.929344333708286285e-03
5.832903552800416946e-03
5.712975747883319855e-03
5.688451230525970459e-03
5.671938881278038025e-03
5.842787213623523712e-03
5.930477753281593323e-03
5.699545145034790039e-03
5.749687086790800095e-03
6.005360279232263565e-03
5.789684131741523743e-03
5.989670287817716599e-03
5.698381923139095306e-03
5.901536438614130020e-03
5.655497312545776367e-03
5.786490160971879959e-03
5.905515979975461960e-03
5.654790438711643219e-03
5.709903780370950699e-03
5.660932976752519608e-03
5.758995190262794495e-03
5.771898664534091949e-03
5.885372869670391083e-03
6.317623890936374664e-03
5.758947692811489105e-03
5.628026090562343597e-03
5.687445402145385742e-03
5.720564164221286774e-03
5.692800506949424744e-03
5.833859555423259735e-03
5.668844096362590790e-03
5.852278787642717361e-03
5.654960405081510544e-03
5.828883498907089233e-03
5.832637660205364227e-03
5.686330143362283707e-03
5.672607105225324631e-03
5.716677755117416382e-03
5.716155748814344406e-03
6.640532054007053375e-03
5.628900136798620224e-03
5.695350933820009232e-03
5.836982280015945435e-03
5.758896470069885254e-03
5.697309039533138275e-03
5.645953118801116943e-03
5.993803497403860092e-03
5.889778956770896912e-03
5.662389565259218216e-03
5.766790360212326050e-03
5.660868249833583832e-03
5.930569954216480255e-03
5.864735692739486694e-03
5.818971898406744003e-03
5.691952072083950043e-03
5.689162760972976685e-03
6.026554387062788010e-03
5.678691435605287552e-03
5.927735008299350739e-03
5.797238554805517197e-03
6.138892378658056259e-03
5.848022177815437317e-03
5.886168219149112701e-03
5.904265679419040680e-03
5.718504544347524643e-03
5.595912225544452667e-03
5.698853638023138046e-03
5.779796745628118515e-03
5.776507779955863953e-03
5.665967240929603577e-03
5.796425510197877884e-03
5.679396446794271469e-03
5.759322550147771835e-03
5.723978392779827118e-03
5.670569371432065964e-03
5.595222581177949905e-03
5.899569019675254822e-03
5.614225286990404129e-03
6.022034678608179092e-03
5.806306842714548111e-03
5.882963538169860840e-03
5.847255233675241470e-03
5.697044078260660172e-03
5.698902532458305359e-03
5.860586185008287430e-03
5.661672446876764297e-03
5.809645168483257294e-03
5.779672879725694656e-03
5.728286225348711014e-03
5.694365594536066055e-03
5.790896713733673096e-03
5.809376016259193420e-03
5.790532100945711136e-03
5.910503212362527847e-03
5.835591815412044525e-03
5.694183055311441422e-03
5.699551198631525040e-03
5.793289281427860260e-03
5.748146679252386093e-03
5.741950124502182007e-03
5.681689828634262085e-03
5.673148203641176224e-03
5.984943360090255737e-03
5.738750565797090530e-03
5.778431426733732224e-03
5.686077754944562912e-03
5.636238493025302887e-03
5.918798502534627914e-03
5.777004174888134003e-03
6.391444243490695953e-03
5.764436908066272736e-03
5.752040073275566101e-03
5.715189035981893539e-03
6.156568415462970734e-03
5.768785718828439713e-03
5.803140345960855484e-03
5.599145777523517609e-03
5.623569712042808533e-03
5.868020001798868179e-03
5.840709898620843887e-03
5.558941978961229324e-03
5.934608168900012970e-03
5.665529984980821609e-03
5.927676334977149963e-03
5.786807276308536530e-03
5.589677952229976654e-03
5.854600109159946442e-03
5.905133206397294998e-03
5.743280984461307526e-03
5.843647290021181107e-03
6.067347712814807892e-03
5.842458922415971756e-03
5.762450862675905228e-03
5.734731443226337433e-03
5.620146635919809341e-03
5.647574551403522491e-03
5.624633282423019409e-03
5.719372071325778961e-03
5.766193848103284836e-03
5.591815803200006485e-03
5.980841349810361862e-03
5.715448409318923950e-03
6.142731755971908569e-03
5.774753633886575699e-03
5.817543715238571167e-03
6.287519820034503937e-03
5.788307171314954758e-03
5.845295730978250504e-03
6.114830728620290756e-03
5.947554484009742737e-03
5.767192691564559937e-03
6.036885082721710205e-03
5.711119621992111206e-03
5.711504723876714706e-03
5.809223745018243790e-03
5.625928752124309540e-03
5.743598565459251404e-03
5.699726752936840057e-03
5.829651374369859695e-03
5.902769975364208221e-03
5.775241646915674210e-03
5.711839534342288971e-03
5.957049783319234848e-03
5.776425357908010483e-03
5.882350262254476547e-03
6.227028090506792068e-03
5.804958753287792206e-03
5.683273077011108398e-03
5.690897814929485321e-03
5.943803116679191589e-03
5.904111545532941818e-03
5.767720285803079605e-03
5.831496790051460266e-03
5.707145202904939651e-03
5.751679651439189911e-03
5.722713656723499298e-03
5.781736224889755249e-03
5.586055107414722443e-03
5.647174082696437836e-03
5.619913339614868164e-03
5.992892663925886154e-03
5.985646974295377731e-03
5.613656248897314072e-03
5.607695318758487701e-03
5.777828395366668701e-03
5.722819361835718155e-03
5.740462336689233780e-03
6.105480715632438660e-03
6.065608467906713486e-03
5.830612499266862869e-03
5.683108698576688766e-03
5.705369636416435242e-03
5.785001441836357117e-03
5.591775290668010712e-03
5.702131893485784531e-03
5.771775729954242706e-03
5.827793385833501816e-03
5.592273082584142685e-03
5.707542877644300461e-03
5.939916241914033890e-03
5.702937021851539612e-03
5.675512831658124924e-03
5.616840440779924393e-03
5.699879489839076996e-03
6.176370661705732346e-03
5.892164539545774460e-03
5.891683511435985565e-03
6.094839423894882202e-03
5.745579488575458527e-03
5.770340096205472946e-03
5.866691935807466507e-03
5.683374591171741486e-03
5.920094437897205353e-03
5.706180352717638016e-03
5.977502092719078064e-03
5.990021396428346634e-03
5.673975218087434769e-03
5.779457744210958481e-03
6.046891212463378906e-03
6.051213014870882034e-03
5.786027759313583374e-03
5.614157766103744507e-03
5.734227597713470459e-03
5.710219964385032654e-03
5.867345724254846573e-03
5.856733303517103195e-03
5.713894963264465332e-03
5.874337162822484970e-03
5.718180444091558456e-03
6.033613346517086029e-03
5.698399618268013000e-03
5.678324494510889053e-03
6.018859334290027618e-03
5.723434034734964371e-03
5.637913011014461517e-03
5.773016717284917831e-03
5.683881230652332306e-03
5.745244678109884262e-03
5.744255147874355316e-03
5.631278734654188156e-03
5.957611836493015289e-03
5.843314807862043381e-03
5.704842973500490189e-03
5.758072249591350555e-03
5.914501380175352097e-03
5.727686919271945953e-03
6.174008361995220184e-03
6.339047104120254517e-03
5.883920472115278244e-03
5.666833836585283279e-03
6.024290341883897781e-03
5.725250113755464554e-03
6.096511147916316986e-03
5.605847574770450592e-03
6.160089746117591858e-03
5.840018857270479202e-03
5.729359108954668045e-03
5.609271116554737091e-03
5.806282162666320801e-03
5.747554358094930649e-03
6.654239259660243988e-03
5.957614630460739136e-03
5.707044620066881180e-03
5.786197725683450699e-03
5.643059499561786652e-03
5.731582641601562500e-03
5.680840928107500076e-03
5.694977473467588425e-03
5.804284941405057907e-03
5.769658833742141724e-03
5.847257561981678009e-03
5.805218592286109924e-03
5.666613578796386719e-03
5.640780553221702576e-03
5.782729480415582657e-03
5.928441416472196579e-03
5.799158010631799698e-03
5.732235964387655258e-03
6.034347228705883026e-03
5.897316616028547287e-03
5.624726414680480957e-03
5.801732651889324188e-03
6.338939070701599121e-03
5.880734417587518692e-03
5.633082706481218338e-03
5.772849079221487045e-03
5.832170601934194565e-03
5.761013831943273544e-03
6.008495111018419266e-03
5.726487841457128525e-03
5.714148748666048050e-03
5.727075971662998199e-03
5.831635091453790665e-03
5.636771209537982941e-03
5.741115659475326538e-03
5.672615952789783478e-03
5.639594048261642456e-03
5.960787180811166763e-03
5.781011190265417099e-03
5.691727623343467712e-03
5.722068250179290771e-03
5.768894217908382416e-03
5.632512737065553665e-03
5.808354821056127548e-03
5.646412260830402374e-03
5.968449171632528305e-03
6.016168743371963501e-03
6.334404926747083664e-03
5.982108414173126221e-03
5.727858748286962509e-03
5.958358757197856903e-03
5.840136203914880753e-03
5.746199283748865128e-03
5.644155200570821762e-03
5.643323529511690140e-03
5.801964551210403442e-03
5.903177428990602493e-03
5.675584077835083008e-03
5.730899982154369354e-03
6.263319402933120728e-03
5.736353341490030289e-03
5.655702203512191772e-03
5.965736228972673416e-03
5.698563531041145325e-03
5.755539517849683762e-03
5.747865885496139526e-03
5.812283139675855637e-03
5.615974310785531998e-03
6.055006291717290878e-03
6.010645534843206406e-03
6.081398110836744308e-03
5.719141103327274323e-03
5.761062726378440857e-03
5.843159276992082596e-03
5.885169375687837601e-03
5.719944834709167480e-03
5.604318343102931976e-03
5.673969630151987076e-03
5.820220801979303360e-03
5.732755642384290695e-03
5.987141281366348267e-03
5.652516614645719528e-03
5.772682838141918182e-03
5.842044483870267868e-03
5.655494518578052521e-03
5.752652417868375778e-03
5.725231021642684937e-03
5.908532068133354187e-03
5.603618454188108444e-03
5.808015819638967514e-03
5.709956865757703781e-03
5.651126615703105927e-03
5.836144555360078812e-03
5.861761979758739471e-03
5.850379820913076401e-03
5.938519258052110672e-03
6.295876577496528625e-03
5.698678549379110336e-03
6.428516469895839691e-03
5.832867696881294250e-03
6.049885414540767670e-03
5.733075086027383804e-03
5.817551631480455399e-03
5.909793078899383545e-03
5.667314399033784866e-03
5.821979604661464691e-03
5.815565586090087891e-03
5.727825220674276352e-03
5.860841833055019379e-03
5.620379466563463211e-03
5.672489758580923080e-03
5.847433581948280334e-03
5.723696202039718628e-03
5.795122589915990829e-03
5.720426328480243683e-03
5.996177904307842255e-03
6.200073752552270889e-03
5.947734694927930832e-03
5.686924792826175690e-03
5.771698430180549622e-03
5.956307519227266312e-03
5.673817824572324753e-03
5.607873201370239258e-03
5.660641007125377655e-03
5.664737429469823837e-03
5.837606731802225113e-03
5.922792479395866394e-03
5.727420561015605927e-03
5.851311609148979187e-03
5.736438091844320297e-03
5.854552146047353745e-03
5.602425895631313324e-03
6.356808356940746307e-03
5.903840065002441406e-03
5.686311982572078705e-03
6.137527525424957275e-03
5.865240935236215591e-03
6.067922804504632950e-03
6.029639393091201782e-03
6.042994558811187744e-03
6.139097269624471664e-03
6.078415550291538239e-03
5.730784963816404343e-03
5.835984833538532257e-03
5.649511702358722687e-03
5.853688810020685196e-03
5.704778712242841721e-03
5.843146238476037979e-03
5.851068068295717239e-03
5.631737876683473587e-03
5.618441849946975708e-03
5.872483365237712860e-03
5.679441615939140320e-03
5.678912624716758728e-03
5.744307767599821091e-03
5.820057354867458344e-03
5.778723862022161484e-03
5.777614191174507141e-03
5.871770903468132019e-03
5.752954632043838501e-03
5.680142901837825775e-03
5.683547351509332657e-03
5.720060784369707108e-03
5.975680425763130188e-03
5.919221322983503342e-03
5.568044260144233704e-03
5.565513391047716141e-03
5.847044289112091064e-03
5.678589921444654465e-03
5.942684598267078400e-03
5.751200951635837555e-03
5.778767634183168411e-03
5.819731857627630234e-03
6.194493267685174942e-03
5.919486749917268753e-03
5.773657001554965973e-03
5.910069681704044342e-03
5.674185231328010559e-03
5.646002013236284256e-03
5.816458724439144135e-03
5.869278684258460999e-03
5.637089721858501434e-03
5.798042751848697662e-03
5.720118060708045959e-03
5.872297566384077072e-03
5.895998328924179077e-03
5.773731041699647903e-03
5.886380560696125031e-03
5.721700843423604965e-03
5.834573879837989807e-03
5.707931704819202423e-03
5.666484124958515167e-03
6.053964141756296158e-03
5.780120845884084702e-03
5.614486057311296463e-03
5.632527172565460205e-03
5.660435650497674942e-03
5.791706964373588562e-03
5.917091853916645050e-03
5.620326381176710129e-03
5.734010133892297745e-03
5.722133908420801163e-03
5.600966513156890869e-03
5.794764496386051178e-03
6.070712581276893616e-03
5.747414194047451019e-03
5.795948207378387451e-03
5.609801504760980606e-03
5.614475812762975693e-03
5.689758807420730591e-03
5.757337901741266251e-03
5.849478766322135925e-03
5.602268967777490616e-03
6.039549596607685089e-03
5.695160478353500366e-03
5.794551223516464233e-03
5.665882490575313568e-03
5.606227554380893707e-03
5.895575508475303650e-03
5.826615728437900543e-03
5.949097219854593277e-03
5.796461831778287888e-03
5.613843444734811783e-03
5.693097133189439774e-03
5.712382961064577103e-03
5.874502938240766525e-03
5.782304331660270691e-03
5.964368581771850586e-03
5.814232397824525833e-03
5.710286553949117661e-03
5.681353621184825897e-03
5.931613501161336899e-03
5.994492210447788239e-03
5.671712104231119156e-03
5.898835603147745132e-03
5.725158844143152237e-03
5.741775035858154297e-03
5.890537053346633911e-03
6.009423173964023590e-03
6.007408257573843002e-03
5.940556060522794724e-03
5.669532343745231628e-03
5.623869132250547409e-03
5.892428103834390640e-03
5.689620971679687500e-03
6.126088090240955353e-03
5.880057811737060547e-03
5.792484153062105179e-03
6.167019717395305634e-03
5.639368202537298203e-03
5.792862270027399063e-03
6.305730435997247696e-03
5.629897583276033401e-03
5.843888036906719208e-03
5.744300317019224167e-03
5.775941535830497742e-03
5.690578371286392212e-03
5.669046193361282349e-03
6.036896258592605591e-03
5.839674733579158783e-03
5.637186113744974136e-03
6.115676835179328918e-03
5.717595107853412628e-03
6.129459012299776077e-03
5.788472481071949005e-03
5.613798275589942932e-03
5.901562515646219254e-03
5.821931641548871994e-03
5.827524699270725250e-03
5.668063648045063019e-03
5.716218613088130951e-03
5.765123758465051651e-03
5.705604329705238342e-03
5.695085972547531128e-03
5.715266801416873932e-03
5.671047605574131012e-03
5.633217282593250275e-03
5.570997484028339386e-03
5.737110972404479980e-03
5.855711642652750015e-03
5.807743873447179794e-03
5.651523824781179428e-03
5.822313483804464340e-03
5.680195521563291550e-03
5.671776831150054932e-03
5.798772443085908890e-03
5.684763193130493164e-03
6.037401035428047180e-03
5.866610910743474960e-03
5.646673031151294708e-03
5.666390061378479004e-03
5.817791447043418884e-03
5.656075663864612579e-03
5.670568905770778656e-03
6.070628296583890915e-03
6.077098660171031952e-03
5.738263018429279327e-03
5.692651960998773575e-03
5.628820508718490601e-03
5.714335478842258453e-03
5.682491231709718704e-03
5.718540865927934647e-03
5.620969925075769424e-03
5.609927698969841003e-03
5.825052503496408463e-03
5.727879703044891357e-03
5.837921053171157837e-03
5.637180991470813751e-03
5.714330822229385376e-03
5.633887369185686111e-03
5.641300696879625320e-03
5.903695710003376007e-03
6.038271822035312653e-03
5.643378943204879761e-03
5.644248332828283310e-03
5.724794231355190277e-03
5.757658742368221283e-03
5.753801669925451279e-03
5.740092601627111435e-03
5.801151040941476822e-03
5.733928177505731583e-03
5.655307322740554810e-03
5.605241749435663223e-03
5.777751561254262924e-03
5.667362827807664871e-03
5.698907654732465744e-03
5.730442237108945847e-03
5.953669548034667969e-03
5.830566398799419403e-03
5.801834166049957275e-03
5.887397564947605133e-03
5.603355355560779572e-03
5.618408322334289551e-03
5.653883330523967743e-03
5.582151934504508972e-03
5.967621225863695145e-03
5.651060957461595535e-03
5.808059591799974442e-03
6.091372575610876083e-03
5.733489058911800385e-03
5.841904319822788239e-03
5.710614845156669617e-03
5.925648845732212067e-03
5.668002180755138397e-03
5.624458659440279007e-03
5.924262106418609619e-03
5.708814598619937897e-03
5.603841971606016159e-03
5.758800543844699860e-03
5.851396825164556503e-03
5.830863490700721741e-03
5.928928032517433167e-03
5.759714171290397644e-03
5.651206709444522858e-03
5.747091956436634064e-03
5.617100745439529419e-03
5.900434218347072601e-03
5.966351833194494247e-03
5.798605736345052719e-03
5.857408978044986725e-03
5.615582689642906189e-03
5.815336480736732483e-03
5.609109066426753998e-03
6.392905022948980331e-03
5.863228812813758850e-03
5.701099988073110580e-03
5.825437605381011963e-03
6.142136640846729279e-03
5.829054396599531174e-03
5.860174074769020081e-03
5.649081431329250336e-03
5.683466326445341110e-03
6.100424565374851227e-03
5.957874003797769547e-03
5.646510049700737000e-03
5.651437677443027496e-03
5.608362145721912384e-03
5.578344222158193588e-03
5.862152203917503357e-03
5.669614765793085098e-03
5.782634019851684570e-03
5.891334731131792068e-03
5.885098129510879517e-03
5.979346111416816711e-03
5.719686858355998993e-03
6.014423444867134094e-03
5.722298752516508102e-03
6.221197545528411865e-03
6.122718099504709244e-03
5.838237237185239792e-03
5.610054358839988708e-03
5.686833057552576065e-03
5.621017888188362122e-03
5.964517593383789062e-03
6.121570244431495667e-03
5.751421675086021423e-03
5.834014154970645905e-03
5.750534590333700180e-03
5.794554948806762695e-03
5.617471877485513687e-03
5.820520687848329544e-03
5.987573415040969849e-03
5.743794143199920654e-03
5.802716128528118134e-03
5.843082442879676819e-03
5.744815804064273834e-03
5.852534901350736618e-03
5.577022209763526917e-03
5.786940455436706543e-03
5.760884378105401993e-03
5.917220842093229294e-03
5.742742214351892471e-03
5.706625524908304214e-03
5.847505759447813034e-03
5.808736197650432587e-03
5.691967438906431198e-03
5.683973431587219238e-03
6.099420133978128433e-03
5.638324189931154251e-03
5.874452646821737289e-03
5.790537688881158829e-03
5.616061855107545853e-03
5.594476126134395599e-03
5.685972049832344055e-03
5.728446412831544876e-03
5.746373441070318222e-03
5.700399167835712433e-03
5.787831265479326248e-03
5.639796610921621323e-03
5.678504239767789841e-03
5.584704224020242691e-03
5.578648298978805542e-03
5.847858730703592300e-03
5.925361998379230499e-03
5.674716550856828690e-03
5.604395177215337753e-03
5.867125932127237320e-03
5.805367603898048401e-03
5.851918831467628479e-03
5.799061153084039688e-03
5.775279365479946136e-03
5.745536647737026215e-03
5.607076454907655716e-03
5.634346511214971542e-03
5.684742238372564316e-03
5.645547993481159210e-03
5.733851809054613113e-03
5.607416853308677673e-03
5.678085144609212875e-03
5.749036092311143875e-03
6.144136190414428711e-03
5.928936414420604706e-03
5.890746600925922394e-03
5.846975836902856827e-03
5.931243300437927246e-03
5.940458737313747406e-03
6.508046761155128479e-03
5.800171289592981339e-03
5.680740810930728912e-03
5.765416659414768219e-03
5.795934237539768219e-03
5.842355545610189438e-03
6.055284757167100906e-03
5.862134508788585663e-03
5.669725127518177032e-03
5.886582657694816589e-03
5.727959796786308289e-03
5.873494781553745270e-03
5.619953386485576630e-03
5.787697155028581619e-03
5.703079048544168472e-03
5.736947525292634964e-03
5.745143163949251175e-03
5.629546940326690674e-03
5.837142001837491989e-03
5.677477456629276276e-03
5.883740261197090149e-03
5.839168094098567963e-03
5.883835721760988235e-03
6.216521374881267548e-03
5.676617845892906189e-03
5.655583459883928299e-03
5.612677894532680511e-03
6.107330322265625000e-03
5.723425652831792831e-03
5.820474587380886078e-03
5.615604575723409653e-03
5.773443263024091721e-03
5.675100255757570267e-03
5.766133312135934830e-03
5.801644176244735718e-03
5.719289649277925491e-03
5.712334997951984406e-03
5.672522820532321930e-03
5.663146264851093292e-03
5.861588288098573685e-03
5.931869149208068848e-03
5.696909967809915543e-03
5.725140217691659927e-03
5.766708403825759888e-03
5.716056097298860550e-03
5.905149504542350769e-03
5.765617825090885162e-03
5.566873122006654739e-03
5.788979120552539825e-03
5.686860065907239914e-03
6.063330452889204025e-03
5.861055571585893631e-03
5.842781625688076019e-03
5.629797931760549545e-03
6.306868977844715118e-03
5.687332246452569962e-03
6.037076469510793686e-03
5.678235087543725967e-03
6.308372132480144501e-03
5.873790010809898376e-03
5.608838982880115509e-03
5.718620959669351578e-03
5.573610775172710419e-03
5.695960484445095062e-03
5.580480676144361496e-03
5.766100715845823288e-03
5.772487260401248932e-03
5.876009818166494370e-03
5.661658942699432373e-03
5.714657250791788101e-03
5.784356035292148590e-03
5.784285720437765121e-03
5.667515099048614502e-03
5.827883724123239517e-03
5.815308541059494019e-03
5.897697992622852325e-03
5.852156784385442734e-03
5.824000108987092972e-03
5.776951555162668228e-03
5.689220968633890152e-03
6.003679241985082626e-03
5.818053148686885834e-03
5.778694525361061096e-03
5.687963217496871948e-03
6.140938960015773773e-03
5.604210775345563889e-03
5.709026474505662918e-03
5.723590031266212463e-03
5.701195914298295975e-03
5.771896336227655411e-03
6.093926727771759033e-03
5.758396815508604050e-03
5.697917193174362183e-03
5.660851486027240753e-03
5.816173739731311798e-03
6.176712457090616226e-03
6.269630044698715210e-03
5.626075901091098785e-03
5.925024859607219696e-03
5.731439217925071716e-03
5.679140798747539520e-03
5.734398961067199707e-03
5.611959379166364670e-03
5.882349796593189240e-03
6.222886499017477036e-03
5.733785219490528107e-03
5.716941785067319870e-03
5.629090592265129089e-03
5.762388464063405991e-03
5.739692598581314087e-03
5.650580395013093948e-03
5.763144232332706451e-03
5.623459815979003906e-03
5.928521044552326202e-03
5.793115124106407166e-03
5.758078768849372864e-03
6.713306996971368790e-03
5.716621875762939453e-03
5.642130039632320404e-03
5.783411674201488495e-03
5.645349621772766113e-03
5.866375286132097244e-03
5.859739147126674652e-03
5.609122570604085922e-03
5.611195694655179977e-03
5.858382210135459900e-03
5.698651075363159180e-03
5.739144515246152878e-03
5.668253637850284576e-03
5.730841774493455887e-03
5.672894883900880814e-03
5.633991211652755737e-03
5.607013124972581863e-03
5.749456118792295456e-03
5.609252024441957474e-03
5.635762121528387070e-03
5.602259188890457153e-03
5.862437188625335693e-03
5.624262150377035141e-03
5.942792166024446487e-03
5.713864229619503021e-03
5.710431840270757675e-03
5.816346034407615662e-03
5.989235825836658478e-03
5.639557261019945145e-03
5.721910391002893448e-03
5.647146608680486679e-03
5.757056176662445068e-03
6.098542828112840652e-03
5.561657715588808060e-03
5.839135032147169113e-03
5.872329697012901306e-03
6.032142788171768188e-03
5.830882582813501358e-03
5.752128083258867264e-03
5.928020458668470383e-03
5.982240661978721619e-03
5.711348261684179306e-03
5.623804870992898941e-03
5.760594736784696579e-03
5.864909384399652481e-03
5.550070200115442276e-03
5.917277187108993530e-03
5.784292705357074738e-03
5.645286757498979568e-03
5.555168725550174713e-03
5.976893473416566849e-03
5.786639638245105743e-03
5.744160152971744537e-03
5.713696125894784927e-03
5.917357280850410461e-03
5.822136532515287399e-03
5.638036411255598068e-03
5.632472224533557892e-03
5.799945909529924393e-03
5.724408663809299469e-03
5.879560951143503189e-03
5.655019078403711319e-03
5.807371810078620911e-03
5.861810874193906784e-03
5.842692684382200241e-03
5.793486721813678741e-03
5.798327270895242691e-03
5.609389860183000565e-03
5.647316575050354004e-03
6.068950984627008438e-03
6.038967985659837723e-03
5.713401827961206436e-03
5.714242346584796906e-03
5.975366570055484772e-03
5.760909989476203918e-03
5.878419149667024612e-03
5.605908110737800598e-03
5.570942070335149765e-03
5.549321882426738739e-03
5.649911705404520035e-03
5.692688282579183578e-03
5.651929415762424469e-03
5.921732168644666672e-03
6.223093252629041672e-03
5.828766617923974991e-03
6.070194765925407410e-03
5.706280469894409180e-03
6.044643931090831757e-03
5.572828929871320724e-03
5.878517404198646545e-03
5.778546910732984543e-03
5.704116076231002808e-03
6.096045952290296555e-03
5.768169183284044266e-03
5.718010477721691132e-03
5.722776520997285843e-03
5.675875116139650345e-03
5.929050967097282410e-03
5.676820874214172363e-03
5.755342543125152588e-03
5.599368363618850708e-03
5.728696007281541824e-03
5.915449466556310654e-03
5.660620052367448807e-03
5.608567036688327789e-03
5.753729492425918579e-03
5.668663419783115387e-03
5.768882576376199722e-03
5.678221117705106735e-03
5.637157242745161057e-03
5.701646208763122559e-03
5.819167941808700562e-03
6.024071481078863144e-03
5.715155974030494690e-03
5.613194778561592102e-03
5.684631876647472382e-03
5.676788277924060822e-03
5.634615663439035416e-03
5.975448060780763626e-03
5.684353411197662354e-03
5.679059308022260666e-03
5.887102801352739334e-03
5.781881045550107956e-03
5.695283412933349609e-03
5.753115285187959671e-03
6.139051169157028198e-03
5.896385759115219116e-03
5.792343523353338242e-03
5.620574578642845154e-03
5.679705180227756500e-03
6.000053137540817261e-03
5.851725582033395767e-03
6.122953724116086960e-03
5.875603295862674713e-03
5.893210880458354950e-03
5.739559885114431381e-03
6.002748385071754456e-03
5.893218796700239182e-03
5.629492457956075668e-03
5.651687271893024445e-03
5.786977708339691162e-03
5.874241702258586884e-03
5.995925515890121460e-03
5.657725967466831207e-03
5.682004150003194809e-03
5.689524114131927490e-03
5.597516894340515137e-03
5.770597141236066818e-03
5.871608387678861618e-03
5.911721382290124893e-03
5.635112524032592773e-03
5.633577238768339157e-03
5.722421687096357346e-03
5.709981545805931091e-03
5.833133123815059662e-03
5.588225089013576508e-03
5.660192575305700302e-03
6.025671493262052536e-03
5.689400713890790939e-03
5.582475103437900543e-03
6.008777767419815063e-03
5.722939502447843552e-03
5.901957396417856216e-03
5.785282701253890991e-03
5.597888492047786713e-03
5.714261904358863831e-03
6.078061182051897049e-03
5.656685214489698410e-03
5.687389988452196121e-03
6.001289468258619308e-03
6.081771105527877808e-03
5.660148337483406067e-03
5.741951987147331238e-03
5.704240407794713974e-03
5.602939985692501068e-03
5.633963271975517273e-03
5.763679742813110352e-03
5.641380324959754944e-03
5.612378008663654327e-03
5.602821242064237595e-03
5.591250024735927582e-03
5.709874909371137619e-03
5.649682134389877319e-03
5.778062157332897186e-03
6.093986332416534424e-03
5.727412179112434387e-03
5.677976645529270172e-03
5.717062391340732574e-03
5.664012394845485687e-03
5.736943334341049194e-03
5.987968761473894119e-03
5.591777618974447250e-03
5.835207179188728333e-03
5.725588649511337280e-03
6.223530508577823639e-03
6.026567425578832626e-03
5.809403955936431885e-03
5.640862043946981430e-03
5.692445673048496246e-03
5.934675689786672592e-03
5.608569364994764328e-03
6.218944676220417023e-03
5.800268147140741348e-03
5.624444689601659775e-03
5.846625193953514099e-03
5.902210716158151627e-03
5.889726337045431137e-03
5.723318550735712051e-03
5.599759053438901901e-03
5.859392229467630386e-03
5.817767232656478882e-03
6.410961039364337921e-03
5.901592783629894257e-03
5.641511641442775726e-03
5.676067434251308441e-03
5.724762100726366043e-03
5.752524361014366150e-03
5.724522285163402557e-03
5.690992809832096100e-03
5.828250199556350708e-03
5.788605660200119019e-03
5.878106225281953812e-03
5.972870625555515289e-03
5.762450397014617920e-03
5.991182290017604828e-03
5.664619151502847672e-03
5.837544798851013184e-03
5.600614473223686218e-03
5.830833222717046738e-03
5.734207108616828918e-03
5.586458835750818253e-03
5.669495556503534317e-03
5.551171023398637772e-03
5.632934160530567169e-03
5.902285687625408173e-03
5.647747777402400970e-03
5.624101497232913971e-03
5.947294645011425018e-03
5.605638958513736725e-03
6.250982638448476791e-03
5.693477112799882889e-03
5.793072748929262161e-03
6.100738886743783951e-03
5.913456901907920837e-03
5.647352896630764008e-03
6.461123935878276825e-03
5.902128759771585464e-03
5.674596410244703293e-03
5.949646700173616409e-03
5.849426146596670151e-03
5.844087339937686920e-03
5.570312961935997009e-03
5.585625767707824707e-03
5.683137103915214539e-03
5.910062231123447418e-03
5.737127270549535751e-03
5.665954202413558960e-03
5.681003443896770477e-03
6.001990754157304764e-03
5.895435344427824020e-03
5.935501307249069214e-03
5.771134514361619949e-03
5.905374884605407715e-03
5.642705131322145462e-03
5.771280732005834579e-03
5.751341581344604492e-03
5.788549315184354782e-03
5.945271812379360199e-03
5.586153827607631683e-03
5.562687758356332779e-03
5.580769386142492294e-03
5.714308470487594604e-03
5.651824176311492920e-03
5.606391467154026031e-03
5.646013654768466949e-03
5.647016223520040512e-03
5.633054766803979874e-03
5.739662796258926392e-03
5.848445929586887360e-03
5.926030222326517105e-03
5.960122682154178619e-03
5.666287150233983994e-03
5.656437948346138000e-03
5.686149932444095612e-03
5.777798593044281006e-03
5.607314407825469971e-03
5.763316527009010315e-03
5.932064261287450790e-03
5.698591936379671097e-03
5.810756236314773560e-03
5.772497504949569702e-03
5.604804959148168564e-03
5.781276617199182510e-03
5.922932177782058716e-03
5.799261853098869324e-03
5.794235970824956894e-03
5.687033291906118393e-03
5.556487478315830231e-03
5.634796340018510818e-03
5.913283675909042358e-03
5.620773881673812866e-03
5.660848692059516907e-03
5.947215482592582703e-03
5.696775391697883606e-03
5.617569666355848312e-03
5.840722937136888504e-03
6.126042921096086502e-03
5.748405121266841888e-03
5.913082044571638107e-03
5.642334930598735809e-03
6.009245291352272034e-03
5.783515051007270813e-03
5.724952090531587601e-03
5.679785739630460739e-03
5.917494185268878937e-03
5.905721802264451981e-03
5.973026622086763382e-03
5.600843578577041626e-03
6.289348471909761429e-03
5.581524688750505447e-03
5.674941465258598328e-03
5.969868041574954987e-03
5.757901817560195923e-03
5.719217937439680099e-03
5.614719819277524948e-03
5.667106248438358307e-03
5.826964974403381348e-03
5.911899730563163757e-03
5.646222736686468124e-03
5.673886276781558990e-03
5.784399341791868210e-03
5.803864449262619019e-03
5.739719141274690628e-03
5.813259631395339966e-03
5.812674295157194138e-03
5.761965643614530563e-03
5.661806091666221619e-03
5.757023580372333527e-03
5.715578794479370117e-03
5.622754804790019989e-03
5.677769891917705536e-03
5.798581521958112717e-03
6.048826035112142563e-03
5.825428757816553116e-03
6.136287935078144073e-03
5.714293103665113449e-03
5.656151100993156433e-03
5.838836077600717545e-03
5.630455445498228073e-03
5.588593427091836929e-03
5.719087552279233932e-03
5.680318456143140793e-03
5.755910649895668030e-03
5.662979558110237122e-03
5.993308965116739273e-03
5.580635275691747665e-03
5.674352869391441345e-03
5.782353691756725311e-03
6.081223953515291214e-03
5.864759441465139389e-03
5.866182036697864532e-03
5.969813093543052673e-03
5.926108453422784805e-03
5.756882485002279282e-03
5.608358886092901230e-03
5.650671664625406265e-03
5.587278399616479874e-03
5.656433757394552231e-03
5.724408198148012161e-03
5.647346377372741699e-03
5.812550894916057587e-03
5.721469409763813019e-03
5.697765853255987167e-03
5.948885343968868256e-03
5.987045820802450180e-03
5.775761790573596954e-03
5.769571755081415176e-03
5.692386068403720856e-03
5.832996685057878494e-03
5.832171067595481873e-03
5.598005838692188263e-03
6.030300632119178772e-03
5.702769849449396133e-03
5.748375784605741501e-03
5.812903400510549545e-03
5.576965399086475372e-03
5.770544521510601044e-03
5.688656587153673172e-03
5.878046620637178421e-03
6.123297847807407379e-03
5.982178263366222382e-03
5.610629916191101074e-03
5.683282390236854553e-03
5.851940717548131943e-03
5.867622792720794678e-03
5.714011378586292267e-03
5.658153910189867020e-03
5.854148883372545242e-03
5.882092751562595367e-03
5.716591607779264450e-03
5.623203236609697342e-03
5.688183009624481201e-03
5.727286450564861298e-03
5.605905782431364059e-03
5.661690142005681992e-03
5.622773431241512299e-03
5.672737490385770798e-03
5.956494249403476715e-03
5.670858547091484070e-03
5.726314149796962738e-03
5.686152726411819458e-03
5.870634689927101135e-03
5.881677847355604172e-03
5.856716074049472809e-03
5.789770744740962982e-03
5.669964943081140518e-03
5.678499117493629456e-03
5.845707841217517853e-03
5.612120032310485840e-03
5.563552491366863251e-03
6.487825885415077209e-03
5.664011463522911072e-03
6.043987814337015152e-03
5.816151387989521027e-03
5.679847672581672668e-03
5.958260502666234970e-03
5.779306869953870773e-03
5.763805937021970749e-03
5.685425363481044769e-03
5.747942719608545303e-03
5.693336483091115952e-03
5.848692264407873154e-03
5.705857183784246445e-03
5.874381866306066513e-03
5.855544470250606537e-03
5.689788144081830978e-03
5.621861666440963745e-03
5.661325994879007339e-03
5.577692762017250061e-03
5.674869287759065628e-03
6.086741574108600616e-03
5.965211428701877594e-03
5.796102341264486313e-03
5.746097769588232040e-03
5.919168703258037567e-03
5.648957565426826477e-03
5.758311599493026733e-03
6.064551882445812225e-03
6.028304342180490494e-03
5.874370690435171127e-03
5.595059134066104889e-03
5.619095172733068466e-03
5.563026759773492813e-03
5.788181908428668976e-03
5.775238387286663055e-03
5.828616674989461899e-03
5.730788689106702805e-03
5.679166875779628754e-03
6.151997949928045273e-03
5.712845828384160995e-03
6.038965191692113876e-03
5.768330767750740051e-03
5.762776359915733337e-03
5.819312762469053268e-03
5.926176905632019043e-03
5.836691241711378098e-03
5.678786896169185638e-03
5.789806600660085678e-03
5.723191890865564346e-03
5.945681594312191010e-03
5.691390950232744217e-03
5.832081194967031479e-03
5.722088273614645004e-03
5.708476994186639786e-03
5.912002641707658768e-03
5.719048436731100082e-03
5.928327329456806183e-03
5.679707042872905731e-03
5.702150054275989532e-03
5.680612288415431976e-03
5.676973611116409302e-03
5.581704899668693542e-03
5.722249858081340790e-03
5.817952565848827362e-03
5.739695858210325241e-03
5.877757910639047623e-03
5.593059118837118149e-03
5.808310117572546005e-03
5.774083547294139862e-03
5.653745029121637344e-03
5.672987550497055054e-03
5.808192770928144455e-03
5.888745654374361038e-03
5.663264077156782150e-03
5.920595955103635788e-03
5.766931455582380295e-03
5.729617550969123840e-03
5.648565478622913361e-03
6.056691054254770279e-03
5.667473655194044113e-03
5.681631155312061310e-03
5.712540820240974426e-03
5.862702615559101105e-03
5.669285077601671219e-03
5.853146780282258987e-03
5.824341438710689545e-03
5.761005450040102005e-03
5.763242486864328384e-03
5.865042563527822495e-03
5.655010696500539780e-03
5.635905079543590546e-03
5.728952120989561081e-03
5.863428115844726562e-03
5.938478745520114899e-03
5.714233964681625366e-03
5.676195956766605377e-03
5.563462153077125549e-03
6.244332063943147659e-03
6.072769872844219208e-03
5.782155320048332214e-03
5.572622641921043396e-03
5.570124369114637375e-03
5.604777485132217407e-03
5.559327546507120132e-03
5.749138537794351578e-03
5.729516968131065369e-03
5.875286180526018143e-03
5.804684013128280640e-03
5.678495392203330994e-03
5.739496089518070221e-03
5.628788378089666367e-03
5.675421562045812607e-03
6.098825950175523758e-03
5.810857750475406647e-03
5.652147810906171799e-03
6.005686242133378983e-03
5.792533978819847107e-03
5.646075587719678879e-03
5.726149305701255798e-03
5.700776819139719009e-03
5.594988819211721420e-03
5.644885823130607605e-03
5.772117525339126587e-03
5.691322498023509979e-03
5.584104452282190323e-03
5.714368540793657303e-03
5.823533050715923309e-03
5.625637248158454895e-03
5.795311648398637772e-03
5.778808612376451492e-03
5.570531822741031647e-03
5.714681930840015411e-03
5.700360517948865891e-03
5.626512691378593445e-03
5.922545213252305984e-03
5.552391987293958664e-03
5.624623037874698639e-03
5.929355975240468979e-03
5.811402108520269394e-03
5.899391137063503265e-03
5.674969404935836792e-03
5.871993955224752426e-03
5.604668054729700089e-03
6.048483774065971375e-03
5.840248893946409225e-03
5.668589845299720764e-03
5.654686130583286285e-03
5.674868356436491013e-03
5.657754372805356979e-03
5.654755979776382446e-03
5.694746971130371094e-03
5.825554486364126205e-03
5.660606082528829575e-03
5.620060488581657410e-03
5.592366214841604233e-03
5.839671008288860321e-03
5.694745574146509171e-03
5.947723519057035446e-03
5.795102566480636597e-03
5.752267781645059586e-03
5.618802737444639206e-03
5.749392323195934296e-03
5.698327906429767609e-03
5.747715476900339127e-03
5.783917848020792007e-03
5.759002175182104111e-03
5.901549942791461945e-03
5.636615678668022156e-03
6.026178132742643356e-03
5.736956838518381119e-03
5.808553192764520645e-03
5.591280758380889893e-03
5.772464908659458160e-03
5.779023282229900360e-03
5.618015769869089127e-03
5.738780368119478226e-03
5.710420198738574982e-03
5.757579579949378967e-03
5.678856279700994492e-03
5.796899553388357162e-03
5.751350428909063339e-03
5.754477344453334808e-03
5.567569285631179810e-03
5.628793500363826752e-03
5.684602074325084686e-03
5.914870649576187134e-03
5.736157298088073730e-03
5.731931887567043304e-03
5.568130873143672943e-03
5.761671811342239380e-03
5.732941906899213791e-03
5.616774316877126694e-03
5.770364776253700256e-03
5.815438460558652878e-03
5.927806720137596130e-03
6.007891148328781128e-03
5.670970305800437927e-03
5.579885095357894897e-03
6.069036666303873062e-03
5.688657052814960480e-03
5.810399539768695831e-03
5.655304063111543655e-03
5.734798032790422440e-03
5.631000734865665436e-03
5.536589305847883224e-03
5.903868004679679871e-03
6.040846928954124451e-03
5.757723003625869751e-03
5.948896519839763641e-03
5.611542146652936935e-03
5.611139815300703049e-03
5.685997195541858673e-03
5.592908710241317749e-03
5.702667869627475739e-03
5.714930128306150436e-03
5.594627000391483307e-03
5.834522191435098648e-03
5.878549069166183472e-03
6.244842894375324249e-03
5.756040103733539581e-03
5.691531579941511154e-03
5.581856705248355865e-03
5.639362148940563202e-03
5.815199110656976700e-03
5.681514739990234375e-03
5.610834807157516479e-03
5.925830919295549393e-03
5.560592748224735260e-03
5.688590928912162781e-03
5.862256512045860291e-03
5.994944367557764053e-03
5.554421804845333099e-03
5.679410416632890701e-03
5.722954869270324707e-03
5.792646668851375580e-03
5.661086644977331161e-03
5.709291435778141022e-03
5.610491614788770676e-03
5.615974776446819305e-03
5.667582154273986816e-03
5.656349007040262222e-03
5.772350355982780457e-03
5.598025396466255188e-03
5.661771167069673538e-03
5.757245700806379318e-03
5.780362989753484726e-03
6.014476995915174484e-03
5.737444851547479630e-03
5.865509156137704849e-03
5.628658458590507507e-03
5.581027828156948090e-03
5.651548504829406738e-03
5.923406220972537994e-03
5.610806867480278015e-03
5.575420334935188293e-03
5.724826827645301819e-03
5.550948902964591980e-03
5.935899913311004639e-03
6.005659233778715134e-03
5.557666998356580734e-03
5.921130068600177765e-03
5.762533284723758698e-03
5.652515217661857605e-03
5.611709784716367722e-03
5.962881725281476974e-03
5.576202645897865295e-03
5.684127565473318100e-03
5.601792130619287491e-03
5.678439047187566757e-03
5.990053992718458176e-03
5.718156229704618454e-03
5.608927458524703979e-03
5.661288276314735413e-03
5.757486913353204727e-03
5.653315223753452301e-03
5.724038928747177124e-03
5.561593454331159592e-03
5.636262707412242889e-03
5.766874644905328751e-03
5.708889104425907135e-03
5.669952835887670517e-03
5.678880494087934494e-03
5.851536523550748825e-03
5.668580997735261917e-03
5.668100900948047638e-03
5.831433925777673721e-03
6.070819683372974396e-03
5.749704781919717789e-03
5.678427871316671371e-03
5.661209113895893097e-03
5.796331446617841721e-03
5.738841835409402847e-03
5.618333350867033005e-03
5.549020599573850632e-03
5.669117905199527740e-03
5.768302828073501587e-03
5.839691031724214554e-03
6.153686903417110443e-03
6.005701143294572830e-03
5.610330961644649506e-03
5.870180670171976089e-03
5.890411324799060822e-03
5.669916979968547821e-03
5.596193484961986542e-03
5.686946678906679153e-03
5.590873770415782928e-03
5.765611305832862854e-03
5.696441046893596649e-03
5.703451111912727356e-03
5.927123595029115677e-03
5.805375520139932632e-03
5.894402042031288147e-03
5.602082703262567520e-03
5.931940395385026932e-03
5.648809485137462616e-03
5.810274276882410049e-03
5.752590484917163849e-03
5.671190097928047180e-03
5.679457914084196091e-03
5.761949811130762100e-03
5.912880413234233856e-03
5.567961372435092926e-03
5.563509650528430939e-03
5.616328213363885880e-03
5.671044811606407166e-03
5.677388515323400497e-03
5.690692923963069916e-03
5.725563503801822662e-03
6.039477419108152390e-03
6.033981684595346451e-03
5.687745288014411926e-03
5.790649447590112686e-03
5.702094640582799911e-03
5.606679245829582214e-03
5.660643801093101501e-03
5.669688805937767029e-03
5.621787626296281815e-03
5.631713662296533585e-03
5.608728621155023575e-03
5.718964617699384689e-03
5.714407190680503845e-03
5.682182032614946365e-03
5.637847818434238434e-03
5.704911425709724426e-03
5.608684383332729340e-03
5.589234177023172379e-03
5.580405704677104950e-03
5.616494920104742050e-03
5.576940253376960754e-03
5.711067002266645432e-03
5.545952823013067245e-03
5.709607154130935669e-03
5.824973806738853455e-03
6.089414935559034348e-03
5.724797025322914124e-03
5.548575893044471741e-03
5.774573422968387604e-03
5.552416667342185974e-03
5.683256313204765320e-03
5.954155232757329941e-03
5.588250234723091125e-03
5.698292516171932220e-03
5.688161589205265045e-03
5.710812285542488098e-03
5.592089612036943436e-03
5.733210593461990356e-03
5.587773863226175308e-03
5.652550142258405685e-03
5.584378726780414581e-03
5.741687957197427750e-03
6.102491170167922974e-03
5.616502836346626282e-03
5.688874516636133194e-03
5.573750939220190048e-03
5.699140485376119614e-03
5.549998022615909576e-03
5.635011009871959686e-03
5.565377417951822281e-03
5.732138175517320633e-03
5.726647563278675079e-03
5.815619602799415588e-03
5.854913033545017242e-03
5.582345183938741684e-03
5.884801037609577179e-03
5.532657727599143982e-03
5.927503108978271484e-03
5.728792399168014526e-03
5.639146547764539719e-03
5.624755751341581345e-03
5.717190913856029510e-03
5.562440026551485062e-03
5.535109899938106537e-03
5.723439622670412064e-03
5.800910294055938721e-03
5.704095121473073959e-03
5.707187112420797348e-03
5.634602624922990799e-03
5.679199472069740295e-03
5.932686384767293930e-03
5.549533758312463760e-03
5.643485113978385925e-03
5.943548865616321564e-03
5.960121285170316696e-03
5.990869831293821335e-03
5.620536860078573227e-03
5.570698995143175125e-03
5.780173465609550476e-03
5.768643226474523544e-03
6.050942000001668930e-03
5.966139491647481918e-03
5.637428723275661469e-03
5.720911547541618347e-03
5.586535204201936722e-03
5.590572953224182129e-03
5.698994733393192291e-03
5.732285790145397186e-03
5.767262540757656097e-03
5.981487222015857697e-03
5.854850169271230698e-03
5.888988263905048370e-03
5.575897637754678726e-03
5.786853376775979996e-03
5.628065671771764755e-03
6.040345877408981323e-03
5.763172172009944916e-03
5.781286396086215973e-03
5.790171213448047638e-03
5.646982230246067047e-03
6.075381767004728317e-03
5.683855153620243073e-03
5.672966130077838898e-03
5.732324905693531036e-03
5.605463869869709015e-03
5.583428312093019485e-03
5.638702306896448135e-03
5.754544399678707123e-03
5.846737883985042572e-03
5.982900038361549377e-03
5.956758279353380203e-03
5.723848473280668259e-03
5.771529860794544220e-03
5.635088309645652771e-03
5.819149315357208252e-03
5.781935993582010269e-03
5.651504732668399811e-03
5.841884762048721313e-03
5.747640505433082581e-03
5.743217654526233673e-03
5.712395068258047104e-03
5.790286231786012650e-03
5.572550930082798004e-03
5.779547616839408875e-03
6.166562903672456741e-03
5.695930216461420059e-03
5.766933783888816833e-03
5.680328700691461563e-03
5.690556485205888748e-03
5.808603018522262573e-03
5.615253467112779617e-03
5.739612039178609848e-03
5.833916831761598587e-03
5.570137407630681992e-03
5.693145096302032471e-03
5.738985724747180939e-03
5.856351926922798157e-03
5.612415261566638947e-03
5.652070045471191406e-03
5.618889816105365753e-03
5.829990375787019730e-03
5.687344819307327271e-03
5.854947958141565323e-03
5.765221547335386276e-03
5.817888770252466202e-03
6.037069484591484070e-03
5.957282148301601410e-03
5.854895338416099548e-03
5.779347382485866547e-03
5.836986936628818512e-03
5.610418505966663361e-03
5.867761559784412384e-03
5.857827141880989075e-03
5.649862345308065414e-03
5.703558214008808136e-03
5.914849229156970978e-03
5.805835593491792679e-03
5.601210985332727432e-03
5.772050935775041580e-03
5.704309791326522827e-03
5.656085908412933350e-03
5.887702573090791702e-03
5.907589569687843323e-03
5.979749839752912521e-03
5.628681741654872894e-03
5.680704023689031601e-03
5.643678363412618637e-03
5.852813366800546646e-03
5.686450283974409103e-03
5.717048887163400650e-03
5.569948814809322357e-03
5.533769726753234863e-03
6.123383529484272003e-03
5.700640846043825150e-03
5.681709852069616318e-03
5.653965752571821213e-03
5.687736906111240387e-03
5.552907474339008331e-03
5.966613069176673889e-03
5.679699592292308807e-03
5.587144754827022552e-03
5.855937022715806961e-03
5.647380836308002472e-03
5.680826492607593536e-03
5.718811880797147751e-03
5.691648926585912704e-03
6.086000241339206696e-03
6.075359415262937546e-03
5.681551527231931686e-03
5.869284272193908691e-03
6.049458403140306473e-03
5.623907782137393951e-03
5.649582482874393463e-03
5.893439054489135742e-03
5.742731969803571701e-03
5.565491504967212677e-03
5.681963171809911728e-03
5.649028811603784561e-03
5.759623833000659943e-03
5.810476839542388916e-03
5.942338611930608749e-03
6.140513345599174500e-03
5.898536648601293564e-03
6.028476636856794357e-03
5.596850067377090454e-03
5.719576962292194366e-03
5.564345512539148331e-03
5.820033140480518341e-03
5.548233166337013245e-03
5.721284542232751846e-03
6.125651765614748001e-03
5.917419213801622391e-03
5.961282644420862198e-03
5.597580689936876297e-03
5.637704860419034958e-03
6.134821102023124695e-03
5.797830410301685333e-03
5.756042897701263428e-03
5.958322435617446899e-03
5.813638679683208466e-03
5.991276819258928299e-03
5.693389102816581726e-03
5.708435084670782089e-03
5.689797922968864441e-03
5.687852390110492706e-03
5.838192533701658249e-03
5.761532578617334366e-03
5.816529970616102219e-03
5.673185456544160843e-03
5.742529872804880142e-03
5.545032210648059845e-03
5.607682745903730392e-03
5.517251789569854736e-03
5.773343611508607864e-03
6.078472360968589783e-03
5.656187888234853745e-03
6.049251183867454529e-03
5.793008487671613693e-03
6.078830454498529434e-03
5.728997290134429932e-03
5.644971970468759537e-03
5.824243649840354919e-03
5.590590648353099823e-03
5.903733428567647934e-03
5.621948745101690292e-03
5.769427400082349777e-03
5.916467402130365372e-03
6.125720683485269547e-03
5.650914274156093597e-03
6.077114958316087723e-03
6.116692908108234406e-03
5.747953429818153381e-03
5.734340753406286240e-03
5.689742974936962128e-03
5.683724768459796906e-03
5.786660593003034592e-03
5.834251642227172852e-03
5.813765339553356171e-03
5.591784138232469559e-03
6.003115326166152954e-03
5.654800217598676682e-03
5.628283601254224777e-03
5.650871898978948593e-03
5.686670541763305664e-03
5.846459884196519852e-03
5.692411214113235474e-03
5.608562380075454712e-03
5.621658172458410263e-03
5.674251820892095566e-03
5.632127635180950165e-03
5.659574642777442932e-03
6.448857951909303665e-03
5.685286596417427063e-03
5.609225016087293625e-03
5.658377893269062042e-03
5.652533844113349915e-03
6.025199778378009796e-03
6.286991760134696960e-03
5.727194715291261673e-03
5.845919251441955566e-03
5.793590564280748367e-03
5.731611046940088272e-03
6.088207010179758072e-03
5.776565521955490112e-03
5.765705835074186325e-03
5.998391192406415939e-03
5.640499293804168701e-03
5.587703082710504532e-03
5.563974380493164062e-03
5.603947211056947708e-03
6.153311580419540405e-03
5.684998817741870880e-03
5.940058268606662750e-03
5.715825594961643219e-03
6.013225764036178589e-03
5.652972031384706497e-03
5.700804293155670166e-03
5.677245091646909714e-03
5.555963609367609024e-03
5.686571821570396423e-03
5.682936869561672211e-03
5.615078378468751907e-03
5.761709529906511307e-03
6.131284870207309723e-03
5.922962911427021027e-03
5.527857225388288498e-03
5.729070864617824554e-03
5.689979065209627151e-03
5.727948155254125595e-03
6.051065400242805481e-03
5.641991738229990005e-03
5.600038915872573853e-03
5.600679665803909302e-03
6.026428192853927612e-03
5.835768301039934158e-03
5.696570035070180893e-03
5.758091807365417480e-03
5.625213962048292160e-03
6.086557637900114059e-03
5.529354792088270187e-03
5.665269680321216583e-03
5.835207179188728333e-03
5.699350498616695404e-03
5.966984201222658157e-03
5.953842308372259140e-03
5.906473379582166672e-03
5.602070130407810211e-03
6.016404833644628525e-03
6.345036439597606659e-03
5.730960052460432053e-03
5.749605130404233932e-03
5.699631758034229279e-03
5.625900346785783768e-03
5.731410346925258636e-03
5.685573443770408630e-03
5.645386409014463425e-03
5.714185070246458054e-03
5.614472553133964539e-03
5.595433991402387619e-03
5.918859038501977921e-03
5.764361005276441574e-03
5.570827517658472061e-03
5.879405420273542404e-03
5.781471263617277145e-03
5.584810394793748856e-03
5.695446394383907318e-03
5.652947351336479187e-03
5.681775510311126709e-03
5.724380724132061005e-03
5.627220962196588516e-03
5.538572557270526886e-03
5.734580568969249725e-03
5.543342325836420059e-03
5.777535494416952133e-03
5.790985655039548874e-03
5.969970487058162689e-03
5.843069404363632202e-03
5.790106020867824554e-03
5.722345784306526184e-03
6.079086568206548691e-03
6.887889001518487930e-03
5.628052633255720139e-03
5.531432572752237320e-03
5.621804390102624893e-03
5.886424332857131958e-03
5.619499832391738892e-03
5.559457931667566299e-03
5.877265706658363342e-03
5.834803916513919830e-03
5.604823119938373566e-03
5.747343413531780243e-03
5.670966114848852158e-03
5.572299472987651825e-03
5.669665522873401642e-03
5.776000209152698517e-03
5.630518309772014618e-03
5.853926297277212143e-03
5.699661094695329666e-03
5.584092345088720322e-03
5.690520163625478745e-03
5.612411070615053177e-03
5.657901056110858917e-03
5.833254195749759674e-03
5.663979798555374146e-03
5.607830826193094254e-03
5.665843375027179718e-03
5.641342606395483017e-03
5.875661037862300873e-03
5.884383339434862137e-03
5.794675555080175400e-03
5.637643858790397644e-03
5.745369009673595428e-03
5.694873631000518799e-03
5.743877030909061432e-03
6.046234630048274994e-03
5.965936463326215744e-03
5.571312271058559418e-03
5.601703189313411713e-03
5.647049285471439362e-03
5.641218740493059158e-03
5.831519141793251038e-03
6.033759098500013351e-03
5.691189318895339966e-03
5.693932995200157166e-03
5.642105359584093094e-03
5.601081065833568573e-03
5.782346706837415695e-03
5.618584342300891876e-03
5.640978924930095673e-03
5.915029905736446381e-03
5.773636512458324432e-03
5.716397892683744431e-03
5.628364626318216324e-03
6.022833287715911865e-03
5.837139673531055450e-03
5.643127486109733582e-03
5.660064518451690674e-03
5.651487968862056732e-03
5.787745118141174316e-03
5.927116610109806061e-03
5.570677109062671661e-03
5.679977126419544220e-03
5.678388290107250214e-03
5.753876641392707825e-03
5.561485886573791504e-03
5.686013493686914444e-03
6.347063463181257248e-03
5.609431769698858261e-03
5.559891462326049805e-03
5.745038855820894241e-03
5.736498162150382996e-03
5.772659089416265488e-03
5.756315775215625763e-03
5.859113764017820358e-03
5.825541913509368896e-03
6.010605953633785248e-03
5.610558670014142990e-03
5.562041420489549637e-03
5.701748654246330261e-03
5.508325062692165375e-03
5.885441787540912628e-03
5.619365256279706955e-03
5.757142324000597000e-03
5.854805931448936462e-03
5.721872672438621521e-03
5.848540924489498138e-03
6.038943305611610413e-03
5.816217511892318726e-03
5.597171839326620102e-03
5.594188813120126724e-03
5.696046166121959686e-03
5.578622221946716309e-03
5.768121220171451569e-03
5.719919223338365555e-03
5.650706123560667038e-03
5.609443411231040955e-03
5.529964808374643326e-03
5.629285704344511032e-03
5.881788209080696106e-03
5.906977690756320953e-03
5.680583883076906204e-03
6.018385291099548340e-03
6.021205801516771317e-03
5.974559113383293152e-03
5.729853175580501556e-03
5.873023997992277145e-03
5.738665349781513214e-03
5.668392404913902283e-03
5.668760277330875397e-03
5.664138123393058777e-03
5.805648397654294968e-03
5.668687634170055389e-03
5.674693733453750610e-03
5.732434801757335663e-03
5.581106990575790405e-03
5.700117908418178558e-03
5.544388666749000549e-03
5.674427840858697891e-03
5.569774657487869263e-03
5.824320949614048004e-03
5.956855136901140213e-03
5.671721417456865311e-03
5.642046220600605011e-03
5.677637644112110138e-03
6.056380923837423325e-03
5.650347098708152771e-03
5.743512883782386780e-03
5.715609993785619736e-03
5.669803824275732040e-03
5.560684017837047577e-03
5.721282679587602615e-03
5.725625902414321899e-03
5.781015846878290176e-03
5.888455081731081009e-03
5.811018869280815125e-03
6.249990314245223999e-03
5.975891370326280594e-03
5.891557782888412476e-03
5.647951271384954453e-03
5.583258345723152161e-03
5.611524451524019241e-03
5.749011412262916565e-03
5.842216778546571732e-03
5.698672030121088028e-03
5.571566056460142136e-03
5.761516746133565903e-03
5.832152441143989563e-03
5.629876628518104553e-03
5.560812074691057205e-03
5.932371597737073898e-03
5.553305614739656448e-03
5.662466399371623993e-03
5.717420950531959534e-03
6.067460868507623672e-03
5.728127434849739075e-03
5.657079163938760757e-03
5.584876053035259247e-03
6.139176897704601288e-03
5.647199228405952454e-03
5.930079147219657898e-03
6.018988788127899170e-03
6.015120539814233780e-03
5.599350668489933014e-03
5.574014503508806229e-03
5.685273092240095139e-03
5.860461387783288956e-03
5.549705587327480316e-03
5.678544752299785614e-03
5.645523779094219208e-03
5.549765657633543015e-03
5.552738904953002930e-03
5.667185876518487930e-03
5.548798479139804840e-03
5.657272879034280777e-03
5.597945768386125565e-03
5.707866977900266647e-03
5.761886946856975555e-03
5.810745060443878174e-03
5.679331719875335693e-03
5.586406216025352478e-03
5.810998845845460892e-03
5.699598696082830429e-03
5.645497702062129974e-03
5.646073259413242340e-03
5.642827600240707397e-03
5.827816668897867203e-03
5.988177843391895294e-03
5.664115305989980698e-03
5.741070955991744995e-03
5.587248131632804871e-03
5.716589745134115219e-03
5.768928676843643188e-03
5.648865364491939545e-03
5.643922835588455200e-03
5.635367240756750107e-03
5.735175684094429016e-03
5.636253859847784042e-03
5.710197146981954575e-03
5.934429820626974106e-03
5.972051527351140976e-03
5.652979947626590729e-03
5.798921920359134674e-03
5.737388040870428085e-03
5.569111090153455734e-03
5.728150717914104462e-03
5.762423854321241379e-03
5.675974767655134201e-03
5.838407669216394424e-03
5.831337999552488327e-03
5.583959631621837616e-03
5.797996651381254196e-03
5.769109353423118591e-03
6.012326106429100037e-03
5.809982772916555405e-03
5.748201627284288406e-03
5.547433160245418549e-03
5.931082647293806076e-03
5.839691497385501862e-03
5.860848352313041687e-03
5.625598132610321045e-03
5.786016583442687988e-03
5.623478908091783524e-03
5.814385134726762772e-03
5.802375730127096176e-03
5.668445955961942673e-03
5.617628339678049088e-03
5.593016743659973145e-03
5.589749664068222046e-03
5.952551029622554779e-03
5.916863214224576950e-03
5.608685314655303955e-03
5.895810201764106750e-03
5.706221330910921097e-03
5.819064565002918243e-03
5.889471154659986496e-03
5.711280740797519684e-03
5.653963889926671982e-03
5.850811023265123367e-03
6.118212360888719559e-03
5.627350416034460068e-03
5.736254155635833740e-03
5.747900344431400299e-03
5.605760030448436737e-03
5.558659322559833527e-03
5.895165726542472839e-03
5.555708892643451691e-03
5.725807975977659225e-03
5.627361126244068146e-03
5.780958104878664017e-03
5.737934261560440063e-03
5.643418990075588226e-03
5.889359395951032639e-03
5.783969070762395859e-03
5.786323454231023788e-03
5.648191552609205246e-03
5.830639041960239410e-03
5.621590185910463333e-03
5.572620779275894165e-03
5.516876000910997391e-03
5.572806578129529953e-03
5.666042212396860123e-03
5.607889033854007721e-03
5.683746654540300369e-03
5.650330334901809692e-03
5.926101002842187881e-03
5.822854116559028625e-03
5.871518049389123917e-03
5.566266831010580063e-03
5.831664428114891052e-03
5.816359072923660278e-03
5.780042614787817001e-03
5.639489740133285522e-03
5.710471887141466141e-03
6.023441441357135773e-03
5.830375943332910538e-03
5.501992069184780121e-03
6.109782960265874863e-03
5.689412355422973633e-03
5.598368588835000992e-03
5.661034025251865387e-03
5.519018042832612991e-03
5.623766221106052399e-03
5.608531646430492401e-03
5.568963475525379181e-03
6.087559740990400314e-03
5.949408747255802155e-03
5.833042785525321960e-03
6.268623284995555878e-03
5.779687315225601196e-03
5.646372679620981216e-03
5.706814117729663849e-03
5.674208514392375946e-03
5.703232716768980026e-03
5.869247950613498688e-03
5.756693892180919647e-03
5.908929742872714996e-03
5.780327133834362030e-03
5.733318161219358444e-03
5.876831244677305222e-03
5.539753474295139313e-03
5.824551451951265335e-03
5.639662034809589386e-03
5.589420907199382782e-03
5.776971112936735153e-03
5.666786339133977890e-03
5.604396574199199677e-03
5.580529570579528809e-03
5.670720711350440979e-03
5.764884408563375473e-03
5.517619661986827850e-03
5.670640617609024048e-03
5.666545592248439789e-03
5.655000917613506317e-03
5.604633130133152008e-03
5.746261682361364365e-03
5.721178837120532990e-03
5.602649413049221039e-03
5.602591205388307571e-03
5.740584805607795715e-03
5.661073140799999237e-03
5.573544651269912720e-03
5.942327436059713364e-03
5.646148230880498886e-03
5.618781317025423050e-03
5.593229550868272781e-03
5.929911043494939804e-03
5.853862036019563675e-03
5.595826078206300735e-03
5.584943573921918869e-03
5.879416130483150482e-03
6.306267343461513519e-03
5.939942318946123123e-03
5.969959311187267303e-03
5.665660370141267776e-03
5.774268414825201035e-03
5.696084350347518921e-03
5.818533711135387421e-03
5.732901394367218018e-03
5.737836007028818130e-03
5.663130898028612137e-03
5.769691430032253265e-03
5.586034618318080902e-03
5.720566026866436005e-03
5.725390277802944183e-03
5.724347196519374847e-03
5.668144673109054565e-03
5.900764372199773788e-03
5.869545042514801025e-03
5.799947772175073624e-03
5.520118866115808487e-03
5.657653789967298508e-03
5.761960521340370178e-03
5.808425135910511017e-03
5.810713861137628555e-03
5.739071872085332870e-03
5.723882466554641724e-03
5.830211099237203598e-03
5.625836085528135300e-03
5.707655102014541626e-03
5.669713485985994339e-03
5.717583000659942627e-03
5.630335770547389984e-03
5.638406611979007721e-03
6.002468988299369812e-03
5.590939894318580627e-03
5.559140816330909729e-03
5.742343142628669739e-03
5.735104903578758240e-03
5.662545561790466309e-03
5.779101978987455368e-03
5.687138531357049942e-03
5.681023001670837402e-03
5.762586835771799088e-03
5.804758984595537186e-03
5.653315223753452301e-03
5.762522574514150620e-03
5.543829873204231262e-03
5.532884504646062851e-03
5.814651027321815491e-03
5.605932790786027908e-03
5.747926421463489532e-03
5.666545592248439789e-03
5.667680408805608749e-03
5.867868196219205856e-03
5.797212477773427963e-03
5.635009612888097763e-03
5.815677810460329056e-03
5.934104323387145996e-03
5.805915221571922302e-03
5.676154512912034988e-03
5.947027821093797684e-03
5.609625950455665588e-03
5.911880638450384140e-03
5.785607267171144485e-03
5.888792686164379120e-03
5.811712704598903656e-03
5.657067988067865372e-03
5.785800516605377197e-03
5.640622228384017944e-03
5.759886465966701508e-03
5.726675502955913544e-03
5.583387799561023712e-03
5.546103231608867645e-03
5.676783155649900436e-03
6.760757882148027420e-03
5.964090581983327866e-03
5.539431236684322357e-03
5.629252642393112183e-03
5.687730852514505386e-03
5.721854511648416519e-03
5.594514776021242142e-03
5.766531452536582947e-03
5.751937162131071091e-03
5.805899389088153839e-03
5.586890503764152527e-03
5.950177554041147232e-03
5.639456212520599365e-03
5.747361108660697937e-03
5.744167137891054153e-03
5.655324086546897888e-03
5.548969842493534088e-03
5.605062935501337051e-03
5.898533388972282410e-03
5.836470518261194229e-03
5.887637380510568619e-03
5.751879885792732239e-03
5.706806667149066925e-03
5.900699645280838013e-03
5.673362407833337784e-03
5.836876109242439270e-03
5.838369950652122498e-03
5.587989930063486099e-03
5.700610112398862839e-03
5.737706087529659271e-03
5.578562151640653610e-03
5.890017375349998474e-03
5.705647636204957962e-03
5.723381880670785904e-03
5.740052554756402969e-03
5.850222427397966385e-03
5.615980364382266998e-03
5.546942353248596191e-03
5.795688368380069733e-03
5.672826431691646576e-03
5.834543146193027496e-03
5.547083914279937744e-03
5.543139763176441193e-03
5.599564872682094574e-03
5.615032278001308441e-03
5.750622600317001343e-03
5.909770727157592773e-03
6.314628757536411285e-03
5.567170679569244385e-03
5.799012724310159683e-03
5.700828973203897476e-03
5.766020156443119049e-03
5.932995583862066269e-03
5.751049146056175232e-03
5.909439641982316971e-03
5.869206041097640991e-03
5.672922357916831970e-03
5.738595034927129745e-03
5.554940551519393921e-03
5.915152374655008316e-03
5.525982473045587540e-03
5.696802865713834763e-03
5.708886310458183289e-03
5.848492495715618134e-03
5.516451783478260040e-03
5.920173600316047668e-03
5.655677989125251770e-03
5.619733128696680069e-03
5.608364008367061615e-03
5.659084301441907883e-03
5.561567842960357666e-03
5.931895691901445389e-03
5.755996797233819962e-03
5.645303055644035339e-03
5.561094265431165695e-03
5.506226792931556702e-03
5.878395400941371918e-03
5.925944074988365173e-03
5.785672925412654877e-03
5.559753626585006714e-03
5.589771084487438202e-03
5.877285730093717575e-03
5.768353585153818130e-03
5.712084937840700150e-03
5.647968035191297531e-03
6.209338083863258362e-03
5.627820268273353577e-03
5.797056946903467178e-03
5.692407488822937012e-03
5.575354211032390594e-03
5.599181167781352997e-03
5.774937570095062256e-03
5.676418542861938477e-03
5.882886704057455063e-03
5.690535996109247208e-03
6.003244314342737198e-03
5.614983849227428436e-03
5.556656513363122940e-03
5.744168534874916077e-03
5.704311653971672058e-03
5.910866893827915192e-03
5.644431337714195251e-03
5.588076543062925339e-03
5.778579041361808777e-03
5.658192560076713562e-03
5.645219702273607254e-03
5.628558807075023651e-03
5.714708473533391953e-03
5.586920771747827530e-03
5.753340665251016617e-03
5.623886827379465103e-03
5.622398108243942261e-03
5.866989959031343460e-03
5.843595135957002640e-03
5.652318708598613739e-03
5.728735588490962982e-03
5.718779750168323517e-03
5.663286894559860229e-03
5.644699558615684509e-03
5.597727373242378235e-03
5.906125530600547791e-03
5.840979516506195068e-03
6.133026443421840668e-03
5.704466719180345535e-03
5.753410980105400085e-03
5.608426872640848160e-03
5.830763839185237885e-03
5.683940369635820389e-03
5.676386412233114243e-03
5.665290635079145432e-03
5.897440016269683838e-03
5.578989628702402115e-03
5.864544305950403214e-03
5.575120449066162109e-03
5.545036401599645615e-03
5.779766477644443512e-03
5.697777494788169861e-03
5.667728837579488754e-03
5.688286386430263519e-03
5.681795068085193634e-03
5.672606639564037323e-03
5.873297341167926788e-03
5.723195150494575500e-03
5.658936686813831329e-03
5.624749232083559036e-03
5.555270705372095108e-03
5.548980087041854858e-03
5.526037421077489853e-03
5.564618855714797974e-03
5.578074604272842407e-03
5.910983309149742126e-03
5.803228355944156647e-03
5.563558544963598251e-03
5.870413035154342651e-03
5.778514314442873001e-03
5.973242223262786865e-03
5.922986660152673721e-03
5.659746937453746796e-03
5.696228239685297012e-03
5.554658360779285431e-03
5.687327589839696884e-03
5.630665924400091171e-03
5.755811929702758789e-03
5.793565418571233749e-03
5.627192556858062744e-03
5.702646914869546890e-03
5.914191249758005142e-03
5.681206006556749344e-03
5.660613533109426498e-03
5.599634721875190735e-03
5.554731935262680054e-03
5.520282778888940811e-03
5.809456575661897659e-03
5.615204572677612305e-03
5.754138343036174774e-03
5.536991637200117111e-03
5.611590575426816940e-03
5.842795595526695251e-03
5.500981118530035019e-03
5.566912703216075897e-03
5.846521351486444473e-03
5.564640276134014130e-03
5.515274591743946075e-03
5.883138161152601242e-03
5.554132163524627686e-03
5.869259126484394073e-03
5.722723435610532761e-03
5.543932318687438965e-03
5.751068703830242157e-03
5.766584072262048721e-03
5.684175062924623489e-03
6.109303794801235199e-03
5.639303475618362427e-03
5.943736527115106583e-03
5.813869182020425797e-03
5.867714527994394302e-03
5.640591494739055634e-03
5.564706865698099136e-03
5.676346831023693085e-03
5.691601894795894623e-03
5.896492861211299896e-03
5.852811038494110107e-03
5.615797359496355057e-03
5.667050369083881378e-03
5.999078508466482162e-03
5.782095249742269516e-03
5.772588774561882019e-03
5.553683731704950333e-03
5.647615995258092880e-03
5.573366768658161163e-03
5.678052082657814026e-03
5.712992046028375626e-03
5.687127821147441864e-03
6.019375752657651901e-03
5.648188292980194092e-03
5.547476001083850861e-03
5.509199108928442001e-03
5.645172204822301865e-03
5.605192389339208603e-03
5.701301619410514832e-03
5.711596459150314331e-03
5.856420379132032394e-03
5.764851812273263931e-03
5.707739852368831635e-03
5.786526482552289963e-03
5.738956853747367859e-03
5.559283774346113205e-03
5.935054272413253784e-03
5.550788249820470810e-03
5.658361129462718964e-03
5.913471803069114685e-03
6.001131143420934677e-03
5.778409540653228760e-03
5.558061879128217697e-03
5.577348172664642334e-03
5.782396532595157623e-03
5.648474674671888351e-03
5.676528438925743103e-03
5.555617157369852066e-03
5.845005158334970474e-03
5.733381025493144989e-03
5.769795272499322891e-03
5.597968585789203644e-03
5.746781360357999802e-03
5.576267838478088379e-03
5.767292808741331100e-03
5.788276903331279755e-03
5.833497736603021622e-03
5.674746353179216385e-03
5.610842723399400711e-03
5.762662738561630249e-03
5.752530414611101151e-03
5.718684289604425430e-03
5.680418573319911957e-03
5.739597138017416000e-03
5.982360802590847015e-03
5.591717083007097244e-03
5.610145628452301025e-03
5.637650378048419952e-03
5.955579690635204315e-03
5.774590186774730682e-03
5.695852916687726974e-03
5.922837648540735245e-03
5.868231412023305893e-03
5.660943686962127686e-03
5.541470833122730255e-03
5.627655424177646637e-03
5.565389990806579590e-03
5.592561326920986176e-03
5.576075986027717590e-03
5.604457110166549683e-03
5.543277598917484283e-03
5.555836483836174011e-03
5.608179606497287750e-03
5.755820311605930328e-03
5.788736976683139801e-03
5.680428817868232727e-03
5.817884579300880432e-03
5.613122135400772095e-03
5.703429225832223892e-03
5.938171409070491791e-03
5.772358737885951996e-03
5.555124953389167786e-03
5.788551177829504013e-03
5.674277897924184799e-03
5.519855301827192307e-03
5.827249959111213684e-03
5.864173639565706253e-03
5.569386295974254608e-03
5.589358974248170853e-03
5.717628635466098785e-03
5.625793710350990295e-03
5.984200630336999893e-03
5.740439053624868393e-03
5.701852496713399887e-03
5.585635546594858170e-03
5.836596246808767319e-03
5.715014878660440445e-03
5.654451902955770493e-03
5.607168190181255341e-03
5.566545296460390091e-03
5.655835382640361786e-03
5.785206798464059830e-03
5.510717164725065231e-03
5.651504267007112503e-03
5.703565198928117752e-03
5.697997286915779114e-03
5.716245155781507492e-03
5.628633312880992889e-03
5.694345105439424515e-03
5.573225673288106918e-03
5.770825315266847610e-03
5.606489721685647964e-03
5.727123469114303589e-03
5.615911912173032761e-03
5.714543629437685013e-03
5.588922183960676193e-03
5.599986761808395386e-03
5.541170481592416763e-03
5.649490281939506531e-03
5.587446503341197968e-03
5.690196994692087173e-03
5.764692090451717377e-03
5.595229566097259521e-03
5.645663943141698837e-03
6.042487453669309616e-03
5.731112789362668991e-03
5.712706595659255981e-03
5.583461374044418335e-03
5.517587997019290924e-03
6.230193190276622772e-03
5.601138807833194733e-03
5.884308367967605591e-03
6.163291633129119873e-03
5.751645658165216446e-03
5.856452509760856628e-03
5.666010081768035889e-03
5.689830984920263290e-03
5.510380491614341736e-03
5.612014792859554291e-03
5.605867132544517517e-03
5.610891152173280716e-03
5.612356122583150864e-03
5.740136373788118362e-03
5.723527632653713226e-03
5.792166106402873993e-03
5.875637289136648178e-03
5.730065051466226578e-03
5.636602174490690231e-03
5.635347682982683182e-03
5.550311412662267685e-03
6.098852492868900299e-03
5.746388342231512070e-03
6.237342488020658493e-03
6.132532842457294464e-03
5.730810575187206268e-03
5.595087539404630661e-03
5.623605102300643921e-03
5.768517497926950455e-03
5.557660944759845734e-03
5.589530803263187408e-03
5.696114618331193924e-03
5.552279297262430191e-03
5.518210586160421371e-03
5.687523633241653442e-03
5.512882489711046219e-03
5.623294040560722351e-03
5.614176392555236816e-03
5.593697540462017059e-03
5.647768266499042511e-03
5.611469037830829620e-03
5.993113387376070023e-03
5.877670831978321075e-03
5.617783870548009872e-03
5.856273230165243149e-03
5.676352418959140778e-03
5.593698006123304367e-03
5.589116364717483521e-03
5.534257739782333374e-03
5.593963433057069778e-03
5.785430315881967545e-03
5.584639962762594223e-03
5.971616134047508240e-03
5.685283802449703217e-03
5.748820025473833084e-03
5.679700989276170731e-03
5.554791074246168137e-03
5.549639929085969925e-03
5.578299053013324738e-03
5.548597313463687897e-03
5.740198306739330292e-03
5.652124527841806412e-03
5.734691396355628967e-03
5.618939176201820374e-03
5.801581311970949173e-03
5.588671658188104630e-03
5.704987328499555588e-03
5.601110402494668961e-03
5.721580237150192261e-03
5.743351299315690994e-03
5.654813256114721298e-03
5.637728609144687653e-03
5.828832741826772690e-03
5.630612373352050781e-03
5.623650271445512772e-03
5.601539742201566696e-03
5.628340411931276321e-03
5.671602208167314529e-03
5.844293627887964249e-03
6.049907300621271133e-03
5.770634859800338745e-03
5.507585126906633377e-03
5.697053391486406326e-03
5.879852455109357834e-03
5.798303522169589996e-03
5.682420916855335236e-03
6.006206385791301727e-03
5.657820962369441986e-03
5.513548851013183594e-03
5.528610665351152420e-03
5.746195092797279358e-03
5.606835708022117615e-03
5.695473402738571167e-03
5.639498122036457062e-03
5.790283437818288803e-03
5.805586930364370346e-03
5.536763928830623627e-03
5.503330845385789871e-03
5.797289311885833740e-03
5.736174527555704117e-03
5.893793888390064240e-03
6.134893279522657394e-03
5.688535049557685852e-03
5.589708685874938965e-03
5.653053987771272659e-03
5.619283765554428101e-03
5.594306159764528275e-03
5.616214592009782791e-03
5.644400138407945633e-03
5.589138716459274292e-03
5.677267909049987793e-03
5.557212978601455688e-03
5.664568860083818436e-03
5.775353405624628067e-03
5.505263339728116989e-03
5.510605406016111374e-03
5.514974240213632584e-03
5.722564179450273514e-03
5.823548417538404465e-03
5.877916701138019562e-03
6.151429377496242523e-03
5.824605934321880341e-03
5.612595006823539734e-03
5.891915876418352127e-03
5.614012945443391800e-03
5.536284297704696655e-03
5.995234474539756775e-03
5.663290619850158691e-03
5.644698161631822586e-03
5.806357134133577347e-03
5.835221614688634872e-03
5.656482651829719543e-03
5.513235460966825485e-03
5.904235877096652985e-03
5.861431360244750977e-03
5.858979187905788422e-03
5.828285589814186096e-03
5.603647790849208832e-03
5.573204718530178070e-03
5.571426358073949814e-03
5.674635525792837143e-03
5.939575843513011932e-03
5.728834308683872223e-03
6.191673688590526581e-03
5.675893276929855347e-03
5.697146989405155182e-03
5.684042349457740784e-03
5.899823270738124847e-03
5.587683059275150299e-03
5.622298456728458405e-03
5.551012698560953140e-03
5.680692382156848907e-03
5.689453333616256714e-03
5.597513169050216675e-03
5.666719749569892883e-03
5.546778440475463867e-03
5.621751770377159119e-03
5.650685634464025497e-03
5.730223376303911209e-03
5.831557791680097580e-03
5.544563755393028259e-03
5.635360255837440491e-03
5.641909316182136536e-03
5.630762316286563873e-03
5.673611070960760117e-03
5.592059809714555740e-03
5.621524993330240250e-03
5.855974275618791580e-03
5.725342780351638794e-03
5.595440976321697235e-03
5.802316125482320786e-03
5.634536966681480408e-03
5.699204280972480774e-03
5.739764310419559479e-03
6.000869441777467728e-03
5.672353785485029221e-03
5.743680056184530258e-03
5.503434687852859497e-03
5.622555501759052277e-03
5.633753724396228790e-03
5.775223486125469208e-03
6.098934449255466461e-03
5.978196859359741211e-03
5.734004545956850052e-03
5.610745865851640701e-03
5.662079434841871262e-03
5.548656452447175980e-03
5.581540055572986603e-03
5.700869485735893250e-03
5.656137596815824509e-03
5.952671170234680176e-03
5.965894553810358047e-03
5.609017331153154373e-03
5.743101704865694046e-03
5.735307931900024414e-03
5.840581376105546951e-03
5.595087539404630661e-03
5.557573400437831879e-03
5.765414331108331680e-03
5.952192936092615128e-03
6.018694490194320679e-03
5.921744741499423981e-03
5.677717272192239761e-03
5.582456476986408234e-03
5.557940807193517685e-03
5.713876336812973022e-03
5.518022924661636353e-03
5.602601915597915649e-03
5.821742583066225052e-03
5.788261070847511292e-03
6.201745476573705673e-03
5.757458042353391647e-03
5.563009530305862427e-03
5.601591896265745163e-03
5.737868137657642365e-03
5.595849826931953430e-03
5.599188618361949921e-03
5.609726533293724060e-03
5.564470309764146805e-03
5.555540788918733597e-03
5.576499737799167633e-03
5.571454763412475586e-03
5.676375702023506165e-03
5.541669670492410660e-03
5.853363312780857086e-03
5.636424757540225983e-03
5.552844610065221786e-03
5.582268815487623215e-03
5.799686536192893982e-03
5.853586830198764801e-03
5.548223853111267090e-03
5.794689524918794632e-03
5.597890354692935944e-03
5.600021220743656158e-03
5.634044297039508820e-03
6.487971171736717224e-03
6.062596105039119720e-03
5.568784195929765701e-03
5.681361537426710129e-03
5.624045152217149734e-03
5.518018268048763275e-03
5.510543938726186752e-03
5.734468344599008560e-03
5.549746099859476089e-03
5.979629699140787125e-03
5.592564120888710022e-03
5.933356471359729767e-03
5.663029383867979050e-03
5.652172956615686417e-03
5.584952887147665024e-03
5.603658501058816910e-03
5.972464568912982941e-03
5.702114198356866837e-03
5.722520407289266586e-03
5.601253360509872437e-03
5.835420452058315277e-03
5.488200113177299500e-03
5.847928579896688461e-03
5.692576523870229721e-03
5.592907778918743134e-03
5.554902367293834686e-03
5.673298612236976624e-03
5.782834254205226898e-03
5.820523947477340698e-03
5.752235651016235352e-03
5.849711596965789795e-03
5.858128890395164490e-03
5.898716393858194351e-03
5.583541002124547958e-03
5.564181134104728699e-03
5.835667718201875687e-03
5.518945865333080292e-03
5.559210199862718582e-03
5.755383521318435669e-03
5.722052883356809616e-03
5.540170706808567047e-03
5.678729154169559479e-03
5.522615276277065277e-03
5.586315412074327469e-03
5.826903041452169418e-03
5.588035099208354950e-03
5.701539572328329086e-03
5.716589745134115219e-03
5.775541067123413086e-03
5.657981149852275848e-03
5.620468407869338989e-03
5.701439455151557922e-03
5.569371394813060760e-03
5.678675137460231781e-03
5.707670934498310089e-03
5.771169438958168030e-03
5.864533130079507828e-03
5.575801711529493332e-03
5.665863398462533951e-03
5.626901518553495407e-03
5.593854933977127075e-03
5.742083303630352020e-03
5.635831505060195923e-03
5.654425825923681259e-03
5.618536379188299179e-03
5.583252292126417160e-03
5.841207690536975861e-03
5.711486097425222397e-03
5.872600711882114410e-03
5.664221942424774170e-03
5.649069789797067642e-03
5.693618673831224442e-03
5.726874340325593948e-03
5.697182379662990570e-03
5.694487132132053375e-03
5.594119429588317871e-03
5.636280402541160583e-03
5.543589126318693161e-03
5.528579000383615494e-03
5.883518606424331665e-03
5.581063218414783478e-03
5.760589614510536194e-03
5.830265115946531296e-03
5.821292288601398468e-03
5.610333755612373352e-03
5.559102166444063187e-03
5.613400600850582123e-03
5.702382419258356094e-03
5.784165579825639725e-03
5.575325805693864822e-03
5.522220861166715622e-03
5.583263467997312546e-03
5.525448359549045563e-03
5.804505664855241776e-03
5.707071162760257721e-03
5.530658643692731857e-03
5.516579374670982361e-03
5.612977314740419388e-03
5.907758604735136032e-03
5.647094920277595520e-03
5.686005577445030212e-03
5.656817462295293808e-03
5.616242066025733948e-03
5.781459622085094452e-03
5.588176194578409195e-03
5.614596419036388397e-03
5.699887871742248535e-03
5.596292205154895782e-03
5.575652234256267548e-03
5.710330326110124588e-03
5.580375902354717255e-03
5.607854109257459641e-03
5.716696847230195999e-03
5.684862378984689713e-03
5.613483954221010208e-03
5.541763734072446823e-03
5.605255253612995148e-03
5.790704395622014999e-03
5.757988430559635162e-03
5.815156735479831696e-03
5.821498110890388489e-03
6.197735667228698730e-03
5.802473518997430801e-03
5.521513987332582474e-03
5.622246768325567245e-03
5.607201717793941498e-03
5.871969740837812424e-03
5.767394322901964188e-03
5.620582029223442078e-03
5.740408319979906082e-03
5.768488161265850067e-03
5.720597691833972931e-03
5.543022416532039642e-03
5.516654346138238907e-03
5.678669083863496780e-03
5.562430713325738907e-03
5.585918668657541275e-03
5.661406554281711578e-03
5.592022556811571121e-03
5.947723519057035446e-03
5.752680823206901550e-03
6.236414425075054169e-03
5.538858007639646530e-03
5.860716570168733597e-03
5.652789957821369171e-03
5.773572716861963272e-03
5.735705140978097916e-03
5.631282459944486618e-03
5.733571015298366547e-03
5.511816591024398804e-03
5.509224720299243927e-03
5.953113082796335220e-03
5.883703008294105530e-03
5.704182200133800507e-03
5.517037585377693176e-03
5.674695130437612534e-03
5.614801775664091110e-03
5.519262515008449554e-03
5.684892646968364716e-03
5.641959607601165771e-03
5.557541269809007645e-03
5.556690972298383713e-03
5.680425092577934265e-03
5.529981572180986404e-03
5.602959543466567993e-03
5.731172394007444382e-03
5.746662616729736328e-03
6.005966570228338242e-03
5.609055981040000916e-03
5.731808487325906754e-03
5.663650110363960266e-03
5.649390630424022675e-03
5.577123723924160004e-03
5.943835712969303131e-03
5.487759597599506378e-03
5.570986308157444000e-03
5.575654096901416779e-03
5.713033489882946014e-03
5.587432067841291428e-03
5.785976536571979523e-03
5.640625488013029099e-03
5.563281476497650146e-03
5.554154515266418457e-03
5.542632192373275757e-03
5.602578632533550262e-03
5.944529548287391663e-03
5.584982689470052719e-03
5.850418936461210251e-03
5.659117829054594040e-03
5.904250312596559525e-03
6.198896095156669617e-03
5.633048713207244873e-03
5.726188886910676956e-03
5.714732222259044647e-03
5.721806548535823822e-03
5.524165462702512741e-03
5.615293048322200775e-03
5.558795295655727386e-03
5.641364958137273788e-03
5.534591153264045715e-03
6.353306584060192108e-03
5.982453003525733948e-03
5.907050799578428268e-03
5.509855691343545914e-03
5.517271347343921661e-03
5.569288507103919983e-03
5.758607760071754456e-03
5.558250006288290024e-03
5.556906573474407196e-03
5.695739295333623886e-03
5.539236590266227722e-03
5.692695733159780502e-03
5.903961136937141418e-03
5.645147059112787247e-03
5.817077122628688812e-03
5.890764761716127396e-03
5.740263964980840683e-03
5.811037030071020126e-03
5.997739732265472412e-03
5.846310872584581375e-03
5.820597521960735321e-03
5.824521649628877640e-03
5.947247613221406937e-03
5.607594270259141922e-03
5.592511966824531555e-03
5.692884791642427444e-03
5.555038340389728546e-03
5.603857338428497314e-03
5.647208541631698608e-03
5.635647568851709366e-03
5.571565125137567520e-03
5.529098212718963623e-03
5.960144568234682083e-03
5.545900668948888779e-03
5.496148485690355301e-03
5.823584273457527161e-03
5.737714003771543503e-03
5.552191752940416336e-03
5.807659123092889786e-03
5.688433069735765457e-03
5.840566474944353104e-03
5.987285170704126358e-03
5.817756056785583496e-03
5.685496143996715546e-03
5.487040150910615921e-03
5.822136066854000092e-03
5.883621517568826675e-03
5.649119615554809570e-03
5.905644502490758896e-03
5.788165144622325897e-03
5.693809129297733307e-03
5.632978398352861404e-03
5.580541677772998810e-03
5.638011731207370758e-03
5.576835479587316513e-03
5.918447859585285187e-03
5.834153387695550919e-03
5.765592679381370544e-03
5.794542841613292694e-03
6.038291845470666885e-03
6.038606166839599609e-03
6.125899497419595718e-03
5.567072890698909760e-03
5.651304498314857483e-03
6.049499846994876862e-03
5.658000707626342773e-03
5.775748752057552338e-03
5.761880893260240555e-03
5.949377547949552536e-03
5.508814472705125809e-03
5.877386312931776047e-03
5.550379864871501923e-03
5.908089689910411835e-03
5.643202923238277435e-03
5.602584220468997955e-03
5.563095211982727051e-03
5.635111592710018158e-03
5.609021056443452835e-03
5.821437574923038483e-03
5.895810201764106750e-03
5.477882456034421921e-03
5.602594465017318726e-03
5.724089685827493668e-03
5.674095824360847473e-03
5.577319301664829254e-03
5.514652933925390244e-03
6.163206882774829865e-03
5.574849899858236313e-03
5.569803994148969650e-03
5.842667538672685623e-03
5.777508020401000977e-03
5.953115411102771759e-03
5.674709565937519073e-03
5.617682356387376785e-03
5.560270976275205612e-03
5.740163382142782211e-03
5.539588630199432373e-03
5.577491596341133118e-03
5.747068207710981369e-03
5.542591679841279984e-03
5.515006836503744125e-03
5.714154336601495743e-03
6.106073968112468719e-03
5.842604208737611771e-03
5.677589215338230133e-03
5.534905940294265747e-03
5.603232420980930328e-03
5.710895173251628876e-03
5.624586716294288635e-03
5.671130958944559097e-03
5.812044721096754074e-03
5.491210613399744034e-03
5.541659891605377197e-03
5.908811464905738831e-03
5.657234694808721542e-03
5.635688547044992447e-03
5.550268106162548065e-03
5.790019873529672623e-03
5.491343792527914047e-03
5.636088550090789795e-03
5.819107405841350555e-03
5.751810502260923386e-03
5.524467676877975464e-03
5.671290680766105652e-03
5.948624107986688614e-03
5.691382102668285370e-03
5.499619524925947189e-03
5.716722924262285233e-03
5.539405159652233124e-03
5.599594209343194962e-03
5.669843405485153198e-03
5.788988433778285980e-03
5.807318259030580521e-03
5.610060878098011017e-03
5.688737612217664719e-03
5.663922522217035294e-03
5.666822660714387894e-03
5.750034935772418976e-03
5.601037293672561646e-03
5.771594122052192688e-03
5.657058209180831909e-03
5.559050478041172028e-03
5.577112082391977310e-03
5.589133128523826599e-03
5.781800486147403717e-03
5.591347813606262207e-03
5.588607862591743469e-03
5.534549243748188019e-03
5.556086543947458267e-03
5.518050864338874817e-03
5.706454627215862274e-03
5.808601155877113342e-03
5.564553197473287582e-03
5.775650963187217712e-03
5.947960074990987778e-03
5.662286188453435898e-03
5.731242243200540543e-03
6.085272878408432007e-03
6.129833869636058807e-03
5.645061843097209930e-03
5.605792161077260971e-03
5.623751785606145859e-03
5.652084480971097946e-03
5.483685061335563660e-03
5.708006676286458969e-03
5.638390779495239258e-03
5.685201846063137054e-03
5.709606222808361053e-03
5.578595213592052460e-03
5.586969666182994843e-03
5.667490884661674500e-03
5.633142776787281036e-03
5.754563957452774048e-03
5.905160680413246155e-03
5.704000592231750488e-03
6.057867780327796936e-03
5.503888707607984543e-03
5.779779050499200821e-03
5.605407990515232086e-03
5.533251445740461349e-03
5.620375275611877441e-03
5.746848881244659424e-03
5.822595674544572830e-03
5.580022931098937988e-03
5.556627176702022552e-03
5.543789360672235489e-03
5.763708613812923431e-03
5.600799340754747391e-03
5.536332260817289352e-03
5.962767638266086578e-03
5.653237923979759216e-03
5.643554497510194778e-03
5.700602196156978607e-03
5.513170734047889709e-03
5.786170251667499542e-03
5.514601711183786392e-03
5.582073237746953964e-03
5.720982793718576431e-03
5.679777357727289200e-03
5.914676003158092499e-03
5.718930624425411224e-03
5.537312477827072144e-03
5.603584460914134979e-03
5.524288862943649292e-03
5.644407588988542557e-03
5.527271423488855362e-03
5.593348760157823563e-03
5.650515668094158173e-03
5.673781037330627441e-03
5.697715096175670624e-03
5.686407908797264099e-03
5.602886900305747986e-03
5.598029121756553650e-03
5.749221425503492355e-03
5.800618324428796768e-03
5.817953031510114670e-03
5.599433090537786484e-03
5.643940996378660202e-03
5.703158676624298096e-03
5.856933072209358215e-03
5.780545994639396667e-03
5.677908658981323242e-03
5.663875024765729904e-03
5.619462113827466965e-03
5.665467586368322372e-03
5.724042188376188278e-03
5.809812806546688080e-03
5.742543842643499374e-03
5.637536756694316864e-03
5.694895517081022263e-03
5.502735730260610580e-03
5.783137865364551544e-03
5.500851664692163467e-03
5.598462652415037155e-03
5.518502555787563324e-03
5.781419575214385986e-03
5.587733350694179535e-03
5.575345363467931747e-03
5.833395291119813919e-03
5.615334957838058472e-03
5.555409472435712814e-03
5.498418118804693222e-03
5.817587487399578094e-03
5.901595111936330795e-03
5.590713117271661758e-03
5.468654911965131760e-03
5.526748485863208771e-03
5.540920421481132507e-03
5.665737204253673553e-03
5.735703278332948685e-03
5.669163540005683899e-03
5.594392772763967514e-03
5.674434825778007507e-03
5.727310199290513992e-03
5.553637165576219559e-03
5.631468258798122406e-03
5.482315551489591599e-03
5.856272298842668533e-03
5.567693151533603668e-03
5.631701555103063583e-03
5.727799143642187119e-03
5.644336808472871780e-03
5.624428857117891312e-03
5.621500778943300247e-03
5.621897056698799133e-03
5.531586706638336182e-03
5.749831441789865494e-03
5.591447930783033371e-03
5.800884217023849487e-03
5.747299641370773315e-03
5.676934495568275452e-03
5.593994166702032089e-03
5.507211200892925262e-03
5.684175528585910797e-03
5.682983435690402985e-03
5.680132191628217697e-03
5.959142465144395828e-03
5.661836359649896622e-03
5.685030017048120499e-03
5.646554753184318542e-03
5.563491024076938629e-03
5.558223929256200790e-03
5.811438895761966705e-03
5.652640014886856079e-03
6.020557601004838943e-03
6.162127479910850525e-03
5.751879420131444931e-03
5.716857500374317169e-03
5.674947053194046021e-03
5.619630683213472366e-03
5.562026984989643097e-03
5.607466213405132294e-03
5.547405220568180084e-03
5.746677983552217484e-03
5.508542526513338089e-03
5.811255890876054764e-03
5.518762860447168350e-03
5.632363725453615189e-03
5.647963378578424454e-03
5.553106311708688736e-03
5.652091931551694870e-03
5.999154876917600632e-03
5.578714888542890549e-03
5.913901142776012421e-03
5.547804757952690125e-03
5.516177043318748474e-03
5.679404363036155701e-03
5.591860506683588028e-03
5.527958273887634277e-03
5.609932821244001389e-03
5.495120305567979813e-03
5.600024014711380005e-03
5.577194038778543472e-03
5.828206893056631088e-03
5.745135247707366943e-03
5.554087925702333450e-03
5.709755234420299530e-03
5.493615753948688507e-03
5.502905230969190598e-03
5.733811296522617340e-03
5.952074658125638962e-03
5.656526423990726471e-03
5.620263051241636276e-03
5.506925284862518311e-03
5.761083215475082397e-03
5.661344155669212341e-03
6.073980126529932022e-03
5.595998372882604599e-03
5.675379186868667603e-03
5.661632400006055832e-03
5.598539952188730240e-03
5.848708562552928925e-03
5.609503481537103653e-03
5.540262442082166672e-03
5.928197409957647324e-03
5.490782670676708221e-03
5.875366739928722382e-03
5.669132340699434280e-03
5.648062098771333694e-03
5.761133041232824326e-03
5.551746580749750137e-03
5.533643066883087158e-03
5.686622112989425659e-03
5.622816272079944611e-03
5.826352629810571671e-03
5.637872498482465744e-03
5.651419050991535187e-03
5.497561302036046982e-03
5.700781475752592087e-03
5.695413798093795776e-03
5.749027710407972336e-03
5.572103429585695267e-03
5.563741549849510193e-03
5.698767025023698807e-03
5.597886163741350174e-03
5.638727918267250061e-03
5.625818390399217606e-03
5.625494290143251419e-03
5.678796209394931793e-03
5.607446655631065369e-03
5.880027543753385544e-03
5.704167764633893967e-03
5.729230120778083801e-03
5.618341732770204544e-03
5.588067229837179184e-03
5.890657659620046616e-03
5.529399495571851730e-03
5.679542664438486099e-03
5.722037050873041153e-03
5.758744664490222931e-03
5.679439287632703781e-03
5.627105943858623505e-03
5.689350422471761703e-03
5.922334268689155579e-03
5.587995983660221100e-03
5.550024099647998810e-03
5.723710171878337860e-03
5.658928304910659790e-03
5.514040589332580566e-03
5.589586682617664337e-03
5.588448140770196915e-03
5.997414235025644302e-03
5.602784454822540283e-03
5.621041171252727509e-03
5.740942899137735367e-03
5.659283138811588287e-03
5.633566994220018387e-03
5.554435309022665024e-03
5.640077870339155197e-03
5.760938860476016998e-03
5.860141478478908539e-03
5.719532724469900131e-03
5.555328913033008575e-03
5.659811664372682571e-03
5.707802250981330872e-03
5.662873852998018265e-03
5.716490093618631363e-03
5.626820959150791168e-03
5.756521597504615784e-03
5.670874379575252533e-03
5.838690325617790222e-03
5.641510710120201111e-03
5.734127946197986603e-03
5.720967426896095276e-03
5.689471494406461716e-03
5.573125090450048447e-03
5.687078461050987244e-03
5.568815395236015320e-03
5.721119232475757599e-03
5.783872678875923157e-03
5.985565949231386185e-03
5.647554993629455566e-03
5.540073849260807037e-03
5.616142414510250092e-03
5.616695620119571686e-03
5.748617462813854218e-03
5.578316748142242432e-03
5.584605969488620758e-03
5.500322673469781876e-03
5.532978102564811707e-03
5.657318048179149628e-03
5.513208918273448944e-03
5.815229378640651703e-03
5.538273602724075317e-03
5.554951727390289307e-03
5.784834735095500946e-03
5.573153495788574219e-03
5.766624584794044495e-03
5.625553429126739502e-03
5.586243234574794769e-03
5.529757123440504074e-03
5.521825514733791351e-03
5.680144764482975006e-03
5.907048471271991730e-03
5.592599045485258102e-03
6.326641887426376343e-03
6.013363599777221680e-03
5.704075563699007034e-03
5.601724609732627869e-03
5.599296651780605316e-03
5.628940183669328690e-03
5.597983021289110184e-03
5.783314816653728485e-03
5.559794139117002487e-03
5.499377381056547165e-03
5.672972183674573898e-03
5.636387970298528671e-03
5.634110420942306519e-03
5.517792422324419022e-03
5.659581162035465240e-03
5.572276189923286438e-03
5.639673676341772079e-03
5.568753462284803391e-03
5.511527881026268005e-03
5.634389817714691162e-03
5.479137878865003586e-03
5.599842406809329987e-03
5.789294838905334473e-03
5.758413579314947128e-03
5.624566692858934402e-03
5.596478004008531570e-03
5.494622513651847839e-03
5.520186852663755417e-03
5.988386459648609161e-03
5.749851930886507034e-03
5.671826656907796860e-03
5.678955931216478348e-03
5.742940586060285568e-03
5.783255677670240402e-03
5.965698510408401489e-03
5.669996608048677444e-03
5.499395076185464859e-03
5.676237866282463074e-03
5.677592940628528595e-03
5.657035857439041138e-03
5.685166921466588974e-03
5.677721463143825531e-03
5.641882773488759995e-03
5.550583824515342712e-03
5.574151873588562012e-03
5.635243840515613556e-03
5.639285780489444733e-03
5.541389342397451401e-03
6.028219591826200485e-03
5.649324506521224976e-03
5.513119511306285858e-03
5.548675544559955597e-03
6.086414214223623276e-03
5.558455828577280045e-03
5.582609679549932480e-03
5.884762853384017944e-03
5.514576565474271774e-03
5.977553781121969223e-03
5.502021871507167816e-03
5.669703241437673569e-03
5.893207620829343796e-03
5.540129728615283966e-03
5.863768048584461212e-03
5.629575811326503754e-03
5.683520343154668808e-03
5.896215792745351791e-03
5.689515732228755951e-03
5.662937648594379425e-03
5.543260835111141205e-03
5.669907201081514359e-03
5.521581973880529404e-03
5.607741419225931168e-03
5.634442437440156937e-03
5.558693781495094299e-03
5.752453114837408066e-03
5.530464928597211838e-03
6.006187293678522110e-03
5.816449411213397980e-03
5.689593032002449036e-03
5.535384640097618103e-03
5.660284310579299927e-03
5.540426820516586304e-03
5.582419224083423615e-03
5.823219660669565201e-03
5.629036575555801392e-03
5.519032478332519531e-03
5.605148151516914368e-03
5.820197053253650665e-03
6.242902949452400208e-03
5.615705624222755432e-03
5.611313041299581528e-03
5.483130924403667450e-03
5.525439511984586716e-03
5.689480807632207870e-03
5.586673505604267120e-03
5.836814641952514648e-03
5.742503795772790909e-03
5.684566218405961990e-03
5.800688173621892929e-03
5.548244342207908630e-03
5.643961951136589050e-03
5.673436913639307022e-03
5.555612035095691681e-03
5.751809570938348770e-03
5.650370847433805466e-03
5.669169127941131592e-03
5.682874005287885666e-03
5.563886370509862900e-03
5.471964832395315170e-03
5.826110485941171646e-03
5.567331332713365555e-03
5.732637830078601837e-03
5.623884964734315872e-03
5.538334138691425323e-03
5.915299523621797562e-03
5.531430710107088089e-03
5.677623208612203598e-03
5.654751323163509369e-03
5.707859061658382416e-03
6.084499415010213852e-03
5.596663337200880051e-03
6.006982643157243729e-03
5.683035124093294144e-03
5.658434703946113586e-03
5.645934026688337326e-03
5.629575345665216446e-03
5.597532261162996292e-03
5.550407338887453079e-03
5.682763177901506424e-03
5.675794091075658798e-03
5.601563490927219391e-03
5.681715905666351318e-03
5.788116715848445892e-03
5.850995890796184540e-03
5.732939578592777252e-03
5.809135735034942627e-03
5.568911321461200714e-03
5.647271405905485153e-03
5.701408721506595612e-03
5.769488401710987091e-03
5.721703171730041504e-03
5.564168561249971390e-03
5.543231964111328125e-03
5.635379813611507416e-03
5.648760125041007996e-03
5.524312146008014679e-03
5.816145800054073334e-03
5.515862256288528442e-03
5.649119615554809570e-03
5.501834210008382797e-03
5.567859392613172531e-03
5.490842275321483612e-03
5.632678978145122528e-03
5.732136312872171402e-03
5.689545534551143646e-03
5.564893595874309540e-03
5.696786567568778992e-03
6.088997703045606613e-03
5.824439227581024170e-03
5.620932206511497498e-03
5.652940832078456879e-03
5.686536896973848343e-03
5.607240367680788040e-03
5.569895729422569275e-03
5.477184429764747620e-03
5.722499452531337738e-03
5.602538585662841797e-03
5.623527802526950836e-03
5.500111263245344162e-03
5.811437033116817474e-03
5.640382412821054459e-03
6.080827675759792328e-03
5.913513712584972382e-03
5.602697841823101044e-03
5.564060062170028687e-03
5.710549652576446533e-03
5.690810736268758774e-03
5.747997201979160309e-03
5.493795499205589294e-03
6.108796223998069763e-03
5.606759339570999146e-03
5.570480599999427795e-03
5.500723142176866531e-03
5.625204648822546005e-03
5.584672559052705765e-03
6.137122400104999542e-03
5.582069978117942810e-03
5.612526554614305496e-03
5.461855325847864151e-03
5.506637040525674820e-03
5.601326003670692444e-03
5.606429185718297958e-03
5.786078050732612610e-03
5.830186419188976288e-03
5.763111636042594910e-03
5.546214058995246887e-03
5.770921241492033005e-03
5.686990451067686081e-03
5.906589329242706299e-03
5.629057064652442932e-03
5.965795833617448807e-03
5.563357844948768616e-03
5.597630515694618225e-03
5.651187617331743240e-03
5.555129144340753555e-03
5.561386235058307648e-03
5.488106515258550644e-03
5.485504399985074997e-03
5.718291271477937698e-03
5.687140394002199173e-03
5.665807984769344330e-03
5.605764687061309814e-03
5.588049069046974182e-03
5.785171408206224442e-03
5.567044485360383987e-03
5.482597742229700089e-03
5.527220666408538818e-03
5.743746180087327957e-03
5.514679942280054092e-03
5.738109815865755081e-03
5.609075538814067841e-03
5.692371632903814316e-03
5.491726566106081009e-03
5.798666272312402725e-03
5.651533138006925583e-03
5.568599794059991837e-03
5.697614513337612152e-03
5.723768379539251328e-03
6.084302440285682678e-03
5.544218234717845917e-03
5.605224054306745529e-03
5.663140211254358292e-03
6.043213885277509689e-03
5.571788176894187927e-03
5.519052967429161072e-03
5.596269387751817703e-03
5.599945783615112305e-03
5.606224760413169861e-03
5.535088479518890381e-03
5.645452532917261124e-03
5.784789100289344788e-03
6.335038691759109497e-03
5.994101520627737045e-03
5.735474172979593277e-03
5.560499150305986404e-03
5.895646288990974426e-03
5.585167091339826584e-03
5.658663809299468994e-03
5.854986142367124557e-03
5.612045992165803909e-03
5.647847428917884827e-03
5.796841811388731003e-03
5.674636922776699066e-03
5.570623558014631271e-03
6.196619477123022079e-03
6.526941899210214615e-03
5.795084871351718903e-03
6.023779511451721191e-03
5.700904410332441330e-03
5.723041947931051254e-03
5.749275442212820053e-03
5.575718823820352554e-03
5.683635827153921127e-03
5.592710338532924652e-03
5.576326511800289154e-03
5.522723775357007980e-03
5.796122364699840546e-03
5.584497936069965363e-03
5.807037930935621262e-03
5.915939342230558395e-03
5.594030488282442093e-03
5.937554873526096344e-03
5.626889877021312714e-03
5.716855637729167938e-03
5.696299020200967789e-03
5.684438161551952362e-03
5.497168283909559250e-03
5.576651077717542648e-03
5.679439287632703781e-03
5.664255470037460327e-03
5.536669865250587463e-03
5.899802315980195999e-03
5.578498356044292450e-03
5.855560768395662308e-03
5.667368415743112564e-03
5.463609471917152405e-03
5.611738655716180801e-03
5.713808350265026093e-03
5.674143321812152863e-03
5.482397507876157761e-03
5.533265415579080582e-03
5.580987781286239624e-03
5.707210395485162735e-03
5.699357017874717712e-03
5.780904553830623627e-03
5.730463657528162003e-03
5.553837399929761887e-03
5.787235684692859650e-03
5.706786178052425385e-03
5.512936506420373917e-03
5.790872499346733093e-03
5.837656091898679733e-03
5.903975572437047958e-03
5.706052761524915695e-03
5.473630037158727646e-03
5.558096803724765778e-03
5.629033315926790237e-03
5.651906598359346390e-03
5.807077977806329727e-03
5.659422371536493301e-03
5.766844842582941055e-03
5.603855010122060776e-03
5.483837798237800598e-03
5.622413475066423416e-03
5.518537946045398712e-03
5.633980501443147659e-03
5.677067674696445465e-03
5.630881525576114655e-03
5.511043593287467957e-03
5.547188688069581985e-03
5.767062772065401077e-03
5.459138192236423492e-03
5.565578583627939224e-03
5.572298541665077209e-03
5.799209233373403549e-03
5.620066542178392410e-03
5.515614058822393417e-03
5.517609883099794388e-03
5.557148717343807220e-03
5.597151815891265869e-03
5.508981645107269287e-03
5.688435398042201996e-03
5.623371805995702744e-03
5.474714096635580063e-03
5.505358800292015076e-03
5.554187577217817307e-03
5.642749369144439697e-03
5.682646296918392181e-03
5.711121950298547745e-03
6.279340013861656189e-03
5.636709742248058319e-03
5.622117314487695694e-03
5.907279439270496368e-03
6.047039758414030075e-03
5.632996559143066406e-03
5.708883516490459442e-03
5.551262293010950089e-03
5.641222931444644928e-03
5.837205797433853149e-03
5.729397758841514587e-03
5.741741042584180832e-03
5.595807917416095734e-03
5.679471418261528015e-03
5.564369726926088333e-03
5.625543650239706039e-03
5.568080581724643707e-03
5.603809840977191925e-03
5.671059712767601013e-03
5.627331323921680450e-03
5.656669847667217255e-03
5.647126585245132446e-03
5.574366543442010880e-03
5.681751761585474014e-03
6.057962309569120407e-03
5.523797590285539627e-03
5.714983213692903519e-03
5.578271113336086273e-03
5.555273965001106262e-03
5.637938622385263443e-03
5.499189719557762146e-03
5.918656010180711746e-03
5.778403487056493759e-03
5.609856918454170227e-03
5.506238434463739395e-03
6.058326922357082367e-03
5.665544420480728149e-03
5.672753322869539261e-03
5.597929470241069794e-03
5.747214891016483307e-03
5.757424980401992798e-03
5.633297841995954514e-03
5.790039896965026855e-03
5.877244286239147186e-03
5.518891382962465286e-03
5.586668383330106735e-03
5.506551358848810196e-03
5.708953365683555603e-03
5.750017706304788589e-03
6.050837226212024689e-03
5.684857722371816635e-03
5.603636149317026138e-03
5.668817088007926941e-03
5.693652201443910599e-03
5.553282331675291061e-03
5.507338326424360275e-03
5.486501846462488174e-03
5.501196254044771194e-03
5.988005083054304123e-03
5.860386416316032410e-03
5.671525374054908752e-03
5.531943403184413910e-03
5.839641671627759933e-03
5.546687170863151550e-03
5.677582696080207825e-03
5.582660436630249023e-03
5.742454901337623596e-03
5.595973692834377289e-03
5.807116162031888962e-03
5.756576079875230789e-03
5.799490492790937424e-03
5.568961147218942642e-03
5.882326979190111160e-03
5.735037382692098618e-03
5.867587868124246597e-03
5.676788277924060822e-03
5.592190194875001907e-03
5.481865257024765015e-03
5.550759844481945038e-03
5.536849144846200943e-03
5.458584055304527283e-03
5.478052422404289246e-03
5.787126254290342331e-03
5.614710971713066101e-03
5.671083927154541016e-03
5.535279400646686554e-03
5.912619642913341522e-03
5.497002042829990387e-03
5.656405352056026459e-03
5.520731210708618164e-03
6.056305486708879471e-03
6.517023313790559769e-03
5.555679555982351303e-03
5.480496212840080261e-03
5.749816074967384338e-03
5.732756108045578003e-03
5.504360422492027283e-03
5.643196403980255127e-03
5.610011052340269089e-03
5.545145832002162933e-03
5.528717301785945892e-03
5.801199004054069519e-03
5.911214742809534073e-03
5.529908463358879089e-03
5.587702151387929916e-03
5.734778009355068207e-03
5.605457350611686707e-03
5.457394756376743317e-03
5.571031477302312851e-03
5.563908256590366364e-03
5.576478783041238785e-03
5.676117725670337677e-03
5.545959807932376862e-03
5.982709582895040512e-03
5.683791358023881912e-03
5.807510111480951309e-03
5.493828095495700836e-03
5.647357553243637085e-03
5.728806834667921066e-03
5.548680201172828674e-03
5.574865266680717468e-03
5.588294938206672668e-03
5.632996093481779099e-03
5.660477094352245331e-03
5.612497683614492416e-03
5.599540192633867264e-03
5.539915058761835098e-03
5.787422414869070053e-03
5.451704841107130051e-03
5.651541519910097122e-03
5.645497702062129974e-03
5.692059639841318130e-03
5.662749987095594406e-03
5.490861367434263229e-03
5.716880783438682556e-03
5.486954469233751297e-03
5.620720796287059784e-03
5.797659512609243393e-03
5.755492951720952988e-03
5.638850852847099304e-03
5.765520036220550537e-03
5.848153028637170792e-03
5.557487718760967255e-03
5.688102450221776962e-03
5.888322833925485611e-03
5.676941946148872375e-03
5.539085250347852707e-03
5.567336454987525940e-03
5.506202578544616699e-03
5.530417896807193756e-03
5.582864396274089813e-03
5.592851899564266205e-03
5.494179669767618179e-03
5.486851092427968979e-03
5.631798878312110901e-03
5.543539766222238541e-03
5.471673794090747833e-03
5.635732784867286682e-03
5.863928236067295074e-03
5.718324799090623856e-03
5.645128432661294937e-03
5.639804992824792862e-03
5.495494697242975235e-03
5.527502391487360001e-03
5.472070071846246719e-03
5.647432990372180939e-03
5.690307822078466415e-03
5.956734996289014816e-03
5.713362246751785278e-03
5.723564419895410538e-03
5.618872120976448059e-03
5.935366731137037277e-03
5.872997455298900604e-03
5.941851995885372162e-03
5.645220167934894562e-03
5.589433014392852783e-03
5.767819471657276154e-03
5.539045669138431549e-03
5.480508320033550262e-03
5.658127833157777786e-03
5.632988177239894867e-03
5.789407063275575638e-03
5.558379460126161575e-03
5.605225451290607452e-03
5.824794527143239975e-03
5.562820006161928177e-03
5.817526951432228088e-03
5.755390506237745285e-03
5.646748468279838562e-03
5.612017121165990829e-03
5.566315725445747375e-03
5.513589829206466675e-03
5.726991221308708191e-03
5.578818265348672867e-03
6.231459323316812515e-03
5.682192742824554443e-03
5.678080022335052490e-03
5.493065342307090759e-03
5.649125203490257263e-03
5.686340853571891785e-03
5.615896545350551605e-03
5.587716121226549149e-03
5.511780269443988800e-03
5.875997245311737061e-03
5.562008358538150787e-03
5.572079680860042572e-03
5.488944705575704575e-03
5.542735569179058075e-03
5.774660035967826843e-03
5.784630775451660156e-03
5.592213012278079987e-03
5.522400140762329102e-03
5.716356914490461349e-03
5.530574824661016464e-03
5.838946439325809479e-03
5.747562739998102188e-03
5.544036161154508591e-03
5.889821797609329224e-03
5.912068299949169159e-03
5.565799772739410400e-03
5.541167687624692917e-03
5.530001595616340637e-03
5.514644552022218704e-03
5.816488992422819138e-03
5.676969420164823532e-03
5.627961829304695129e-03
5.593473557382822037e-03
6.051106378436088562e-03
6.059383042156696320e-03
5.660196300595998764e-03
5.692621227353811264e-03
6.068054120987653732e-03
5.592910107225179672e-03
5.536925513297319412e-03
5.760429892688989639e-03
5.569334607571363449e-03
5.453207064419984818e-03
5.774570629000663757e-03
5.617645569145679474e-03
5.523775704205036163e-03
5.627651698887348175e-03
5.890164524316787720e-03
5.682856775820255280e-03
5.524174310266971588e-03
5.628708284348249435e-03
5.582572892308235168e-03
5.591101013123989105e-03
5.711616016924381256e-03
5.578301846981048584e-03
5.707622505724430084e-03
5.643895361572504044e-03
5.755818914622068405e-03
5.444973241537809372e-03
5.623956676572561264e-03
5.528914276510477066e-03
5.693445913493633270e-03
5.514922086149454117e-03
5.548172630369663239e-03
5.669542588293552399e-03
5.653283093124628067e-03
5.604335106909275055e-03
5.559911485761404037e-03
5.546970758587121964e-03
5.555239040404558182e-03
5.809152498841285706e-03
5.892849527299404144e-03
5.664155818521976471e-03
5.681081674993038177e-03
5.813406780362129211e-03
6.106397602707147598e-03
5.648129153996706009e-03
5.545797757804393768e-03
5.544399376958608627e-03
5.664647091180086136e-03
5.475962068885564804e-03
5.660501308739185333e-03
5.458246916532516479e-03
5.533204879611730576e-03
5.792372860014438629e-03
5.574225913733243942e-03
5.639648064970970154e-03
6.001112051308155060e-03
5.796727724373340607e-03
5.854520015418529510e-03
5.608866456896066666e-03
5.612124688923358917e-03
5.548586603254079819e-03
5.665270611643791199e-03
6.300116889178752899e-03
5.480048712342977524e-03
5.939323455095291138e-03
5.886868108063936234e-03
5.845069419592618942e-03
5.490299779921770096e-03
5.621981341391801834e-03
5.447990261018276215e-03
5.793530493974685669e-03
5.771301686763763428e-03
5.575290415436029434e-03
5.611307919025421143e-03
5.655010230839252472e-03
5.607265047729015350e-03
5.606770981103181839e-03
5.533883348107337952e-03
5.643607117235660553e-03
5.620329175144433975e-03
5.903081968426704407e-03
5.758187733590602875e-03
5.624483805149793625e-03
5.900504533201456070e-03
5.751566030085086823e-03
5.432280246168375015e-03
5.807254929095506668e-03
5.705696996301412582e-03
5.586661864072084427e-03
5.542364902794361115e-03
5.456177052110433578e-03
5.495125893503427505e-03
5.568524822592735291e-03
6.013481412082910538e-03
5.530687514692544937e-03
5.596426781266927719e-03
5.567002110183238983e-03
5.552863702178001404e-03
5.596036091446876526e-03
5.855525843799114227e-03
5.723421461880207062e-03
5.611968226730823517e-03
5.566323176026344299e-03
5.586985033005475998e-03
5.548044107854366302e-03
5.614861380308866501e-03
5.600193049758672714e-03
5.466367118060588837e-03
5.448272917419672012e-03
5.522318184375762939e-03
5.525867920368909836e-03
5.551063921302556992e-03
5.711039062589406967e-03
5.605995189398527145e-03
5.550061352550983429e-03
5.663609597831964493e-03
5.673551466315984726e-03
5.614261142909526825e-03
5.882927216589450836e-03
5.817156750708818436e-03
5.643185693770647049e-03
6.051847245544195175e-03
5.582340061664581299e-03
5.561974830925464630e-03
5.681439302861690521e-03
5.670714192092418671e-03
5.573786329478025436e-03
5.535828415304422379e-03
5.487756337970495224e-03
5.587812513113021851e-03
5.567069631069898605e-03
5.503979977220296860e-03
6.102073006331920624e-03
5.581093952059745789e-03
5.577011965215206146e-03
6.021158769726753235e-03
5.530021153390407562e-03
5.619083996862173080e-03
5.556327290832996368e-03
5.554590374231338501e-03
5.806406959891319275e-03
5.670386366546154022e-03
5.542015191167593002e-03
5.609123501926660538e-03
5.804928950965404510e-03
5.657953675836324692e-03
5.579317919909954071e-03
5.585792008787393570e-03
5.468926858156919479e-03
5.514942575246095657e-03
5.633720196783542633e-03
5.599314812570810318e-03
5.607362836599349976e-03
5.482854787260293961e-03
5.606449209153652191e-03
5.479623563587665558e-03
5.588690750300884247e-03
5.629664286971092224e-03
5.606671329587697983e-03
5.495155695825815201e-03
5.527168978005647659e-03
5.522506777197122574e-03
5.455484148114919662e-03
5.571539513766765594e-03
5.498960148543119431e-03
5.658905021846294403e-03
5.495366174727678299e-03
5.562349688261747360e-03
5.601942539215087891e-03
5.505871959030628204e-03
5.830820184201002121e-03
5.861035548150539398e-03
5.582342855632305145e-03
5.812815390527248383e-03
6.097772624343633652e-03
5.557897500693798065e-03
5.606404040008783340e-03
5.513129290193319321e-03
5.621131509542465210e-03
5.760779604315757751e-03
5.790245719254016876e-03
5.605440121144056320e-03
5.600329022854566574e-03
5.483367014676332474e-03
5.610343534499406815e-03
5.529933609068393707e-03
5.597077775746583939e-03
5.587925203144550323e-03
5.803132429718971252e-03
5.591086577624082565e-03
5.604556296020746231e-03
5.611896980553865433e-03
5.854981020092964172e-03
6.019692402333021164e-03
5.693428218364715576e-03
5.636103916913270950e-03
5.452307872474193573e-03
5.668369587510824203e-03
5.632349755614995956e-03
5.604372825473546982e-03
5.715198814868927002e-03
5.682295188307762146e-03
5.526283755898475647e-03
5.520214326679706573e-03
5.751614458858966827e-03
5.503202322870492935e-03
5.590485874563455582e-03
5.583547521382570267e-03
5.486184731125831604e-03
5.502037238329648972e-03
5.664099473506212234e-03
5.610900465399026871e-03
5.669878795742988586e-03
5.773432087153196335e-03
5.993890576064586639e-03
5.501449108123779297e-03
5.712823476642370224e-03
5.521140061318874359e-03
5.718149244785308838e-03
5.788471084088087082e-03
5.537611898034811020e-03
5.597469396889209747e-03
5.603901110589504242e-03
5.683236755430698395e-03
5.613274406641721725e-03
5.573392845690250397e-03
5.737427622079849243e-03
5.580908618867397308e-03
5.612219218164682388e-03
5.506177432835102081e-03
5.850166548043489456e-03
5.498708225786685944e-03
5.513636395335197449e-03
5.774482619017362595e-03
5.754707381129264832e-03
5.772755015641450882e-03
5.531401373445987701e-03
5.572347901761531830e-03
5.621547810733318329e-03
5.565496161580085754e-03
5.646605510264635086e-03
5.706627387553453445e-03
5.582457873970270157e-03
5.538810044527053833e-03
5.545104853808879852e-03
5.702726542949676514e-03
5.638465285301208496e-03
5.539522971957921982e-03
5.528728943318128586e-03
5.545603111386299133e-03
5.679328925907611847e-03
5.563187412917613983e-03
5.711470264941453934e-03
5.601173266768455505e-03
5.551063921302556992e-03
5.870086140930652618e-03
5.529262125492095947e-03
5.780009552836418152e-03
5.661008413881063461e-03
5.481556523591279984e-03
5.906306207180023193e-03
6.150030065327882767e-03
5.633426830172538757e-03
5.734788719564676285e-03
5.646538920700550079e-03
5.571078043431043625e-03
5.782486870884895325e-03
5.695186555385589600e-03
5.511480383574962616e-03
5.516946781426668167e-03
5.695116706192493439e-03
5.552826449275016785e-03
5.575554911047220230e-03
5.737881641834974289e-03
5.549303255975246429e-03
5.601122975349426270e-03
5.904644262045621872e-03
5.846250336617231369e-03
5.583921913057565689e-03
5.601913668215274811e-03
5.707931239157915115e-03
5.492493510246276855e-03
5.553694441914558411e-03
5.501033738255500793e-03
5.639659706503152847e-03
5.646582692861557007e-03
5.642259027808904648e-03
5.890832748264074326e-03
5.583937279880046844e-03
5.511650815606117249e-03
5.717706866562366486e-03
5.474375095218420029e-03
5.873326212167739868e-03
5.616595968604087830e-03
5.561993923038244247e-03
5.548271350562572479e-03
5.525830201804637909e-03
5.528945941478013992e-03
5.675497464835643768e-03
5.533972289413213730e-03
5.558277945965528488e-03
5.603225901722908020e-03
5.498453043401241302e-03
5.564688239246606827e-03
5.480419844388961792e-03
5.557863507419824600e-03
5.609747953712940216e-03
5.702306516468524933e-03
5.600592121481895447e-03
5.918958690017461777e-03
5.513624288141727448e-03
5.574450828135013580e-03
5.630929488688707352e-03
5.508242174983024597e-03
5.553071387112140656e-03
5.505115725100040436e-03
5.730764940381050110e-03
5.702288355678319931e-03
5.651956424117088318e-03
5.654188338667154312e-03
5.544168874621391296e-03
5.477607715874910355e-03
5.548330489546060562e-03
5.910888314247131348e-03
5.683684255927801132e-03
5.795744247734546661e-03
5.820768885314464569e-03
5.678716115653514862e-03
5.637306720018386841e-03
5.631810054183006287e-03
5.522429477423429489e-03
5.950589664280414581e-03
5.487330257892608643e-03
5.586862564086914062e-03
5.524274893105030060e-03
5.687526427209377289e-03
5.705978255718946457e-03
5.629005376249551773e-03
5.560825113207101822e-03
5.629548802971839905e-03
5.607446655631065369e-03
5.441780667752027512e-03
5.502299871295690536e-03
5.604971200227737427e-03
5.658007692545652390e-03
5.855380557477474213e-03
6.577617954462766647e-03
5.671019665896892548e-03
5.478154402226209641e-03
5.516054108738899231e-03
5.617491900920867920e-03
5.987931042909622192e-03
5.757478065788745880e-03
5.719265900552272797e-03
5.526690743863582611e-03
5.506241228431463242e-03
5.694612860679626465e-03
5.569091998040676117e-03
5.457309074699878693e-03
5.685310345143079758e-03
5.575585179030895233e-03
5.583887454122304916e-03
5.471803247928619385e-03
5.712043028324842453e-03
5.469284951686859131e-03
5.663829389959573746e-03
5.590264219790697098e-03
5.597678944468498230e-03
5.544045008718967438e-03
5.518548190593719482e-03
5.490872543305158615e-03
5.557645577937364578e-03
5.836831871420145035e-03
5.755807273089885712e-03
5.606585182249546051e-03
5.773908924311399460e-03
5.547585897147655487e-03
5.670835264027118683e-03
5.983585957437753677e-03
5.700298584997653961e-03
5.514008458703756332e-03
5.613646935671567917e-03
5.622821860015392303e-03
5.519979167729616165e-03
5.767160560935735703e-03
5.477341357618570328e-03
5.523891653865575790e-03
5.509115755558013916e-03
5.684746429324150085e-03
5.560788791626691818e-03
5.696909036487340927e-03
6.008344236761331558e-03
5.625500809401273727e-03
5.863608326762914658e-03
5.534753203392028809e-03
5.591437686234712601e-03
5.463017616420984268e-03
5.655046086758375168e-03
5.658439826220273972e-03
5.569214932620525360e-03
5.656642839312553406e-03
5.530247464776039124e-03
5.514482967555522919e-03
5.853081122040748596e-03
5.693534854799509048e-03
5.856129340827465057e-03
5.607629194855690002e-03
5.538557656109333038e-03
5.568067077547311783e-03
5.707042757421731949e-03
5.500050727277994156e-03
5.664560478180646896e-03
5.922932643443346024e-03
5.432996898889541626e-03
5.668738856911659241e-03
5.466018803417682648e-03
5.846762098371982574e-03
5.798682104796171188e-03
5.870284046977758408e-03
5.831453017890453339e-03
5.673164036124944687e-03
5.748778581619262695e-03
5.605155602097511292e-03
5.591697990894317627e-03
5.671509075909852982e-03
5.601909942924976349e-03
5.601223558187484741e-03
5.890704691410064697e-03
5.713404156267642975e-03
5.541277583688497543e-03
5.477670114487409592e-03
5.524249281734228134e-03
5.678908899426460266e-03
5.483111366629600525e-03
5.711735226213932037e-03
5.470589734613895416e-03
5.662976298481225967e-03
5.503343418240547180e-03
5.603012163192033768e-03
5.869934335350990295e-03
5.687357392162084579e-03
5.568622145801782608e-03
5.599249619990587234e-03
5.778030026704072952e-03
5.734449252486228943e-03
5.634276196360588074e-03
5.608295090496540070e-03
5.589578300714492798e-03
5.883436650037765503e-03
5.472708027809858322e-03
5.653646308928728104e-03
6.027228198945522308e-03
5.480078514665365219e-03
5.628562066704034805e-03
5.542566534131765366e-03
5.846018902957439423e-03
5.487957969307899475e-03
5.602392368018627167e-03
5.638147238641977310e-03
5.629459396004676819e-03
5.503934808075428009e-03
5.494342185556888580e-03
5.509398411959409714e-03
5.738990381360054016e-03
6.147756706923246384e-03
5.970522761344909668e-03
5.512242671102285385e-03
5.615815520286560059e-03
5.454441532492637634e-03
5.974411498755216599e-03
5.470219533890485764e-03
5.644300952553749084e-03
5.968345794826745987e-03
5.460144951939582825e-03
5.528671201318502426e-03
5.423015449196100235e-03
5.522421095520257950e-03
5.494468379765748978e-03
5.637589842081069946e-03
5.596899893134832382e-03
5.635782610625028610e-03
5.498405080288648605e-03
5.664062220603227615e-03
5.629607941955327988e-03
5.506803281605243683e-03
5.541822873055934906e-03
5.486001260578632355e-03
5.563399754464626312e-03
5.646773613989353180e-03
5.716973915696144104e-03
5.504014436155557632e-03
5.610243417322635651e-03
5.841839127242565155e-03
5.774955730885267258e-03
5.515320226550102234e-03
5.511070135980844498e-03
5.722033325582742691e-03
5.692974198609590530e-03
5.491737276315689087e-03
5.588902626186609268e-03
5.641373805701732635e-03
5.636868067085742950e-03
5.681272596120834351e-03
5.572672002017498016e-03
5.572556052356958389e-03
5.568799097090959549e-03
5.559355020523071289e-03
6.019976455718278885e-03
5.622901022434234619e-03
5.448008421808481216e-03
5.605426151305437088e-03
5.513972137123346329e-03
5.463522858917713165e-03
5.537429358810186386e-03
5.708423443138599396e-03
5.548968911170959473e-03
5.416655447334051132e-03
6.007060874253511429e-03
5.556731484830379486e-03
5.755973048508167267e-03
5.649579223245382309e-03
5.898635834455490112e-03
5.582480691373348236e-03
5.451407283544540405e-03
5.533500108867883682e-03
5.832669325172901154e-03
5.749694071710109711e-03
5.865420680493116379e-03
5.566513631492853165e-03
5.493326112627983093e-03
5.746433045715093613e-03
5.540912505239248276e-03
5.468124058097600937e-03
5.843050312250852585e-03
5.835959687829017639e-03
5.649071652442216873e-03
5.530184600502252579e-03
5.716108717024326324e-03
5.530761089175939560e-03
5.528178531676530838e-03
5.544418003410100937e-03
6.119710393249988556e-03
5.600373260676860809e-03
5.926526617258787155e-03
5.472851451486349106e-03
5.466888658702373505e-03
5.799739621579647064e-03
5.628807935863733292e-03
5.615772679448127747e-03
5.499367136508226395e-03
5.511862691491842270e-03
5.670735146850347519e-03
5.606770981103181839e-03
5.471229553222656250e-03
5.706334020942449570e-03
5.549149587750434875e-03
5.670673679560422897e-03
5.843552295118570328e-03
5.511518567800521851e-03
5.662682466208934784e-03
5.548223387449979782e-03
5.530516617000102997e-03
5.522788967937231064e-03
5.521670915186405182e-03
5.735979415476322174e-03
5.834527313709259033e-03
5.734422244131565094e-03
5.507403519004583359e-03
5.435141734778881073e-03
5.626179743558168411e-03
6.008164491504430771e-03
5.497474689036607742e-03
5.567650310695171356e-03
5.485890898853540421e-03
5.519393365830183029e-03
5.516272503882646561e-03
5.675539840012788773e-03
5.654686596244573593e-03
5.653871688991785049e-03
5.657230503857135773e-03
5.552742630243301392e-03
5.531285889446735382e-03
5.742252804338932037e-03
5.696622654795646667e-03
5.997537635266780853e-03
6.385964341461658478e-03
5.779664963483810425e-03
5.586716346442699432e-03
5.449328571557998657e-03
5.532865878194570541e-03
5.491173360496759415e-03
5.960616748780012131e-03
5.627736914902925491e-03
5.584639497101306915e-03
5.703364033252000809e-03
5.611816886812448502e-03
5.517764016985893250e-03
5.505954381078481674e-03
6.018457468599081039e-03
5.731683690100908279e-03
5.663691088557243347e-03
5.560349673032760620e-03
5.816488992422819138e-03
5.731293931603431702e-03
5.500697996467351913e-03
5.418512038886547089e-03
5.499552935361862183e-03
5.523493513464927673e-03
5.625216756016016006e-03
5.743094254285097122e-03
5.513818003237247467e-03
5.613034125417470932e-03
6.025684997439384460e-03
5.823309533298015594e-03
6.015167571604251862e-03
5.633468274027109146e-03
5.645488388836383820e-03
5.695060826838016510e-03
5.648113787174224854e-03
5.834279581904411316e-03
5.579154938459396362e-03
5.586786195635795593e-03
5.488618277013301849e-03
5.550997797399759293e-03
5.696207284927368164e-03
5.625331774353981018e-03
5.582529120147228241e-03
5.518242716789245605e-03
5.503412336111068726e-03
5.492063239216804504e-03
5.523857194930315018e-03
5.649549886584281921e-03
5.710071884095668793e-03
5.702726077288389206e-03
5.791369359940290451e-03
5.674154497683048248e-03
5.458174739032983780e-03
5.554934497922658920e-03
5.459817126393318176e-03
5.482089705765247345e-03
5.542639177292585373e-03
5.652456544339656830e-03
5.472260992974042892e-03
5.566587205976247787e-03
5.518437363207340240e-03
5.468200892210006714e-03
5.593797191977500916e-03
5.743066314607858658e-03
5.683834664523601532e-03
5.447471048682928085e-03
5.579944700002670288e-03
5.662333220243453979e-03
5.920094903558492661e-03
5.854978691786527634e-03
5.535816773772239685e-03
5.572275258600711823e-03
5.675406195223331451e-03
5.479053594172000885e-03
5.495576653629541397e-03
5.562932696193456650e-03
5.587531719356775284e-03
5.551048088818788528e-03
5.820556543767452240e-03
5.619895644485950470e-03
5.521105136722326279e-03
5.585314705967903137e-03
5.598025396466255188e-03
5.615305621176958084e-03
6.040548905730247498e-03
6.216157227754592896e-03
6.411720532923936844e-03
5.639106966555118561e-03
5.728164687752723694e-03
5.578068085014820099e-03
5.602020304650068283e-03
5.536054726690053940e-03
5.619409959763288498e-03
5.582330282777547836e-03
6.144365295767784119e-03
5.714994855225086212e-03
5.474282894283533096e-03
5.852816160768270493e-03
5.819274578243494034e-03
5.522579886019229889e-03
5.495152901858091354e-03
5.770788062363862991e-03
5.457481369376182556e-03
5.547988694161176682e-03
5.511307623237371445e-03
5.797464400529861450e-03
5.431717727333307266e-03
5.724507384002208710e-03
5.605216603726148605e-03
5.509765818715095520e-03
5.675644148141145706e-03
5.660604219883680344e-03
5.824708379805088043e-03
5.513212643563747406e-03
5.689938552677631378e-03
5.832526367157697678e-03
5.594565998762845993e-03
5.438788328319787979e-03
5.501197651028633118e-03
5.523026920855045319e-03
5.775586701929569244e-03
5.436276085674762726e-03
5.556565243750810623e-03
5.477354396134614944e-03
5.780958570539951324e-03
5.930182524025440216e-03
5.987881682813167572e-03
5.450546741485595703e-03
5.416837055236101151e-03
5.479380954056978226e-03
5.641642957925796509e-03
5.613317247480154037e-03
5.668101832270622253e-03
5.549069959670305252e-03
5.705565679818391800e-03
5.672673229128122330e-03
5.782283842563629150e-03
5.446194205433130264e-03
5.425229668617248535e-03
5.484772380441427231e-03
5.506034940481185913e-03
5.593957845121622086e-03
5.808184389024972916e-03
5.501082632690668106e-03
5.657874979078769684e-03
5.619929172098636627e-03
5.492737051099538803e-03
5.670240614563226700e-03
5.568904336541891098e-03
5.748610012233257294e-03
5.619542673230171204e-03
5.542339757084846497e-03
5.707713309675455093e-03
5.728812422603368759e-03
5.610799416899681091e-03
5.495359189808368683e-03
5.665837321430444717e-03
5.517471581697463989e-03
5.663088522851467133e-03
5.579931195825338364e-03
5.494935903698205948e-03
5.882260855287313461e-03
5.782545078545808792e-03
5.505064968019723892e-03
5.573503673076629639e-03
5.522628314793109894e-03
5.781154148280620575e-03
5.639382638037204742e-03
5.601364653557538986e-03
5.492527969181537628e-03
5.661121103912591934e-03
5.626999773085117340e-03
5.582357291132211685e-03
5.476050078868865967e-03
5.686515010893344879e-03
5.502128507941961288e-03
5.635134410113096237e-03
5.634393543004989624e-03
5.697295069694519043e-03
5.710299592465162277e-03
5.589515902101993561e-03
5.529773421585559845e-03
5.578320473432540894e-03
5.527924280613660812e-03
5.533612798899412155e-03
5.550358444452285767e-03
5.547334440052509308e-03
5.912343971431255341e-03
5.811351351439952850e-03
5.757421720772981644e-03
5.538704339414834976e-03
5.597843788564205170e-03
5.485702306032180786e-03
5.833741277456283569e-03
5.758503451943397522e-03
5.543651524931192398e-03
5.583082791417837143e-03
5.997176282107830048e-03
5.629316437989473343e-03
5.468508228659629822e-03
5.516598932445049286e-03
5.561261437833309174e-03
5.807005800306797028e-03
5.539693869650363922e-03
5.570329725742340088e-03
5.597902461886405945e-03
5.767883267253637314e-03
5.621160380542278290e-03
5.677049048244953156e-03
5.647173151373863220e-03
5.530123133212327957e-03
5.517185665667057037e-03
5.571561865508556366e-03
5.789770744740962982e-03
5.502434913069009781e-03
5.575443152338266373e-03
5.674180109053850174e-03
6.171488668769598007e-03
5.941313225775957108e-03
5.582278594374656677e-03
5.647403188049793243e-03
5.489517934620380402e-03
5.492995958775281906e-03
5.484770983457565308e-03
5.550313275307416916e-03
5.687932018190622330e-03
5.741514265537261963e-03
5.996124353259801865e-03
5.890322849154472351e-03
5.574271082878112793e-03
5.589169450104236603e-03
5.534339696168899536e-03
5.674532148987054825e-03
5.562120117247104645e-03
5.444955546408891678e-03
5.583968479186296463e-03
5.500483326613903046e-03
5.634366534650325775e-03
5.516585893929004669e-03
5.673500243574380875e-03
5.601374432444572449e-03
5.635303910821676254e-03
5.662945564836263657e-03
5.841824226081371307e-03
5.521530751138925552e-03
5.493348464369773865e-03
5.641590803861618042e-03
5.574014969170093536e-03
5.547889042645692825e-03
5.456425249576568604e-03
5.521835293620824814e-03
5.751220043748617172e-03
5.692145787179470062e-03
5.503800697624683380e-03
5.505755543708801270e-03
5.472000222653150558e-03
5.558228120207786560e-03
5.738256033509969711e-03
5.549415480345487595e-03
5.467757117003202438e-03
5.540802609175443649e-03
5.665551871061325073e-03
5.617771297693252563e-03
5.640139803290367126e-03
5.557451397180557251e-03
5.592811387032270432e-03
5.630261730402708054e-03
5.553246941417455673e-03
5.495340563356876373e-03
5.860066041350364685e-03
5.590466316789388657e-03
5.488038063049316406e-03
5.845861509442329407e-03
5.729649681597948074e-03
5.599672440439462662e-03
5.650734063237905502e-03
5.544288549572229385e-03
6.071113981306552887e-03
5.574852693825960159e-03
6.014928221702575684e-03
5.423411261290311813e-03
5.723909474909305573e-03
5.719360895454883575e-03
5.582524929195642471e-03
5.560296121984720230e-03
5.722661036998033524e-03
5.530220456421375275e-03
5.902236793190240860e-03
5.586386658251285553e-03
5.573094356805086136e-03
5.592236295342445374e-03
5.482377484440803528e-03
5.662848707288503647e-03
5.882744677364826202e-03
5.665053613483905792e-03
5.477053113281726837e-03
5.562549456954002380e-03
5.868286825716495514e-03
5.984253715723752975e-03
5.726736038923263550e-03
5.675701890140771866e-03
5.677641369402408600e-03
5.529208108782768250e-03
5.504493601620197296e-03
5.469931755214929581e-03
5.732815712690353394e-03
5.529029760509729385e-03
5.649849306792020798e-03
5.577343516051769257e-03
5.556318908929824829e-03
5.435657221823930740e-03
5.599260795861482620e-03
5.677027162164449692e-03
5.593852140009403229e-03
5.623241886496543884e-03
5.596518516540527344e-03
5.539730656892061234e-03
5.525520537048578262e-03
5.854890216141939163e-03
5.563870072364807129e-03
5.470184609293937683e-03
5.700902082026004791e-03
5.654305685311555862e-03
5.776272155344486237e-03
5.500640254467725754e-03
5.481499712914228439e-03
5.470476113259792328e-03
5.670426879078149796e-03
5.638113711029291153e-03
5.608839448541402817e-03
5.662250332534313202e-03
5.443978589028120041e-03
5.646511912345886230e-03
5.820564925670623779e-03
5.611045286059379578e-03
5.428512580692768097e-03
5.532519891858100891e-03
5.508210510015487671e-03
5.477235652506351471e-03
5.544807761907577515e-03
5.707856733351945877e-03
5.607729312032461166e-03
5.617524031549692154e-03
5.722531117498874664e-03
5.698890425264835358e-03
5.481807049363851547e-03
5.519147031009197235e-03
5.695193540304899216e-03
5.461167078465223312e-03
5.460997112095355988e-03
5.606877617537975311e-03
5.598144140094518661e-03
5.616863723844289780e-03
5.674581974744796753e-03
5.439423955976963043e-03
5.920683033764362335e-03
5.543112754821777344e-03
5.711767822504043579e-03
5.535911768674850464e-03
5.550374276936054230e-03
5.613878369331359863e-03
5.637852475047111511e-03
5.568255204707384109e-03
5.559373646974563599e-03
5.628653336316347122e-03
5.599152296781539917e-03
5.435168743133544922e-03
5.718057043850421906e-03
5.564269609749317169e-03
5.588134750723838806e-03
5.763707682490348816e-03
6.001834291964769363e-03
5.819152109324932098e-03
5.540681071579456329e-03
5.682289134711027145e-03
5.688249133527278900e-03
5.471437238156795502e-03
5.751282442361116409e-03
5.529856309294700623e-03
5.554234609007835388e-03
5.940589588135480881e-03
5.887441802769899368e-03
5.737879779189825058e-03
5.471237469464540482e-03
5.497319623827934265e-03
5.562348291277885437e-03
5.538213066756725311e-03
5.577055737376213074e-03
5.544268991798162460e-03
5.512755364179611206e-03
5.481190513819456100e-03
5.519423633813858032e-03
5.587570369243621826e-03
5.592135246843099594e-03
6.029414013028144836e-03
5.555461160838603973e-03
5.697725340723991394e-03
5.558439996093511581e-03
5.511940456926822662e-03
5.602293182164430618e-03
5.859219934791326523e-03
6.142295897006988525e-03
5.546984728425741196e-03
5.429535172879695892e-03
5.643314681947231293e-03
5.550984293222427368e-03
5.509676411747932434e-03
5.722078494727611542e-03
6.192531902343034744e-03
5.611491855233907700e-03
5.601502489298582077e-03
5.534736439585685730e-03
5.581214092671871185e-03
5.635362118482589722e-03
6.106232292950153351e-03
5.564938299357891083e-03
5.638611502945423126e-03
5.651905201375484467e-03
6.052767857909202576e-03
5.444106645882129669e-03
5.610447842627763748e-03
5.743361078202724457e-03
5.533214192837476730e-03
5.541213322430849075e-03
5.627552513033151627e-03
5.643975920975208282e-03
5.660939030349254608e-03
5.841294769197702408e-03
5.708844400942325592e-03
5.513571202754974365e-03
5.599800962954759598e-03
5.469353403896093369e-03
5.534033291041851044e-03
5.575589369982481003e-03
5.686350166797637939e-03
5.779641680419445038e-03
5.584649741649627686e-03
5.753304343670606613e-03
5.585891194641590118e-03
5.485298577696084976e-03
5.469209048897027969e-03
5.532476585358381271e-03
5.516787990927696228e-03
5.741504952311515808e-03
5.591719876974821091e-03
5.635349079966545105e-03
5.590847693383693695e-03
5.834386684000492096e-03
5.523241590708494186e-03
5.676887929439544678e-03
5.652149673551321030e-03
5.659743212163448334e-03
5.501004867255687714e-03
5.566196981817483902e-03
5.624286364763975143e-03
5.657226312905550003e-03
5.537801422178745270e-03
5.525916349142789841e-03
5.663136951625347137e-03
5.661238916218280792e-03
5.478519946336746216e-03
6.004941184073686600e-03
5.445654969662427902e-03
5.606884602457284927e-03
5.546022672206163406e-03
5.620741751044988632e-03
5.534421652555465698e-03
5.526675842702388763e-03
5.772215314209461212e-03
5.556103307753801346e-03
5.549439694732427597e-03
5.638788454234600067e-03
5.612555891275405884e-03
5.713541526347398758e-03
5.622799042612314224e-03
5.686180200427770615e-03
5.389324855059385300e-03
5.441821645945310593e-03
5.668820347636938095e-03
5.460358690470457077e-03
5.930720828473567963e-03
5.626052618026733398e-03
5.610553082078695297e-03
5.506726447492837906e-03
5.558690521866083145e-03
5.589246749877929688e-03
5.507811903953552246e-03
5.482389125972986221e-03
5.460863932967185974e-03
5.808108951896429062e-03
5.731624551117420197e-03
5.684636998921632767e-03
5.553905386477708817e-03
5.460953805595636368e-03
5.523093044757843018e-03
5.608939100056886673e-03
5.462235771119594574e-03
5.682441405951976776e-03
5.610228516161441803e-03
5.643613170832395554e-03
5.439605563879013062e-03
5.486193113029003143e-03
5.571560002863407135e-03
5.682677030563354492e-03
5.515788681805133820e-03
5.776333622634410858e-03
5.499558988958597183e-03
5.890514235943555832e-03
5.882253404706716537e-03
5.804734770208597183e-03
5.859088618308305740e-03
5.733538884669542313e-03
5.750059150159358978e-03
5.745119880884885788e-03
5.491106770932674408e-03
5.561819300055503845e-03
5.678921006619930267e-03
5.521615501493215561e-03
5.655893590301275253e-03
5.470444913953542709e-03
5.701312329620122910e-03
5.688148085027933121e-03
5.654647015035152435e-03
5.613041110336780548e-03
5.647411569952964783e-03
5.540426820516586304e-03
5.853674840182065964e-03
5.461440421640872955e-03
5.487089511007070541e-03
5.698389373719692230e-03
5.516036413609981537e-03
5.600561387836933136e-03
5.565213970839977264e-03
5.567711777985095978e-03
5.596354603767395020e-03
5.625704303383827209e-03
5.533559247851371765e-03
5.676879547536373138e-03
5.486884620040655136e-03
5.666144192218780518e-03
5.706798285245895386e-03
5.547612905502319336e-03
5.799349397420883179e-03
5.998880602419376373e-03
5.826844833791255951e-03
5.500912200659513474e-03
5.866329651325941086e-03
5.586449988186359406e-03
5.711683537811040878e-03
6.259290501475334167e-03
5.549375899136066437e-03
5.594893824309110641e-03
5.574462935328483582e-03
5.603753030300140381e-03
5.625378806143999100e-03
5.754777695983648300e-03
5.602091550827026367e-03
5.427815020084381104e-03
5.459831561893224716e-03
5.491304676979780197e-03
5.493343807756900787e-03
5.436320323497056961e-03
5.666533950716257095e-03
5.480719730257987976e-03
5.774382501840591431e-03
5.579086951911449432e-03
5.460106767714023590e-03
5.510023795068264008e-03
5.654528737068176270e-03
5.499770864844322205e-03
5.606743972748517990e-03
5.604850128293037415e-03
5.743165500462055206e-03
5.551252048462629318e-03
5.791720468550920486e-03
5.605065729469060898e-03
5.455233156681060791e-03
5.685432814061641693e-03
5.819078069180250168e-03
5.778990685939788818e-03
5.993879865854978561e-03
5.573099944740533829e-03
5.517476703971624374e-03
5.514008924365043640e-03
5.391110666096210480e-03
5.539950914680957794e-03
5.560806486755609512e-03
5.627659615129232407e-03
5.580586381256580353e-03
5.593064706772565842e-03
5.645724479109048843e-03
5.558314267545938492e-03
6.059919949620962143e-03
5.524199921637773514e-03
5.562072154134511948e-03
5.533047486096620560e-03
5.512427538633346558e-03
5.584674887359142303e-03
5.870120599865913391e-03
5.606874357908964157e-03
5.518715362995862961e-03
5.499184597283601761e-03
5.528615787625312805e-03
5.732573103159666061e-03
5.662244744598865509e-03
5.571647081524133682e-03
5.764656234532594681e-03
5.785764195024967194e-03
5.771848838776350021e-03
5.469744093716144562e-03
5.643534939736127853e-03
5.524426233023405075e-03
5.722033325582742691e-03
5.503862164914608002e-03
5.474981386214494705e-03
5.520270206034183502e-03
5.461570806801319122e-03
5.670383106917142868e-03
5.437940824776887894e-03
5.463575944304466248e-03
5.501471459865570068e-03
5.560942925512790680e-03
5.664864089339971542e-03
5.732713732868432999e-03
5.494755692780017853e-03
5.653027910739183426e-03
5.638961680233478546e-03
5.718047264963388443e-03
5.423563998192548752e-03
5.839752499014139175e-03
5.620173644274473190e-03
5.646302364766597748e-03
5.551753565669059753e-03
5.574746057391166687e-03
5.530980415642261505e-03
5.894564092159271240e-03
5.932432599365711212e-03
5.483578890562057495e-03
5.446303635835647583e-03
5.665341392159461975e-03
5.450272001326084137e-03
5.453681107610464096e-03
5.510647315531969070e-03
5.518866237252950668e-03
5.559798795729875565e-03
5.703910253942012787e-03
5.757462233304977417e-03
5.649011582136154175e-03
5.498191807419061661e-03
5.494862794876098633e-03
5.703357513993978500e-03
5.577304400503635406e-03
5.668330006301403046e-03
5.626024212688207626e-03
5.652571097016334534e-03
5.502544343471527100e-03
5.687768105417490005e-03
5.516956094652414322e-03
5.448876880109310150e-03
5.627474747598171234e-03
5.489344708621501923e-03
5.735049955546855927e-03
5.611178930848836899e-03
5.566107109189033508e-03
5.736229941248893738e-03
5.756121594458818436e-03
5.645059049129486084e-03
5.532762035727500916e-03
5.627036094665527344e-03
5.497673060745000839e-03
5.684263072907924652e-03
5.613829474896192551e-03
5.717644467949867249e-03
5.611112341284751892e-03
5.530461668968200684e-03
5.500569939613342285e-03
5.491214804351329803e-03
5.787984002381563187e-03
5.523497704416513443e-03
5.433002486824989319e-03
5.553253460675477982e-03
5.461480468511581421e-03
5.669214762747287750e-03
5.529686342924833298e-03
5.536609794944524765e-03
5.629561841487884521e-03
5.579636432230472565e-03
5.679329391568899155e-03
5.502723623067140579e-03
5.581486970186233521e-03
5.511417519301176071e-03
5.440372042357921600e-03
5.704395473003387451e-03
5.491199903190135956e-03
5.846720654517412186e-03
5.533171817660331726e-03
5.527019500732421875e-03
5.560365505516529083e-03
5.788694135844707489e-03
5.619475618004798889e-03
5.405182950198650360e-03
5.769642069935798645e-03
5.465105641633272171e-03
5.637928843498229980e-03
5.495924036949872971e-03
5.491950083523988724e-03
5.679786205291748047e-03
5.489708855748176575e-03
5.501840263605117798e-03
5.833510309457778931e-03
5.571549292653799057e-03
5.534672643989324570e-03
5.668537691235542297e-03
5.474486388266086578e-03
5.454835016280412674e-03
5.702708382159471512e-03
5.453532095998525620e-03
5.489328876137733459e-03
5.729892756789922714e-03
5.511490628123283386e-03
5.440855864435434341e-03
5.506418645381927490e-03
5.543544422835111618e-03
5.517874844372272491e-03
5.524795036762952805e-03
5.727846641093492508e-03
5.545088555663824081e-03
5.676980596035718918e-03
5.553842056542634964e-03
5.533223971724510193e-03
5.515064578503370285e-03
5.507856141775846481e-03
5.456636194139719009e-03
5.598493386059999466e-03
5.559679120779037476e-03
5.729875061661005020e-03
5.730370990931987762e-03
5.872303619980812073e-03
5.777912214398384094e-03
6.227177567780017853e-03
5.642848554998636246e-03
5.608412437140941620e-03
5.670380312949419022e-03
5.804170854389667511e-03
5.642230622470378876e-03
5.513465031981468201e-03
5.457192193716764450e-03
5.527745001018047333e-03
5.576703231781721115e-03
5.516570061445236206e-03
5.536017473787069321e-03
5.571233574301004410e-03
5.414030514657497406e-03
5.676008760929107666e-03
5.660116672515869141e-03
5.583991296589374542e-03
5.488493479788303375e-03
5.989602301269769669e-03
5.400812253355979919e-03
5.719500593841075897e-03
5.565255414694547653e-03
5.632956977933645248e-03
5.553062073886394501e-03
5.591468419879674911e-03
5.711878649890422821e-03
5.620006937533617020e-03
5.697605200111865997e-03
5.555715411901473999e-03
5.613006651401519775e-03
5.567346233874559402e-03
5.722930189222097397e-03
5.507877096533775330e-03
5.499078426510095596e-03
5.551864858716726303e-03
5.581041797995567322e-03
5.526339169591665268e-03
5.774496588855981827e-03
5.756946746259927750e-03
5.784075241535902023e-03
5.493362899869680405e-03
5.632004700601100922e-03
5.555772222578525543e-03
5.442370660603046417e-03
5.440211389213800430e-03
5.570759065449237823e-03
5.400658585131168365e-03
5.475279875099658966e-03
5.648942664265632629e-03
5.858932621777057648e-03
5.478241015225648880e-03
5.622972734272480011e-03
5.494896322488784790e-03
5.515417084097862244e-03
5.967949517071247101e-03
5.537165328860282898e-03
5.599005613476037979e-03
5.766084883362054825e-03
5.488143768161535263e-03
5.460133776068687439e-03
5.528775509446859360e-03
5.643274169415235519e-03
5.487930029630661011e-03
5.807069595903158188e-03
5.521402694284915924e-03
5.637959111481904984e-03
5.486947484314441681e-03
5.665861070156097412e-03
5.606907419860363007e-03
5.563500337302684784e-03
5.636436864733695984e-03
5.690141580998897552e-03
5.839588120579719543e-03
5.700636189430952072e-03
5.505014210939407349e-03
5.423164926469326019e-03
5.417412146925926208e-03
5.705848336219787598e-03
5.471226293593645096e-03
5.452225450426340103e-03
5.638862028717994690e-03
5.570414010435342789e-03
5.461527965962886810e-03
5.608159117400646210e-03
5.562588572502136230e-03
5.583036690950393677e-03
5.565827712416648865e-03
5.512330681085586548e-03
5.819017533212900162e-03
5.558019503951072693e-03
5.617286078631877899e-03
5.596847739070653915e-03
5.464955233037471771e-03
5.449081305414438248e-03
5.519062280654907227e-03
5.597317591309547424e-03
5.715826991945505142e-03
5.629043094813823700e-03
5.672649014741182327e-03
5.506833083927631378e-03
5.745995789766311646e-03
5.916301626712083817e-03
5.656352732330560684e-03
5.499962717294692993e-03
5.497192963957786560e-03
5.602980032563209534e-03
5.820241756737232208e-03
5.714434664696455002e-03
5.615549162030220032e-03
5.458854604512453079e-03
5.758853163570165634e-03
5.559485871344804764e-03
5.630032159388065338e-03
5.645723082125186920e-03
5.482040345668792725e-03
5.473870784044265747e-03
5.548082292079925537e-03
5.776847247034311295e-03
5.507098976522684097e-03
5.436839070171117783e-03
5.428092554211616516e-03
5.555456038564443588e-03
5.513536743819713593e-03
5.477074533700942993e-03
5.469315219670534134e-03
5.503575783222913742e-03
5.424784962087869644e-03
5.897557828575372696e-03
5.679244175553321838e-03
5.584585014730691910e-03
5.543163046240806580e-03
5.508797708898782730e-03
5.655757617205381393e-03
5.856960080564022064e-03
5.614776164293289185e-03
5.582776386290788651e-03
5.563701037317514420e-03
5.660107359290122986e-03
5.632004234939813614e-03
5.860445089638233185e-03
5.654209293425083160e-03
5.489171482622623444e-03
5.536770913749933243e-03
5.424373783171176910e-03
6.068447604775428772e-03
5.546636879444122314e-03
5.536125972867012024e-03
5.578986369073390961e-03
5.763179622590541840e-03
5.428155884146690369e-03
5.794285796582698822e-03
5.773589946329593658e-03
5.879357922822237015e-03
5.560248624533414841e-03
5.685496143996715546e-03
5.554794799536466599e-03
5.532850045710802078e-03
5.444333422929048538e-03
5.606892053037881851e-03
5.606507416814565659e-03
5.436668172478675842e-03
5.475071724504232407e-03
5.466404836624860764e-03
5.492717958986759186e-03
5.498167127370834351e-03
5.717797670513391495e-03
5.475198384374380112e-03
5.930575076490640640e-03
6.052837241441011429e-03
5.563875194638967514e-03
5.758841056376695633e-03
5.487757734954357147e-03
5.390730686485767365e-03
5.547913722693920135e-03
5.615016911178827286e-03
5.458715371787548065e-03
6.082640029489994049e-03
5.461785010993480682e-03
5.541819613426923752e-03
5.525731481611728668e-03
5.529726855456829071e-03
5.514031276106834412e-03
5.522989667952060699e-03
5.864263977855443954e-03
5.479558371007442474e-03
5.852435249835252762e-03
5.499871913343667984e-03
5.450406577438116074e-03
5.478279665112495422e-03
5.497823469340801239e-03
5.849614739418029785e-03
5.456758663058280945e-03
5.474393256008625031e-03
5.617155227810144424e-03
5.551093257963657379e-03
5.537585355341434479e-03
5.886598490178585052e-03
5.420075263828039169e-03
5.529532674700021744e-03
5.477803293615579605e-03
5.804506130516529083e-03
5.654958542436361313e-03
5.702069494873285294e-03
5.496857222169637680e-03
5.737314466387033463e-03
5.460293032228946686e-03
5.436593666672706604e-03
5.490374285727739334e-03
5.478088743984699249e-03
5.479945335537195206e-03
5.621958523988723755e-03
5.736937746405601501e-03
5.455169361084699631e-03
5.414739716798067093e-03
5.576667375862598419e-03
5.393412895500659943e-03
5.997925996780395508e-03
5.562814883887767792e-03
5.646116565912961960e-03
5.475154146552085876e-03
5.620437674224376678e-03
5.882679019123315811e-03
5.551308393478393555e-03
5.442564841359853745e-03
5.417230539023876190e-03
5.571070127189159393e-03
5.461061839014291763e-03
5.500247702002525330e-03
5.499775987118482590e-03
5.449958145618438721e-03
5.545349325984716415e-03
5.472219549119472504e-03
5.758710671216249466e-03
5.819579586386680603e-03
5.823765881359577179e-03
5.646358244121074677e-03
5.507102236151695251e-03
5.604697391390800476e-03
5.506229121237993240e-03
5.553534720093011856e-03
5.582527257502079010e-03
5.769211333245038986e-03
5.509745329618453979e-03
5.511497147381305695e-03
5.460543092340230942e-03
5.771244410425424576e-03
5.695869680494070053e-03
5.532057490199804306e-03
5.455790087580680847e-03
5.526970606297254562e-03
5.494475830346345901e-03
5.484841298311948776e-03
5.463780835270881653e-03
5.587657913565635681e-03
5.731547717005014420e-03
5.530843511223793030e-03
5.629599560052156448e-03
5.455079488456249237e-03
5.417971871793270111e-03
5.564272403717041016e-03
5.707267206162214279e-03
5.785346962511539459e-03
5.427705589681863785e-03
5.433820188045501709e-03
5.426559597253799438e-03
5.524555221199989319e-03
5.597862415015697479e-03
5.463419482111930847e-03
5.587850231677293777e-03
5.659643094986677170e-03
5.458666477352380753e-03
5.526331719011068344e-03
5.477638915181159973e-03
5.899861920624971390e-03
5.484479479491710663e-03
5.390612874180078506e-03
5.537087563425302505e-03
5.641574505716562271e-03
5.490400828421115875e-03
5.567577667534351349e-03
5.578280426561832428e-03
5.757523700594902039e-03
5.527758039534091949e-03
5.452797748148441315e-03
5.537278018891811371e-03
5.520280916243791580e-03
5.562697537243366241e-03
5.541417747735977173e-03
5.504338070750236511e-03
5.764890927821397781e-03
5.765379406511783600e-03
5.706235766410827637e-03
5.613926798105239868e-03
5.562143400311470032e-03
5.607576109468936920e-03
5.826083011925220490e-03
5.697003565728664398e-03
5.646283272653818130e-03
5.517682991921901703e-03
5.440817214548587799e-03
5.518876016139984131e-03
5.430819932371377945e-03
5.750508513301610947e-03
5.693139042705297470e-03
5.633539054542779922e-03
5.567650310695171356e-03
5.537549965083599091e-03
5.554032977670431137e-03
5.514058284461498260e-03
5.563102662563323975e-03
5.609486252069473267e-03
5.966478027403354645e-03
6.080770399421453476e-03
5.544678773730993271e-03
5.450570490211248398e-03
5.407819990068674088e-03
5.479444283992052078e-03
6.002402864396572113e-03
5.472633522003889084e-03
5.512914620339870453e-03
5.539876874536275864e-03
5.676964297890663147e-03
5.560079589486122131e-03
5.622914060950279236e-03
5.830835551023483276e-03
5.399982910603284836e-03
5.434556398540735245e-03
5.397404544055461884e-03
5.621356423944234848e-03
5.416226573288440704e-03
5.440572742372751236e-03
5.896023008972406387e-03
5.999746266752481461e-03
5.803255364298820496e-03
5.574314855039119720e-03
5.419107154011726379e-03
5.588444415479898453e-03
5.676633212715387344e-03
5.488305818289518356e-03
5.601877812296152115e-03
5.502865649759769440e-03
5.597079638391733170e-03
5.519668571650981903e-03
5.426632240414619446e-03
5.573295988142490387e-03
5.718352273106575012e-03
6.074136588722467422e-03
5.645343102514743805e-03
5.488547496497631073e-03
5.568608175963163376e-03
5.484784953296184540e-03
5.547934677451848984e-03
5.540693644434213638e-03
5.551049485802650452e-03
5.640901625156402588e-03
5.798887927085161209e-03
5.706944968551397324e-03
5.552561022341251373e-03
5.612174514681100845e-03
5.475379992276430130e-03
5.429666023701429367e-03
5.883723497390747070e-03
5.728162825107574463e-03
5.696394946426153183e-03
5.694316700100898743e-03
5.614147521555423737e-03
5.659215152263641357e-03
5.418616347014904022e-03
5.411667749285697937e-03
5.599495954811573029e-03
5.570997484028339386e-03
5.695199593901634216e-03
5.568366497755050659e-03
5.459535401314496994e-03
5.431691650301218033e-03
5.707181990146636963e-03
5.556420888751745224e-03
5.424397997558116913e-03
5.535398144274950027e-03
5.513560026884078979e-03
5.437407642602920532e-03
5.578073207288980484e-03
5.516265053302049637e-03
5.715347826480865479e-03
5.599380936473608017e-03
5.609976593405008316e-03
5.412968806922435760e-03
5.526054650545120239e-03
5.642431788146495819e-03
5.475664511322975159e-03
5.713078659027814865e-03
5.479325540363788605e-03
5.630050320178270340e-03
5.490861833095550537e-03
5.466948729008436203e-03
5.575296934694051743e-03
5.468702409416437149e-03
5.766017828136682510e-03
5.582765676081180573e-03
5.518284160643815994e-03
5.502303596585988998e-03
5.561666097491979599e-03
5.548160988837480545e-03
5.526751279830932617e-03
5.439966451376676559e-03
5.415899213403463364e-03
5.553319118916988373e-03
5.896646063774824142e-03
5.610655061900615692e-03
5.641128867864608765e-03
5.645560100674629211e-03
5.561365745961666107e-03
5.760612431913614273e-03
5.596215836703777313e-03
5.842590238898992538e-03
5.527028813958168030e-03
5.696281790733337402e-03
5.445661023259162903e-03
5.837112199515104294e-03
5.958786234259605408e-03
5.969246849417686462e-03
5.631515290588140488e-03
5.442293360829353333e-03
5.525235552340745926e-03
5.634156055748462677e-03
5.550758913159370422e-03
5.512201227247714996e-03
5.642292555421590805e-03
5.454901140183210373e-03
5.540031008422374725e-03
5.578139331191778183e-03
5.627452395856380463e-03
5.446469411253929138e-03
5.450172349810600281e-03
5.573150701820850372e-03
5.482940468937158585e-03
5.428883712738752365e-03
5.473657976835966110e-03
5.452923011034727097e-03
5.726871546357870102e-03
5.863153841346502304e-03
6.077315658330917358e-03
5.703777540475130081e-03
5.966060794889926910e-03
5.370031576603651047e-03
5.462375003844499588e-03
5.687739700078964233e-03
5.510432180017232895e-03
5.425031762570142746e-03
5.867379717528820038e-03
5.553216207772493362e-03
5.408375989645719528e-03
5.521092563867568970e-03
5.526836961507797241e-03
5.471249576658010483e-03
5.532142706215381622e-03
5.948682315647602081e-03
5.824758205562829971e-03
5.448692478239536285e-03
5.629627499729394913e-03
5.705531220883131027e-03
5.557843018323183060e-03
5.389730446040630341e-03
5.550726316869258881e-03
5.528411827981472015e-03
5.439085420221090317e-03
5.463995970785617828e-03
5.690400023013353348e-03
5.458118394017219543e-03
5.671208724379539490e-03
5.639350507408380508e-03
5.616697482764720917e-03
5.569051485508680344e-03
5.495199467986822128e-03
5.477852188050746918e-03
5.613275337964296341e-03
5.610228050500154495e-03
5.529290065169334412e-03
5.476734135299921036e-03
5.572053603827953339e-03
5.897585768252611160e-03
5.589151754975318909e-03
5.488643422722816467e-03
5.506290122866630554e-03
5.652220919728279114e-03
5.688414443284273148e-03
6.076305638998746872e-03
5.575342569500207901e-03
5.503193940967321396e-03
5.516706500202417374e-03
5.552559159696102142e-03
5.429709795862436295e-03
5.712587852030992508e-03
5.506542976945638657e-03
5.517565645277500153e-03
5.692402832210063934e-03
5.706337746232748032e-03
5.533874500542879105e-03
5.534140393137931824e-03
5.525631364434957504e-03
5.442563910037279129e-03
6.088916212320327759e-03
5.948733538389205933e-03
5.789978895336389542e-03
5.486658774316310883e-03
5.541782826185226440e-03
5.526423454284667969e-03
5.700985901057720184e-03
5.417975597083568573e-03
5.545009393244981766e-03
5.561572965234518051e-03
5.634990520775318146e-03
5.650016479194164276e-03
5.496735684573650360e-03
5.534235853701829910e-03
5.828520283102989197e-03
5.637402646243572235e-03
5.770532879978418350e-03
5.568623542785644531e-03
5.549621768295764923e-03
5.907456390559673309e-03
5.549976136535406113e-03
5.440531298518180847e-03
5.449221935123205185e-03
5.512052215635776520e-03
5.550557747483253479e-03
5.410250741988420486e-03
5.530727095901966095e-03
5.835169926285743713e-03
5.494064185768365860e-03
6.034929305315017700e-03
5.957177840173244476e-03
5.426522344350814819e-03
5.415364634245634079e-03
5.407411605119705200e-03
5.571954417973756790e-03
5.621356423944234848e-03
5.516413133591413498e-03
5.638568196445703506e-03
5.641606170684099197e-03
5.426672287285327911e-03
5.650779232382774353e-03
5.424973554909229279e-03
5.521218292415142059e-03
5.612991284579038620e-03
5.647049285471439362e-03
5.607292521744966507e-03
5.646749399602413177e-03
5.495580844581127167e-03
5.383193027228116989e-03
5.651105660945177078e-03
5.641261115670204163e-03
5.782678723335266113e-03
5.962585099041461945e-03
5.466789472848176956e-03
5.455784499645233154e-03
5.482196807861328125e-03
5.549761932343244553e-03
5.576959345489740372e-03
5.612650886178016663e-03
5.400800146162509918e-03
5.481925327330827713e-03
5.964689888060092926e-03
5.676046013832092285e-03
5.701935850083827972e-03
5.487758200615644455e-03
5.560108460485935211e-03
5.846278741955757141e-03
5.720737390220165253e-03
5.487089511007070541e-03
5.467069335281848907e-03
5.470327567309141159e-03
5.700491368770599365e-03
5.625891033560037613e-03
5.490462295711040497e-03
5.839754827320575714e-03
5.448592826724052429e-03
5.399012006819248199e-03
5.450489930808544159e-03
5.533614195883274078e-03
5.627042148262262344e-03
5.563215352594852448e-03
5.503310356289148331e-03
5.562779493629932404e-03
5.417613778263330460e-03
5.418421700596809387e-03
5.610119085758924484e-03
5.482494831085205078e-03
5.471918731927871704e-03
5.638640839606523514e-03
5.855048075318336487e-03
5.438373889774084091e-03
5.393983796238899231e-03
5.639247596263885498e-03
5.562886130064725876e-03
5.513326730579137802e-03
5.446312483400106430e-03
5.460793152451515198e-03
5.474266130477190018e-03
5.508303642272949219e-03
5.627936683595180511e-03
5.580045282840728760e-03
5.531135946512222290e-03
5.525353830307722092e-03
5.396944470703601837e-03
5.478346720337867737e-03
5.391929298639297485e-03
5.455435253679752350e-03
5.502191837877035141e-03
5.419285036623477936e-03
5.834342911839485168e-03
5.409731995314359665e-03
5.565679166465997696e-03
5.440744571387767792e-03
5.415076389908790588e-03
5.497775971889495850e-03
5.549235269427299500e-03
5.449439864605665207e-03
5.518343765288591385e-03
5.714968778192996979e-03
5.494127515703439713e-03
5.523008294403553009e-03
5.632998421788215637e-03
5.500841885805130005e-03
5.896176211535930634e-03
5.396750289946794510e-03
5.708647426217794418e-03
5.394116975367069244e-03
5.447785370051860809e-03
5.394325125962495804e-03
5.660640075802803040e-03
5.593316629528999329e-03
5.426518619060516357e-03
5.956978071480989456e-03
5.646518897265195847e-03
5.634407512843608856e-03
5.677061155438423157e-03
5.507230293005704880e-03
5.561207886785268784e-03
5.766799673438072205e-03
5.569038912653923035e-03
6.056749727576971054e-03
5.527966190129518509e-03
5.561149213463068008e-03
5.832344293594360352e-03
5.449447315186262131e-03
5.562466103583574295e-03
5.847051274031400681e-03
5.453202407807111740e-03
5.616542883217334747e-03
5.471903365105390549e-03
5.499796010553836823e-03
5.508212838321924210e-03
5.386999808251857758e-03
5.634875968098640442e-03
5.590214394032955170e-03
5.514885764569044113e-03
5.492949392646551132e-03
5.646263249218463898e-03
5.549308378249406815e-03
5.519338417798280716e-03
5.506220739334821701e-03
5.565813742578029633e-03
5.730453878641128540e-03
5.756612401455640793e-03
5.471611395478248596e-03
5.651888437569141388e-03
5.390660371631383896e-03
5.515577737241983414e-03
5.597830750048160553e-03
5.502312444150447845e-03
5.948868114501237869e-03
5.562451202422380447e-03
5.389821715652942657e-03
5.827094428241252899e-03
5.827865563333034515e-03
5.685467738658189774e-03
5.527489818632602692e-03
5.588714499026536942e-03
5.654101260006427765e-03
5.543484818190336227e-03
5.537961144000291824e-03
5.404607392847537994e-03
5.477601662278175354e-03
5.436047445982694626e-03
5.741766188293695450e-03
5.518096964806318283e-03
5.499256774783134460e-03
5.406812299042940140e-03
5.451963283121585846e-03
5.398219451308250427e-03
5.732564721256494522e-03
5.489666014909744263e-03
5.669706501066684723e-03
5.406021140515804291e-03
5.445699207484722137e-03
5.615909583866596222e-03
5.699760746210813522e-03
5.541886668652296066e-03
5.419106222689151764e-03
5.435821134597063065e-03
5.537172779440879822e-03
5.581558682024478912e-03
5.475959274917840958e-03
5.383213981986045837e-03
5.434424616396427155e-03
5.613435525447130203e-03
5.407060496509075165e-03
5.418223328888416290e-03
5.472306162118911743e-03
5.470697302371263504e-03
5.566655192524194717e-03
5.455619189888238907e-03
5.441238172352313995e-03
5.584674887359142303e-03
5.522475577890872955e-03
5.526860710233449936e-03
5.660846363753080368e-03
5.409230943769216537e-03
5.501226522028446198e-03
5.533742252737283707e-03
5.956901703029870987e-03
6.100133992731571198e-03
6.078886333853006363e-03
5.481953732669353485e-03
5.552089307457208633e-03
5.443142727017402649e-03
5.472523160278797150e-03
5.779294297099113464e-03
5.470491945743560791e-03
5.566906183958053589e-03
5.382940173149108887e-03
5.524334497749805450e-03
5.729684140533208847e-03
5.509825889021158218e-03
5.635536741465330124e-03
5.758222192525863647e-03
5.503907334059476852e-03
5.575854331254959106e-03
5.711729638278484344e-03
5.402990616858005524e-03
5.660983268171548843e-03
5.384245887398719788e-03
5.515613593161106110e-03
5.704568233340978622e-03
5.379198119044303894e-03
5.741707980632781982e-03
5.666581448167562485e-03
5.800333805382251740e-03
5.651782732456922531e-03
5.500866565853357315e-03
5.508257541805505753e-03
5.500026047229766846e-03
5.696035455912351608e-03
5.510573275387287140e-03
5.520352162420749664e-03
5.489184055477380753e-03
5.533767398446798325e-03
5.740197375416755676e-03
5.524835083633661270e-03
5.484437104314565659e-03
5.749370902776718140e-03
5.545649211853742599e-03
5.522332154214382172e-03
5.488238297402858734e-03
5.581898149102926254e-03
5.452605895698070526e-03
5.911963991820812225e-03
5.633597262203693390e-03
5.574977956712245941e-03
5.520536564290523529e-03
5.548214539885520935e-03
5.443861708045005798e-03
5.614808760583400726e-03
5.530642345547676086e-03
5.613292567431926727e-03
5.567757412791252136e-03
5.453999154269695282e-03
5.767521914094686508e-03
5.589834880083799362e-03
5.507938098162412643e-03
5.505071487277746201e-03
5.535604897886514664e-03
5.564802791923284531e-03
5.482094828039407730e-03
5.622037686407566071e-03
5.912352353334426880e-03
5.550430621951818466e-03
5.384187679737806320e-03
5.402670241892337799e-03
5.696995183825492859e-03
5.437601357698440552e-03
5.763051100075244904e-03
5.551777780055999756e-03
5.433070939034223557e-03
5.429414566606283188e-03
5.497365724295377731e-03
5.511099938303232193e-03
5.473162513226270676e-03
5.593786481767892838e-03
5.632412619888782501e-03
5.523621570318937302e-03
5.442232824862003326e-03
5.591840483248233795e-03
5.548280198127031326e-03
5.665497854351997375e-03
5.418965127319097519e-03
5.542612168937921524e-03
5.444548092782497406e-03
5.383058916777372360e-03
5.718494765460491180e-03
5.457868333905935287e-03
5.535001400858163834e-03
5.613282322883605957e-03
5.450823344290256500e-03
5.598582793027162552e-03
5.476264748722314835e-03
5.516720004379749298e-03
5.400546360760927200e-03
5.443246569484472275e-03
5.525570828467607498e-03
5.503421649336814880e-03
5.625952966511249542e-03
5.460194312036037445e-03
5.428467411547899246e-03
5.385793745517730713e-03
5.557966418564319611e-03
5.455200094729661942e-03
5.817009136080741882e-03
5.650256760418415070e-03
5.429144948720932007e-03
5.419517867267131805e-03
5.455160047858953476e-03
6.018184125423431396e-03
5.416883621364831924e-03
6.066359113901853561e-03
5.519123747944831848e-03
5.967819597572088242e-03
5.645583849400281906e-03
5.507425870746374130e-03
5.595344584435224533e-03
5.407312419265508652e-03
5.605636630207300186e-03
5.498633254319429398e-03
5.452329758554697037e-03
5.464690737426280975e-03
5.696470849215984344e-03
5.608585663139820099e-03
5.443664733320474625e-03
5.522388499230146408e-03
5.603435914963483810e-03
5.470604170113801956e-03
5.768064409494400024e-03
5.579497199505567551e-03
5.631204228848218918e-03
5.528018809854984283e-03
5.575133021920919418e-03
5.553832277655601501e-03
5.413079634308815002e-03
5.493977107107639313e-03
5.613780580461025238e-03
5.673952400684356689e-03
5.458273924887180328e-03
5.536042619496583939e-03
5.488563328981399536e-03
5.493042990565299988e-03
5.413804203271865845e-03
5.541626363992691040e-03
5.449416115880012512e-03
5.457012448459863663e-03
5.581689998507499695e-03
5.395840853452682495e-03
5.583083257079124451e-03
5.751099437475204468e-03
5.694008897989988327e-03
5.876837298274040222e-03
5.410488229244947433e-03
5.522391758859157562e-03
5.474227946251630783e-03
5.659955088049173355e-03
5.563982762396335602e-03
5.572096910327672958e-03
5.686990451067686081e-03
5.459043662995100021e-03
5.433543119579553604e-03
5.715993233025074005e-03
5.531067494302988052e-03
5.612842272967100143e-03
5.669163074344396591e-03
5.572257097810506821e-03
5.533358547836542130e-03
5.536154378205537796e-03
5.482738837599754333e-03
5.516722798347473145e-03
5.787448491901159286e-03
5.583700258284807205e-03
5.463932640850543976e-03
5.456190090626478195e-03
5.398740526288747787e-03
5.382383707910776138e-03
5.934527143836021423e-03
5.415557883679866791e-03
5.489137955009937286e-03
5.475020036101341248e-03
5.559421610087156296e-03
5.662137176841497421e-03
5.598213989287614822e-03
5.765338893979787827e-03
5.483716726303100586e-03
5.493412259966135025e-03
5.661063827574253082e-03
5.703893955796957016e-03
5.450645927339792252e-03
5.553896073251962662e-03
5.754519719630479813e-03
5.544758867472410202e-03
5.364968907088041306e-03
5.407770164310932159e-03
5.599671974778175354e-03
5.614474881440401077e-03
5.385119467973709106e-03
5.582327023148536682e-03
5.610432010143995285e-03
5.460749845951795578e-03
5.458555184304714203e-03
5.729857366532087326e-03
5.502293352037668228e-03
5.498982965946197510e-03
5.546877160668373108e-03
5.761980079114437103e-03
5.685125943273305893e-03
5.445244722068309784e-03
5.448362790048122406e-03
5.587151274085044861e-03
5.645693279802799225e-03
5.881256889551877975e-03
5.709286779165267944e-03
5.537016782909631729e-03
5.619386676698923111e-03
5.619337316602468491e-03
5.463168956339359283e-03
5.530944094061851501e-03
5.670839920639991760e-03
5.857532843947410583e-03
5.633588880300521851e-03
5.675800144672393799e-03
5.602181889116764069e-03
5.561648402363061905e-03
5.770814605057239532e-03
5.463732406497001648e-03
5.382773000746965408e-03
5.545951891690492630e-03
5.459311418235301971e-03
5.511476192623376846e-03
5.705276038497686386e-03
5.438371095806360245e-03
5.453278310596942902e-03
5.519392434507608414e-03
5.501157604157924652e-03
5.502039566636085510e-03
5.704095121473073959e-03
5.446693394333124161e-03
5.406728945672512054e-03
5.731031298637390137e-03
5.445943679660558701e-03
5.719922948628664017e-03
5.522529594600200653e-03
5.366113968193531036e-03
5.737842526286840439e-03
5.443451926112174988e-03
5.460736341774463654e-03
5.545518826693296432e-03
5.442058667540550232e-03
5.460844375193119049e-03
5.543201230466365814e-03
5.529679358005523682e-03
5.658700596541166306e-03
5.956698209047317505e-03
5.577867850661277771e-03
5.630495958030223846e-03
5.483812652528285980e-03
5.546565167605876923e-03
5.810952745378017426e-03
5.565671250224113464e-03
5.860812962055206299e-03
5.504278931766748428e-03
5.439425818622112274e-03
5.672581959515810013e-03
5.690786521881818771e-03
5.741967353969812393e-03
5.655355751514434814e-03
5.570490844547748566e-03
5.611125379800796509e-03
5.608373787254095078e-03
5.513394251465797424e-03
5.723581649363040924e-03
5.653027445077896118e-03
5.404626950621604919e-03
5.414667539298534393e-03
5.513478536158800125e-03
5.397231783717870712e-03
5.591122433543205261e-03
5.637421738356351852e-03
5.513982381671667099e-03
5.522486753761768341e-03
5.472496617585420609e-03
5.398027133196592331e-03
5.419362336397171021e-03
5.617671646177768707e-03
5.376434419304132462e-03
5.396901629865169525e-03
5.474960897117853165e-03
5.455228034406900406e-03
5.476824007928371429e-03
5.756239406764507294e-03
5.460029933601617813e-03
5.455400329083204269e-03
5.538439843803644180e-03
5.381760653108358383e-03
5.465282592922449112e-03
5.607418715953826904e-03
5.752887576818466187e-03
5.734995938837528229e-03
5.634008441120386124e-03
5.537595134228467941e-03
5.624590441584587097e-03
5.409289617091417313e-03
5.423690192401409149e-03
5.508301779627799988e-03
5.872620735317468643e-03
5.780779290944337845e-03
5.438301712274551392e-03
5.567139480262994766e-03
5.484806373715400696e-03
5.659963935613632202e-03
5.423602648079395294e-03
5.585521925240755081e-03
5.503482185304164886e-03
5.676757544279098511e-03
5.806713830679655075e-03
5.408911034464836121e-03
5.626088473945856094e-03
5.662817507982254028e-03
5.628774408251047134e-03
5.521114915609359741e-03
5.422967486083507538e-03
5.627685226500034332e-03
5.575716495513916016e-03
5.437847226858139038e-03
5.596071016043424606e-03
5.718697793781757355e-03
5.487061105668544769e-03
5.498711485415697098e-03
5.601465702056884766e-03
5.664780270308256149e-03
5.400035530328750610e-03
5.543634295463562012e-03
5.518467165529727936e-03
5.427230149507522583e-03
5.503505934029817581e-03
5.388212390244007111e-03
5.587729159742593765e-03
5.521864630281925201e-03
5.425432696938514709e-03
5.489328876137733459e-03
5.584843456745147705e-03
5.755782593041658401e-03
5.581722594797611237e-03
5.445253569632768631e-03
5.386398173868656158e-03
5.955675616860389709e-03
5.535740405321121216e-03
5.396876949816942215e-03
5.575570277869701385e-03
5.635167937725782394e-03
5.494642537087202072e-03
5.428387317806482315e-03
5.380096379667520523e-03
5.464880261570215225e-03
5.753085017204284668e-03
5.517877638339996338e-03
5.556769669055938721e-03
5.754944402724504471e-03
5.529983434826135635e-03
6.049790419638156891e-03
5.397734232246875763e-03
5.358703900128602982e-03
5.457696970552206039e-03
5.413575097918510437e-03
5.388106685131788254e-03
5.534136667847633362e-03
5.514147691428661346e-03
5.679953377693891525e-03
5.772742908447980881e-03
5.410259123891592026e-03
5.567923188209533691e-03
5.532376002520322800e-03
5.528463050723075867e-03
6.072500720620155334e-03
5.442419089376926422e-03
5.828449502587318420e-03
5.433954764157533646e-03
5.411070771515369415e-03
5.478791426867246628e-03
5.403870251029729843e-03
5.449892953038215637e-03
5.408443044871091843e-03
5.454509519040584564e-03
5.544987972825765610e-03
5.486928857862949371e-03
5.536637268960475922e-03
5.443049594759941101e-03
5.511014256626367569e-03
5.521837156265974045e-03
5.387052893638610840e-03
5.521688144654035568e-03
5.503912921994924545e-03
5.551730748265981674e-03
5.335432477295398712e-03
5.596557632088661194e-03
5.599165335297584534e-03
5.475036799907684326e-03
5.474441684782505035e-03
5.843895953148603439e-03
5.816627759486436844e-03
5.858554504811763763e-03
5.408337805420160294e-03
5.406813696026802063e-03
5.645779892802238464e-03
5.506051704287528992e-03
5.390932783484458923e-03
5.767320282757282257e-03
5.442491266876459122e-03
5.448346026241779327e-03
5.515288095921278000e-03
5.450166296213865280e-03
5.462653469294309616e-03
5.601095501333475113e-03
5.672658327966928482e-03
5.409220699220895767e-03
5.679970141500234604e-03
5.453458521515130997e-03
5.439240485429763794e-03
5.375417880713939667e-03
5.775921512395143509e-03
5.439647939056158066e-03
5.376907996833324432e-03
5.477659869939088821e-03
5.416273605078458786e-03
5.551937501877546310e-03
5.560608580708503723e-03
5.532616283744573593e-03
5.617581773549318314e-03
5.785183981060981750e-03
5.565040744841098785e-03
5.601577460765838623e-03
5.410312674939632416e-03
5.411189049482345581e-03
5.332546308636665344e-03
5.510286893695592880e-03
5.392231978476047516e-03
5.571797490119934082e-03
5.860381759703159332e-03
5.555771291255950928e-03
5.605625919997692108e-03
5.845538340508937836e-03
5.473015829920768738e-03
5.518078338354825974e-03
5.452355835586786270e-03
5.456573329865932465e-03
5.396934226155281067e-03
5.412355065345764160e-03
5.817947443574666977e-03
5.538352299481630325e-03
5.525495857000350952e-03
5.667567718774080276e-03
5.468140821903944016e-03
5.522080231457948685e-03
5.578832700848579407e-03
5.492613650858402252e-03
5.694060586392879486e-03
5.843377206474542618e-03
5.798303522169589996e-03
5.510860588401556015e-03
5.457035265862941742e-03
5.575513932853937149e-03
5.637569818645715714e-03
5.697384942322969437e-03
5.638681817799806595e-03
5.560742225497961044e-03
5.474437028169631958e-03
5.621682852506637573e-03
5.572150461375713348e-03
5.525929853320121765e-03
5.424198228865861893e-03
5.723440088331699371e-03
5.583412945270538330e-03
5.542251747101545334e-03
5.533177871257066727e-03
5.403599236160516739e-03
5.365914199501276016e-03
5.427572876214981079e-03
5.569906439632177353e-03
6.160343065857887268e-03
5.377819761633872986e-03
5.373514723032712936e-03
5.511966533958911896e-03
5.489332135766744614e-03
5.442955996841192245e-03
5.493442993611097336e-03
5.459894426167011261e-03
5.357643589377403259e-03
5.469930358231067657e-03
5.660198163241147995e-03
5.487389396876096725e-03
5.452444311231374741e-03
5.403470713645219803e-03
5.386301316320896149e-03
5.434014368802309036e-03
5.509201437234878540e-03
5.657578818500041962e-03
5.552870221436023712e-03
5.441326182335615158e-03
5.481760017573833466e-03
5.548512097448110580e-03
5.479636136442422867e-03
5.416278261691331863e-03
5.437666550278663635e-03
5.729019176214933395e-03
5.553572904318571091e-03
5.537792108952999115e-03
5.555027164518833160e-03
5.482666194438934326e-03
5.599958356469869614e-03
5.734599195420742035e-03
5.555223207920789719e-03
5.416121333837509155e-03
5.458863452076911926e-03
5.503309424966573715e-03
5.347067024558782578e-03
5.595027003437280655e-03
5.464059300720691681e-03
5.429059732705354691e-03
5.554772913455963135e-03
5.650839768350124359e-03
5.390189588069915771e-03
5.452259443700313568e-03
5.609733052551746368e-03
5.430744495242834091e-03
5.470309872180223465e-03
5.415234249085187912e-03
5.517594050616025925e-03
5.404549185186624527e-03
5.411387421190738678e-03
5.653245374560356140e-03
5.646043457090854645e-03
5.380712915211915970e-03
5.498372483998537064e-03
5.661666393280029297e-03
5.415513645857572556e-03
5.746668670326471329e-03
5.519084632396697998e-03
5.481256637722253799e-03
5.404852796345949173e-03
5.425960756838321686e-03
5.518274847418069839e-03
5.420010536909103394e-03
5.474824458360671997e-03
5.477258469909429550e-03
5.473679397255182266e-03
5.826447159051895142e-03
5.440335255116224289e-03
5.615432281047105789e-03
5.576833616942167282e-03
5.488387774676084518e-03
5.488807801157236099e-03
5.478798877447843552e-03
5.531151778995990753e-03
5.531765520572662354e-03
5.708426702767610550e-03
5.362289492040872574e-03
5.476875230669975281e-03
5.431173834949731827e-03
5.438310094177722931e-03
5.513148847967386246e-03
5.725281778723001480e-03
5.339245311915874481e-03
5.417204461991786957e-03
5.484256427735090256e-03
5.511511117219924927e-03
5.487514659762382507e-03
5.521720275282859802e-03
5.405236501246690750e-03
5.463275127112865448e-03
5.446269176900386810e-03
5.531494040042161942e-03
5.383861716836690903e-03
5.546560976654291153e-03
5.417980253696441650e-03
5.606907885521650314e-03
5.481265019625425339e-03
5.469867493957281113e-03
5.364230833947658539e-03
5.420085508376359940e-03
5.688371136784553528e-03
5.436855368316173553e-03
5.424790550023317337e-03
5.700355861335992813e-03
5.697800777852535248e-03
5.592109635472297668e-03
5.422897636890411377e-03
5.357637535780668259e-03
5.347025115042924881e-03
5.728154443204402924e-03
5.692494567483663559e-03
5.551110487431287766e-03
5.457290448248386383e-03
5.497772712260484695e-03
5.420594941824674606e-03
5.487789399921894073e-03
5.556523799896240234e-03
5.685088690370321274e-03
5.353237967938184738e-03
5.472113378345966339e-03
5.410423036664724350e-03
5.636089015752077103e-03
5.422761198133230209e-03
5.674215964972972870e-03
5.403383169323205948e-03
5.557516124099493027e-03
5.571137182414531708e-03
5.587058141827583313e-03
5.400386638939380646e-03
5.571510177105665207e-03
5.411832593381404877e-03
5.749957635998725891e-03
5.611733533442020416e-03
5.472636781632900238e-03
5.431937985122203827e-03
5.331793799996376038e-03
5.478653125464916229e-03
5.494285840541124344e-03
5.680406931787729263e-03
5.542298313230276108e-03
5.457234568893909454e-03
5.481540691107511520e-03
5.557740107178688049e-03
5.516448058187961578e-03
5.506759975105524063e-03
5.464886780828237534e-03
5.378362257033586502e-03
5.646414123475551605e-03
5.375721957534551620e-03
5.582542624324560165e-03
5.427669733762741089e-03
5.445265676826238632e-03
5.666312761604785919e-03
5.455991253256797791e-03
5.639872048050165176e-03
5.516607780009508133e-03
5.405428819358348846e-03
5.349897779524326324e-03
5.546747706830501556e-03
5.403924733400344849e-03
5.523518659174442291e-03
5.601851269602775574e-03
5.440671462565660477e-03
5.601152777671813965e-03
5.412538070231676102e-03
5.426875315606594086e-03
5.548612214624881744e-03
5.406335927546024323e-03
5.482481792569160461e-03
5.570576526224613190e-03
5.870184861123561859e-03
5.582862533628940582e-03
5.559532437473535538e-03
5.749510135501623154e-03
5.517320241779088974e-03
5.513628944754600525e-03
5.478869657963514328e-03
5.577935837209224701e-03
5.548391491174697876e-03
5.571142304688692093e-03
5.605472251772880554e-03
5.755966063588857651e-03
5.357041954994201660e-03
5.445809103548526764e-03
5.352151580154895782e-03
5.508516915142536163e-03
5.500797647982835770e-03
5.767077673226594925e-03
5.401238799095153809e-03
5.539364647120237350e-03
5.662871990352869034e-03
5.414787214249372482e-03
5.437063518911600113e-03
5.473754368722438812e-03
5.463656503707170486e-03
5.347055383026599884e-03
5.718099419027566910e-03
5.705882329493761063e-03
5.533534567803144455e-03
5.584297236055135727e-03
5.408413242548704147e-03
5.412939470261335373e-03
5.432317033410072327e-03
5.489978473633527756e-03
5.449505522847175598e-03
5.526817403733730316e-03
5.741648375988006592e-03
5.616249516606330872e-03
5.503512453287839890e-03
5.485938396304845810e-03
5.562117788940668106e-03
5.633525084704160690e-03
5.449670832604169846e-03
5.528602283447980881e-03
5.801862105727195740e-03
5.404523573815822601e-03
5.358793772757053375e-03
5.474974866956472397e-03
5.421208217740058899e-03
5.422291345894336700e-03
5.960956215858459473e-03
5.579911638051271439e-03
5.541259422898292542e-03
5.316930357366800308e-03
5.384974181652069092e-03
5.549554713070392609e-03
5.472320131957530975e-03
5.450051743537187576e-03
5.501766223460435867e-03
5.409102886915206909e-03
5.451025441288948059e-03
5.343944765627384186e-03
5.480286665260791779e-03
5.395683925598859787e-03
5.385116674005985260e-03
5.612938199192285538e-03
5.505641456693410873e-03
5.569208413362503052e-03
5.918879527598619461e-03
5.664375144988298416e-03
5.410958081483840942e-03
5.592436995357275009e-03
5.314512178301811218e-03
5.432991310954093933e-03
5.397369619458913803e-03
5.610272753983736038e-03
5.506824702024459839e-03
5.586200859397649765e-03
5.503105930984020233e-03
5.556225311011075974e-03
5.396534688770771027e-03
5.816841032356023788e-03
5.424213595688343048e-03
5.513534415513277054e-03
5.539210513234138489e-03
5.397504195570945740e-03
5.618004593998193741e-03
5.677160341292619705e-03
5.515259690582752228e-03
5.549401510506868362e-03
5.533223040401935577e-03
5.409120582044124603e-03
5.520946811884641647e-03
5.456257611513137817e-03
5.566611886024475098e-03
5.629988852888345718e-03
5.436271894723176956e-03
5.469946190714836121e-03
5.843636579811573029e-03
5.353021435439586639e-03
5.477512720972299576e-03
5.513331387192010880e-03
5.481173750013113022e-03
5.509773269295692444e-03
5.386258009821176529e-03
5.328714847564697266e-03
5.425588693469762802e-03
5.607427563518285751e-03
5.777887068688869476e-03
5.425880197435617447e-03
5.344765726476907730e-03
5.342518910765647888e-03
5.479584913700819016e-03
5.420923698693513870e-03
5.502955056726932526e-03
5.470580421388149261e-03
5.429189186543226242e-03
5.451777949929237366e-03
5.557619035243988037e-03
5.525105167180299759e-03
5.379272159188985825e-03
5.413037259131669998e-03
5.407996941357851028e-03
5.439615808427333832e-03
5.541822407394647598e-03
5.651831626892089844e-03
5.467619281262159348e-03
5.369340069591999054e-03
5.425721872597932816e-03
5.489839240908622742e-03
5.383630748838186264e-03
5.411988124251365662e-03
5.494612269103527069e-03
5.386807955801486969e-03
5.532619077712297440e-03
5.430520977824926376e-03
5.460815504193305969e-03
5.386322271078824997e-03
5.392054561525583267e-03
5.473361350595951080e-03
5.620425567030906677e-03
5.579822231084108353e-03
5.689607933163642883e-03
5.661837290972471237e-03
5.593552719801664352e-03
5.434225313365459442e-03
5.630830768495798111e-03
5.369969177991151810e-03
5.403350107371807098e-03
5.522166378796100616e-03
5.429058335721492767e-03
5.381258670240640640e-03
5.355637986212968826e-03
5.428972654044628143e-03
5.536502692848443985e-03
5.687044002115726471e-03
5.697046406567096710e-03
5.539710167795419693e-03
5.346852820366621017e-03
5.385010037571191788e-03
5.609126761555671692e-03
5.379477515816688538e-03
5.622372031211853027e-03
5.460190586745738983e-03
5.584539845585823059e-03
5.939084570854902267e-03
5.656033754348754883e-03
5.361898802220821381e-03
5.532904993742704391e-03
5.676889326423406601e-03
5.783185362815856934e-03
5.610331427305936813e-03
5.603054538369178772e-03
5.488903261721134186e-03
5.531715694814920425e-03
5.679807625710964203e-03
5.521512124687433243e-03
5.465749185532331467e-03
5.553503986448049545e-03
5.888144019991159439e-03
5.400435067713260651e-03
5.527167115360498428e-03
5.422683432698249817e-03
5.878456402570009232e-03
5.480123683810234070e-03
5.537009797990322113e-03
5.362444557249546051e-03
5.474669858813285828e-03
5.560794845223426819e-03
5.487149115651845932e-03
5.426966119557619095e-03
5.556577350944280624e-03
5.678766872733831406e-03
5.431758705526590347e-03
5.335791502147912979e-03
5.361467599868774414e-03
5.448045209050178528e-03
5.378817208111286163e-03
5.414149258285760880e-03
5.642406176775693893e-03
5.400845780968666077e-03
5.374187137931585312e-03
5.597396288067102432e-03
5.629545543342828751e-03
5.457751918584108353e-03
5.416043568402528763e-03
5.406989715993404388e-03
5.590851884335279465e-03
5.620787851512432098e-03
5.438661202788352966e-03
5.398389883339405060e-03
5.617134273052215576e-03
5.843711085617542267e-03
5.662912968546152115e-03
5.504176951944828033e-03
5.618044640868902206e-03
5.664037540555000305e-03
5.459326785057783127e-03
5.506442394107580185e-03
5.402215756475925446e-03
5.436901468783617020e-03
5.493426695466041565e-03
5.668790079653263092e-03
5.414764396846294403e-03
5.614488385617733002e-03
5.476168356835842133e-03
5.557633470743894577e-03
5.506034474819898605e-03
5.391594488173723221e-03
5.671713966876268387e-03
5.710953846573829651e-03
5.494432058185338974e-03
5.381895229220390320e-03
5.441098008304834366e-03
5.436790175735950470e-03
5.648749414831399918e-03
5.389399360865354538e-03
5.432801786810159683e-03
5.514916498214006424e-03
5.638244561851024628e-03
5.526223219931125641e-03
5.364819895476102829e-03
5.561335943639278412e-03
5.619589705020189285e-03
5.555547308176755905e-03
5.486791022121906281e-03
5.380284506827592850e-03
5.607782863080501556e-03
5.480319261550903320e-03
5.667638964951038361e-03
5.704669747501611710e-03
5.636076442897319794e-03
5.463592242449522018e-03
5.461514927446842194e-03
5.502183921635150909e-03
5.781793501228094101e-03
5.582669749855995178e-03
5.373596679419279099e-03
5.403447896242141724e-03
5.655694752931594849e-03
5.351300816982984543e-03
5.547179840505123138e-03
5.349972285330295563e-03
5.339210387319326401e-03
5.325344391167163849e-03
5.329426378011703491e-03
5.308030173182487488e-03
5.577775184065103531e-03
5.431703757494688034e-03
5.848713684827089310e-03
5.502434447407722473e-03
5.408642813563346863e-03
5.324131809175014496e-03
5.602088756859302521e-03
5.383949261158704758e-03
5.502612795680761337e-03
5.837225355207920074e-03
5.621103569865226746e-03
5.704714450985193253e-03
5.409299861639738083e-03
5.483783781528472900e-03
5.454968661069869995e-03
5.451688077300786972e-03
5.450296681374311447e-03
5.357230547815561295e-03
5.605901591479778290e-03
5.441520363092422485e-03
5.835962947458028793e-03
5.469882860779762268e-03
5.406918004155158997e-03
5.644570104777812958e-03
5.362716503441333771e-03
5.340799689292907715e-03
5.474537145346403122e-03
5.387276876717805862e-03
5.536757409572601318e-03
5.513343494385480881e-03
5.563742481172084808e-03
5.751589313149452209e-03
5.536102689802646637e-03
5.810840055346488953e-03
5.608899518847465515e-03
5.439392291009426117e-03
5.434376653283834457e-03
5.602629389613866806e-03
5.457838531583547592e-03
5.362316966056823730e-03
5.394211970269680023e-03
5.364147480577230453e-03
5.624348763376474380e-03
5.596349015831947327e-03
5.628774408251047134e-03
5.551483947783708572e-03
5.441621877253055573e-03
5.524754524230957031e-03
5.532013252377510071e-03
5.308469757437705994e-03
5.383831448853015900e-03
5.657564383000135422e-03
5.420736968517303467e-03
5.379835609346628189e-03
5.489328876137733459e-03
5.440522916615009308e-03
5.494683049619197845e-03
5.331787746399641037e-03
5.301207769662141800e-03
5.316719412803649902e-03
5.369272548705339432e-03
5.488055758178234100e-03
5.568274296820163727e-03
5.778690334409475327e-03
5.407634191215038300e-03
5.368156358599662781e-03
5.383309442549943924e-03
5.359434057027101517e-03
5.534377414733171463e-03
5.393180996179580688e-03
5.496786907315254211e-03
5.486966576427221298e-03
5.421750247478485107e-03
5.576224066317081451e-03
5.529365036636590958e-03
5.342035088688135147e-03
5.787444300949573517e-03
5.362357012927532196e-03
5.525329150259494781e-03
5.437865387648344040e-03
6.158669944852590561e-03
5.575366318225860596e-03
5.687452387064695358e-03
5.541020072996616364e-03
5.516265984624624252e-03
5.552025046199560165e-03
5.533586256206035614e-03
5.342260468751192093e-03
5.337924696505069733e-03
5.569566972553730011e-03
5.448390729725360870e-03
5.441827233880758286e-03
5.354592576622962952e-03
5.495856050401926041e-03
5.470394156873226166e-03
5.650496110320091248e-03
5.520619917660951614e-03
5.658671259880065918e-03
5.373644176870584488e-03
5.556306801736354828e-03
5.420131608843803406e-03
5.538532044738531113e-03
5.678353365510702133e-03
5.773199256509542465e-03
5.585192237049341202e-03
5.585301201790571213e-03
5.478303413838148117e-03
5.416367202997207642e-03
5.421495065093040466e-03
5.386920645833015442e-03
5.300522316247224808e-03
5.641059484332799911e-03
5.563066340982913971e-03
5.381095223128795624e-03
5.643079988658428192e-03
5.621648393571376801e-03
5.809106398373842239e-03
5.689838435500860214e-03
5.438148509711027145e-03
5.380842834711074829e-03
5.359439179301261902e-03
5.396490450948476791e-03
5.474658682942390442e-03
5.566041916608810425e-03
5.409077741205692291e-03
5.392573308199644089e-03
5.463530309498310089e-03
5.341865587979555130e-03
5.632407031953334808e-03
5.400595255196094513e-03
5.309957079589366913e-03
5.596569739282131195e-03
5.862743593752384186e-03
5.622235592454671860e-03
5.626870319247245789e-03
5.298726260662078857e-03
5.410670768469572067e-03
5.516190081834793091e-03
5.498282611370086670e-03
5.403188522905111313e-03
5.314683075994253159e-03
5.523731932044029236e-03
5.508092232048511505e-03
5.340887233614921570e-03
5.558078177273273468e-03
5.422895774245262146e-03
5.425612907856702805e-03
5.358916707336902618e-03
5.526390857994556427e-03
5.481347907334566116e-03
5.331888329237699509e-03
5.708947312086820602e-03
5.584311205893754959e-03
5.410352721810340881e-03
5.593229085206985474e-03
5.431182216852903366e-03
5.552869755774736404e-03
5.377847701311111450e-03
5.746702663600444794e-03
5.404377821832895279e-03
5.579484626650810242e-03
5.615976173430681229e-03
5.485808942466974258e-03
5.497574806213378906e-03
5.548955872654914856e-03
5.352342501282691956e-03
5.356422625482082367e-03
5.430416204035282135e-03
5.358419381082057953e-03
5.569446831941604614e-03
5.362429190427064896e-03
5.504600238054990768e-03
5.322935525327920914e-03
5.316486582159996033e-03
5.595976021140813828e-03
5.569363478571176529e-03
5.315855611115694046e-03
5.996535997837781906e-03
5.555673502385616302e-03
5.426828749477863312e-03
5.402303300797939301e-03
5.502470768988132477e-03
5.467707756906747818e-03
5.421272478997707367e-03
5.439507775008678436e-03
5.600103177130222321e-03
5.427068099379539490e-03
5.305821076035499573e-03
5.459036212414503098e-03
5.584099330008029938e-03
5.508040543645620346e-03
5.576289724558591843e-03
5.308019462972879410e-03
5.520741455256938934e-03
5.402742885053157806e-03
5.429222714155912399e-03
5.487691145390272141e-03
5.409521050751209259e-03
5.461448337882757187e-03
5.497192498296499252e-03
5.682877730578184128e-03
5.388723686337471008e-03
5.452171899378299713e-03
5.416829604655504227e-03
5.551858339458703995e-03
5.551360547542572021e-03
5.522558931261301041e-03
5.426928866654634476e-03
5.437082611024379730e-03
5.443550646305084229e-03
5.429320968687534332e-03
5.479987710714340210e-03
5.314835347235202789e-03
5.451349541544914246e-03
5.466673988848924637e-03
5.434379447251558304e-03
5.746448412537574768e-03
5.505828186869621277e-03
5.458231549710035324e-03
5.734003148972988129e-03
5.479339975863695145e-03
5.526407156139612198e-03
5.556976888328790665e-03
5.365713499486446381e-03
5.388913210481405258e-03
5.686480551958084106e-03
5.813029594719409943e-03
5.848377477377653122e-03
5.335337016731500626e-03
5.530848167836666107e-03
5.436546169221401215e-03
5.373944062739610672e-03
5.326490849256515503e-03
5.679620429873466492e-03
5.424236878752708435e-03
5.613170098513364792e-03
5.367781035602092743e-03
5.389048717916011810e-03
5.590701941400766373e-03
5.371500272303819656e-03
5.528640002012252808e-03
5.819065961986780167e-03
5.662317853420972824e-03
5.404934752732515335e-03
5.564020480960607529e-03
5.496902391314506531e-03
5.351048894226551056e-03
5.423763766884803772e-03
5.315743386745452881e-03
5.366424564272165298e-03
5.350291263312101364e-03
5.470870528370141983e-03
5.547728855162858963e-03
5.551196634769439697e-03
5.520925857126712799e-03
5.334901157766580582e-03
5.586072336882352829e-03
5.733977537602186203e-03
5.537916440516710281e-03
5.495552439242601395e-03
5.343225318938493729e-03
5.728650372475385666e-03
5.592052824795246124e-03
5.811544135212898254e-03
5.324568599462509155e-03
5.531731992959976196e-03
5.619496107101440430e-03
5.331182852387428284e-03
5.451481789350509644e-03
5.520942620933055878e-03
5.338045768439769745e-03
5.466930102556943893e-03
5.464763380587100983e-03
5.434738006442785263e-03
5.305058322846889496e-03
5.450380500406026840e-03
5.303506273776292801e-03
5.607493687421083450e-03
5.308664403855800629e-03
5.588680040091276169e-03
5.423402879387140274e-03
5.721995141357183456e-03
5.925921723246574402e-03
5.408607423305511475e-03
5.412672180682420731e-03
5.572124850004911423e-03
5.285550840198993683e-03
5.421231966465711594e-03
5.403803195804357529e-03
5.787971429526805878e-03
5.601175595074892044e-03
5.541684571653604507e-03
5.778869614005088806e-03
5.495743826031684875e-03
5.314771551638841629e-03
5.338420625776052475e-03
5.561061203479766846e-03
5.453347694128751755e-03
5.329685285687446594e-03
5.625705234706401825e-03
5.496358964592218399e-03
5.444832146167755127e-03
5.360876675695180893e-03
5.316931288689374924e-03
5.426120944321155548e-03
5.610852036625146866e-03
5.397893022745847702e-03
5.495346151292324066e-03
5.568278487771749496e-03
5.385280586779117584e-03
5.528906825929880142e-03
5.410836543887853622e-03
5.472376011312007904e-03
5.475080572068691254e-03
5.360882729291915894e-03
5.580437835305929184e-03
5.437713116407394409e-03
5.337653215974569321e-03
5.571591202169656754e-03
5.377804394811391830e-03
5.320606753230094910e-03
5.455865990370512009e-03
5.690518766641616821e-03
5.360142327845096588e-03
5.594122689217329025e-03
5.638949107378721237e-03
5.712343379855155945e-03
5.783834028989076614e-03
5.617523565888404846e-03
5.338849499821662903e-03
5.309159867465496063e-03
5.646271631121635437e-03
5.374894477427005768e-03
5.446302238851785660e-03
5.349304992705583572e-03
5.281049758195877075e-03
5.600285716354846954e-03
5.348220001906156540e-03
5.355005618184804916e-03
5.393173545598983765e-03
5.341310519725084305e-03
5.415912251919507980e-03
5.488985218107700348e-03
5.351052153855562210e-03
5.602920427918434143e-03
5.551824811846017838e-03
5.320555530488491058e-03
5.411385092884302139e-03
5.376929882913827896e-03
5.361888557672500610e-03
5.349855870008468628e-03
5.580973811447620392e-03
5.392687395215034485e-03
5.416826810687780380e-03
5.918831098824739456e-03
5.498104728758335114e-03
5.471400916576385498e-03
5.437064915895462036e-03
5.502352025359869003e-03
5.294434726238250732e-03
5.522563587874174118e-03
5.476783961057662964e-03
5.367468576878309250e-03
5.384322255849838257e-03
5.658380221575498581e-03
5.473028868436813354e-03
5.410846322774887085e-03
5.508993752300739288e-03
5.487928166985511780e-03
5.545691121369600296e-03
5.330765619874000549e-03
5.373612046241760254e-03
5.700395908206701279e-03
5.353078711777925491e-03
5.550320725888013840e-03
5.261738318949937820e-03
5.369127728044986725e-03
5.583661608397960663e-03
5.357502028346061707e-03
5.314701236784458160e-03
5.589444190263748169e-03
5.325324833393096924e-03
5.631561391055583954e-03
5.487231072038412094e-03
5.350856576114892960e-03
5.381247028708457947e-03
5.661871749907732010e-03
5.571439396589994431e-03
5.244359839707612991e-03
5.313780624419450760e-03
5.477015860378742218e-03
5.409287754446268082e-03
5.571809597313404083e-03
5.664623342454433441e-03
5.649099126458168030e-03
5.544729530811309814e-03
5.346854683011770248e-03
5.674435291439294815e-03
5.497810430824756622e-03
5.530107300728559494e-03
5.450565367937088013e-03
5.435026250779628754e-03
5.331113934516906738e-03
5.393913481384515762e-03
5.458284635096788406e-03
5.496966186910867691e-03
5.472151096910238266e-03
5.316782742738723755e-03
5.481639411300420761e-03
5.344468168914318085e-03
5.340359639376401901e-03
5.316142458468675613e-03
5.455960519611835480e-03
5.460480228066444397e-03
5.294190719723701477e-03
5.405285395681858063e-03
5.315572954714298248e-03
5.314516834914684296e-03
5.544846877455711365e-03
5.476296413689851761e-03
5.338154267519712448e-03
5.352400243282318115e-03
5.319803487509489059e-03
5.421750247478485107e-03
5.315546877682209015e-03
5.401835311204195023e-03
5.587159655988216400e-03
5.507539026439189911e-03
5.336299538612365723e-03
5.529878661036491394e-03
5.335219670087099075e-03
5.395828280597925186e-03
5.422988440841436386e-03
5.411604419350624084e-03
5.274843424558639526e-03
5.310200154781341553e-03
5.411852151155471802e-03
5.540028680115938187e-03
5.455674603581428528e-03
5.338507704436779022e-03
5.928471218794584274e-03
5.523014348000288010e-03
5.579899996519088745e-03
5.342666059732437134e-03
5.366083234548568726e-03
5.290494300425052643e-03
5.470016505569219589e-03
5.409456789493560791e-03
5.500518251210451126e-03
5.903240758925676346e-03
5.390580277889966965e-03
5.626067519187927246e-03
5.448777694255113602e-03
5.661523435264825821e-03
5.713560152798891068e-03
5.737140309065580368e-03
5.713081918656826019e-03
5.452816374599933624e-03
5.403351038694381714e-03
5.435933358967304230e-03
5.526291206479072571e-03
5.536468233913183212e-03
5.818070843815803528e-03
5.331758409738540649e-03
5.381688009947538376e-03
5.316324066370725632e-03
5.563328042626380920e-03
5.443376488983631134e-03
5.374459084123373032e-03
5.353285931050777435e-03
5.692984908819198608e-03
5.285970401018857956e-03
5.403895396739244461e-03
5.285764113068580627e-03
5.535776261240243912e-03
5.399643443524837494e-03
5.587263964116573334e-03
5.526702851057052612e-03
5.441304296255111694e-03
5.322757177054882050e-03
5.593968089669942856e-03
5.555461160838603973e-03
5.425055976957082748e-03
5.486008245497941971e-03
5.686256568878889084e-03
5.374708678573369980e-03
5.315905902534723282e-03
5.414381157606840134e-03
5.685145035386085510e-03
5.389239173382520676e-03
5.322776269167661667e-03
5.611244123429059982e-03
5.687877535820007324e-03
5.294988397508859634e-03
5.337773356586694717e-03
5.412282422184944153e-03
5.263065453618764877e-03
5.342692602425813675e-03
5.347890779376029968e-03
5.373576655983924866e-03
5.402611102908849716e-03
5.498746875673532486e-03
5.370738450437784195e-03
5.373765714466571808e-03
5.581166129559278488e-03
5.245813168585300446e-03
5.320939701050519943e-03
5.316488444805145264e-03
5.515441298484802246e-03
5.391972139477729797e-03
5.377983674407005310e-03
5.297548137605190277e-03
5.298644304275512695e-03
5.807140842080116272e-03
5.554975010454654694e-03
5.561215337365865707e-03
5.937430541962385178e-03
5.571651738137006760e-03
5.614656023681163788e-03
5.441535264253616333e-03
5.261177197098731995e-03
5.739690270274877548e-03
5.666318349540233612e-03
5.369288381189107895e-03
5.426887888461351395e-03
5.251881666481494904e-03
5.515869706869125366e-03
5.467793438583612442e-03
5.983379669487476349e-03
5.512002389878034592e-03
5.231262650340795517e-03
5.430879071354866028e-03
5.403572693467140198e-03
5.364662501960992813e-03
5.446678493171930313e-03
5.308867432177066803e-03
5.530237685889005661e-03
5.423949565738439560e-03
5.536407232284545898e-03
5.393038503825664520e-03
5.328446626663208008e-03
5.463291890919208527e-03
5.357887595891952515e-03
5.343813914805650711e-03
5.449387710541486740e-03
5.624739453196525574e-03
5.371354054659605026e-03
5.756249651312828064e-03
5.612893030047416687e-03
5.500662606209516525e-03
5.418691318482160568e-03
5.363985896110534668e-03
5.862254183739423752e-03
5.291732493788003922e-03
5.826079752296209335e-03
5.503662861883640289e-03
5.537088494747877121e-03
5.644517019391059875e-03
5.335871130228042603e-03
5.415771156549453735e-03
5.252751987427473068e-03
5.351329687982797623e-03
5.609093699604272842e-03
5.609240848571062088e-03
5.647372920066118240e-03
5.369435064494609833e-03
5.347574595361948013e-03
5.448914133012294769e-03
5.368283484131097794e-03
5.412898026406764984e-03
5.356204230338335037e-03
5.340918898582458496e-03
5.280630663037300110e-03
5.286366678774356842e-03
5.310187581926584244e-03
5.435412283986806870e-03
5.400230176746845245e-03
5.544512066990137100e-03
5.397127475589513779e-03
5.361687857657670975e-03
5.377699621021747589e-03
5.333029199391603470e-03
5.482004024088382721e-03
5.514264106750488281e-03
5.304460413753986359e-03
5.408836062997579575e-03
5.576245486736297607e-03
5.517306737601757050e-03
5.374052561819553375e-03
5.383497104048728943e-03
5.431876983493566513e-03
5.384891293942928314e-03
5.295176524668931961e-03
5.378103815019130707e-03
5.271530244499444962e-03
5.552792456001043320e-03
5.818497389554977417e-03
5.574901122599840164e-03
5.536569748073816299e-03
5.434628110378980637e-03
5.324536934494972229e-03
5.359044764190912247e-03
5.635818466544151306e-03
5.685967393219470978e-03
5.439399741590023041e-03
5.305514670908451080e-03
5.385803058743476868e-03
5.447679199278354645e-03
5.547974724322557449e-03
5.582205485552549362e-03
5.528246052563190460e-03
5.392152816057205200e-03
5.320115014910697937e-03
5.380444694310426712e-03
5.583059508353471756e-03
5.348622333258390427e-03
5.436697509139776230e-03
5.272804293781518936e-03
5.424631293863058090e-03
5.426763556897640228e-03
5.484575405716896057e-03
5.283889360725879669e-03
5.634219851344823837e-03
5.432698410004377365e-03
5.318959243595600128e-03
5.373963620513677597e-03
5.311119370162487030e-03
5.262169055640697479e-03
5.323195364326238632e-03
5.428104661405086517e-03
5.305897444486618042e-03
5.323348566889762878e-03
5.484532564878463745e-03
5.500537808984518051e-03
5.525418557226657867e-03
5.479755811393260956e-03
5.406190175563097000e-03
5.360544193536043167e-03
5.323941353708505630e-03
5.411038640886545181e-03
5.444159265607595444e-03
5.434853490442037582e-03
5.408225581049919128e-03
5.779645405709743500e-03
5.643049255013465881e-03
5.514810327440500259e-03
5.337876267731189728e-03
5.462437868118286133e-03
5.432758014649152756e-03
5.485017318278551102e-03
5.400572903454303741e-03
5.447388626635074615e-03
5.258855875581502914e-03
5.334046203643083572e-03
5.333516281098127365e-03
5.617162212729454041e-03
5.338718183338642120e-03
5.299855954945087433e-03
5.549575202167034149e-03
5.322039593011140823e-03
5.566045641899108887e-03
5.238302517682313919e-03
5.386190023273229599e-03
5.331074818968772888e-03
5.364409647881984711e-03
5.276572890579700470e-03
5.416815634816884995e-03
5.579771474003791809e-03
5.343620665371417999e-03
5.557264667004346848e-03
5.331664346158504486e-03
5.278869532048702240e-03
5.261098034679889679e-03
5.355753004550933838e-03
5.303096491843461990e-03
5.345837678760290146e-03
5.399732384830713272e-03
5.281355232000350952e-03
5.306722130626440048e-03
5.279753357172012329e-03
5.302948411554098129e-03
5.553163122385740280e-03
5.472174379974603653e-03
5.388172809034585953e-03
5.490671843290328979e-03
5.311714485287666321e-03
5.401439964771270752e-03
5.239559803158044815e-03
5.467013455927371979e-03
5.618205294013023376e-03
5.622546654194593430e-03
5.273855291306972504e-03
5.566149950027465820e-03
5.686718970537185669e-03
5.391499958932399750e-03
5.382292903959751129e-03
5.301248282194137573e-03
5.451091099530458450e-03
5.490502808243036270e-03
5.289627239108085632e-03
5.270339548587799072e-03
5.389914382249116898e-03
5.415957886725664139e-03
5.494302138686180115e-03
5.600807722657918930e-03
5.483715329319238663e-03
5.421942099928855896e-03
5.308492574840784073e-03
5.457036197185516357e-03
5.496827419847249985e-03
5.607776343822479248e-03
5.419528577476739883e-03
5.364985205233097076e-03
5.408714525401592255e-03
5.320538301020860672e-03
5.503975320607423782e-03
5.442235618829727173e-03
5.299147684127092361e-03
5.439361091703176498e-03
5.238529760390520096e-03
5.357806570827960968e-03
5.775794386863708496e-03
5.396355874836444855e-03
5.352079868316650391e-03
5.586426705121994019e-03
5.316692404448986053e-03
5.364699289202690125e-03
5.391201004385948181e-03
5.465354770421981812e-03
5.362957715988159180e-03
5.200437270104885101e-03
5.571214482188224792e-03
5.417459178715944290e-03
5.292183719575405121e-03
5.228073336184024811e-03
5.418045446276664734e-03
5.484467837959527969e-03
5.698076449334621429e-03
5.504509434103965759e-03
5.303566344082355499e-03
5.524020642042160034e-03
5.398069974035024643e-03
5.431983619928359985e-03
5.367395933717489243e-03
5.242639221251010895e-03
5.270998459309339523e-03
5.257497075945138931e-03
5.250311456620693207e-03
5.492277443408966064e-03
5.475815385580062866e-03
5.482890643179416656e-03
5.400888621807098389e-03
5.581980571150779724e-03
5.414200015366077423e-03
5.287440959364175797e-03
5.431238096207380295e-03
5.385825410485267639e-03
5.754266865551471710e-03
5.392131395637989044e-03
5.372065119445323944e-03
5.299609620124101639e-03
5.590507760643959045e-03
5.423008464276790619e-03
5.263188388198614120e-03
5.400735884904861450e-03
5.272070877254009247e-03
5.324837751686573029e-03
5.379438400268554688e-03
5.338909104466438293e-03
5.378962028771638870e-03
5.381043534725904465e-03
5.377700552344322205e-03
5.586523562669754028e-03
5.699690897017717361e-03
5.399234127253293991e-03
5.479492247104644775e-03
5.464782472699880600e-03
5.394429899752140045e-03
5.588243249803781509e-03
5.315970629453659058e-03
5.497380625456571579e-03
5.314227193593978882e-03
5.499373190104961395e-03
5.514964926987886429e-03
5.446631461381912231e-03
5.244898609817028046e-03
5.427849013358354568e-03
5.458961240947246552e-03
5.378576461225748062e-03
5.335982888936996460e-03
5.331701133400201797e-03
5.323209334164857864e-03
5.269009154289960861e-03
5.281435325741767883e-03
5.425286013633012772e-03
5.604268051683902740e-03
5.369490012526512146e-03
5.765947047621011734e-03
5.305022932589054108e-03
5.280514713376760483e-03
5.314488895237445831e-03
5.441208835691213608e-03
5.293237976729869843e-03
5.387871991842985153e-03
5.377650260925292969e-03
5.397667642682790756e-03
5.453467834740877151e-03
5.416631232947111130e-03
5.577897652983665466e-03
5.691909231245517731e-03
5.394701845943927765e-03
5.420299246907234192e-03
5.280841607600450516e-03
5.569604225456714630e-03
5.335464142262935638e-03
5.389342084527015686e-03
5.615639965981245041e-03
5.885112099349498749e-03
5.521743092685937881e-03
5.449831485748291016e-03
5.334897898137569427e-03
5.294476635754108429e-03
5.328362807631492615e-03
5.312056746333837509e-03
5.239597056061029434e-03
5.298014730215072632e-03
5.254909396171569824e-03
5.918235983699560165e-03
5.283705890178680420e-03
5.250381305813789368e-03
5.494323093444108963e-03
5.446154158562421799e-03
5.317549686878919601e-03
5.320015829056501389e-03
5.288035143166780472e-03
5.580982193350791931e-03
5.316734779626131058e-03
5.269341636449098587e-03
5.378786008805036545e-03
5.299102514982223511e-03
5.699890200048685074e-03
5.360554903745651245e-03
5.393470637500286102e-03
5.604078527539968491e-03
5.629409570246934891e-03
5.339747760444879532e-03
5.507869180291891098e-03
5.305335391312837601e-03
5.417182575911283493e-03
5.271989386528730392e-03
5.317091941833496094e-03
5.330754909664392471e-03
5.341195501387119293e-03
5.348886828869581223e-03
5.568396765738725662e-03
5.356574431061744690e-03
5.366481374949216843e-03
5.220200866460800171e-03
5.280096549540758133e-03
5.318396724760532379e-03
5.383052397519350052e-03
5.374889355152845383e-03
5.318955052644014359e-03
5.267146974802017212e-03
5.530638154596090317e-03
5.299587734043598175e-03
5.545930005609989166e-03
5.474209319800138474e-03
5.280610173940658569e-03
5.306083709001541138e-03
5.417366977781057358e-03
5.559490527957677841e-03
5.365622229874134064e-03
5.358971189707517624e-03
5.329003557562828064e-03
5.436321254819631577e-03
5.213181488215923309e-03
5.493155214935541153e-03
5.452050827443599701e-03
5.304304417222738266e-03
5.245687905699014664e-03
5.485884845256805420e-03
5.489259958267211914e-03
5.571843590587377548e-03
5.288844462484121323e-03
5.345361307263374329e-03
5.858892574906349182e-03
5.447299219667911530e-03
5.263493862003087997e-03
5.289338994771242142e-03
5.397137720137834549e-03
5.865129176527261734e-03
5.596941802650690079e-03
5.427931435406208038e-03
5.514740012586116791e-03
5.402305629104375839e-03
5.597389768809080124e-03
5.295923911035060883e-03
5.496241617947816849e-03
5.546715576201677322e-03
5.552492104470729828e-03
5.292351357638835907e-03
5.452323239296674728e-03
5.554691888391971588e-03
5.594091955572366714e-03
5.343148484826087952e-03
5.285181105136871338e-03
5.441009532660245895e-03
5.407141521573066711e-03
5.364862270653247833e-03
5.291900597512722015e-03
5.426859483122825623e-03
5.403328686952590942e-03
5.469366908073425293e-03
5.319205578416585922e-03
5.376655608415603638e-03
5.378832574933767319e-03
5.294445902109146118e-03
5.362660624086856842e-03
5.723815876990556717e-03
5.464886780828237534e-03
5.290247499942779541e-03
5.380706395953893661e-03
5.246611312031745911e-03
5.431958008557558060e-03
5.466175265610218048e-03
5.462329369038343430e-03
5.446096882224082947e-03
5.654405802488327026e-03
5.507478024810552597e-03
5.558064673095941544e-03
5.314880982041358948e-03
5.404546856880187988e-03
5.268129985779523849e-03
5.515387281775474548e-03
5.555800162255764008e-03
5.388302262872457504e-03
5.277895368635654449e-03
5.608068313449621201e-03
5.416585132479667664e-03
5.267168860882520676e-03
5.391634535044431686e-03
5.573242902755737305e-03
5.420138128101825714e-03
5.419440567493438721e-03
5.349315237253904343e-03
5.362241528928279877e-03
5.386946257203817368e-03
5.465240683406591415e-03
5.516793578863143921e-03
5.533938761800527573e-03
5.277737043797969818e-03
5.813744384795427322e-03
5.491474177688360214e-03
5.402987822890281677e-03
5.395448766648769379e-03
5.293138790875673294e-03
5.237576086074113846e-03
5.345695652067661285e-03
5.287501029670238495e-03
5.579209886491298676e-03
5.328787956386804581e-03
5.396010354161262512e-03
5.598839838057756424e-03
5.391007754951715469e-03
5.328433122485876083e-03
5.495753604918718338e-03
5.332424305379390717e-03
5.260040517896413803e-03
5.346261896193027496e-03
5.482597742229700089e-03
5.305955186486244202e-03
5.332794040441513062e-03
5.303665529936552048e-03
5.346913821995258331e-03
5.289061460644006729e-03
5.233045201748609543e-03
5.746836308389902115e-03
5.393548402935266495e-03
5.381981842219829559e-03
5.309259984642267227e-03
5.365264602005481720e-03
5.441650748252868652e-03
5.728838499635457993e-03
5.757568869739770889e-03
5.282299127429723740e-03
5.417175125330686569e-03
5.557485390454530716e-03
5.262970924377441406e-03
5.255299154669046402e-03
5.243504419922828674e-03
5.743538029491901398e-03
5.519133526831865311e-03
5.369348917156457901e-03
5.440459586679935455e-03
5.483761429786682129e-03
5.427492782473564148e-03
5.268671084195375443e-03
5.397857632488012314e-03
5.474261473864316940e-03
5.408909171819686890e-03
5.435141734778881073e-03
5.338410846889019012e-03
5.391675513237714767e-03
5.440621636807918549e-03
5.385957658290863037e-03
5.444191396236419678e-03
5.430622026324272156e-03
5.500855389982461929e-03
5.463836714625358582e-03
5.324542522430419922e-03
5.384136456996202469e-03
5.620772950351238251e-03
5.279284436255693436e-03
5.475646816194057465e-03
5.362554918974637985e-03
5.448904819786548615e-03
5.438427440822124481e-03
5.274111405014991760e-03
5.426145158708095551e-03
5.623183678835630417e-03
5.229185800999403000e-03
5.380991846323013306e-03
5.326884798705577850e-03
5.416993983089923859e-03
5.275184288620948792e-03
5.197583697736263275e-03
5.210243631154298782e-03
5.322209093719720840e-03
5.501116160303354263e-03
5.379797890782356262e-03
5.319278221577405930e-03
5.224649328738451004e-03
5.434247665107250214e-03
5.435380153357982635e-03
5.342979915440082550e-03
5.400119815021753311e-03
5.344335921108722687e-03
5.331068299710750580e-03
5.449875257909297943e-03
5.448287818580865860e-03
5.293159745633602142e-03
5.475518293678760529e-03
5.318342242389917374e-03
5.644778721034526825e-03
5.340504460036754608e-03
5.371933337301015854e-03
5.332263186573982239e-03
5.446928087621927261e-03
5.659599788486957550e-03
5.475304555147886276e-03
5.480747669935226440e-03
5.380475427955389023e-03
5.439492873847484589e-03
5.389906931668519974e-03
5.235229153186082840e-03
5.511532071977853775e-03
5.329672712832689285e-03
5.552535410970449448e-03
5.468614399433135986e-03
5.576269701123237610e-03
5.368000362068414688e-03
5.341079551726579666e-03
5.290155299007892609e-03
5.345882847905158997e-03
5.255550611764192581e-03
5.311551969498395920e-03
5.224661901593208313e-03
5.358830094337463379e-03
5.592678207904100418e-03
5.511363036930561066e-03
5.310920532792806625e-03
5.830023437738418579e-03
5.428459495306015015e-03
5.399503745138645172e-03
5.288605112582445145e-03
5.307134240865707397e-03
5.483666434884071350e-03
5.348492879420518875e-03
5.390430334955453873e-03
5.481195170432329178e-03
5.323519930243492126e-03
5.906973034143447876e-03
5.537289194762706757e-03
5.345067474991083145e-03
5.665828008204698563e-03
5.404952913522720337e-03
5.384920630604028702e-03
5.502083338797092438e-03
5.222455598413944244e-03
5.242054350674152374e-03
5.314509384334087372e-03
5.682238843291997910e-03
5.593222565948963165e-03
5.361213814467191696e-03
5.279699340462684631e-03
5.402169190347194672e-03
5.574975162744522095e-03
6.335339508950710297e-03
5.278232041746377945e-03
5.272657144814729691e-03
5.488931667059659958e-03
5.272173322737216949e-03
5.255499854683876038e-03
5.300323944538831711e-03
5.381004884839057922e-03
5.379925016313791275e-03
5.505166947841644287e-03
5.271270871162414551e-03
5.255972500890493393e-03
5.429287906736135483e-03
5.445072427392005920e-03
5.268435459583997726e-03
5.500852130353450775e-03
5.342591088265180588e-03
5.299021489918231964e-03
5.230786744505167007e-03
5.251258611679077148e-03
5.218464881181716919e-03
5.297707859426736832e-03
5.282516591250896454e-03
5.276988260447978973e-03
5.367309320718050003e-03
5.326401442289352417e-03
5.334794521331787109e-03
5.383632611483335495e-03
5.496065132319927216e-03
5.340932402759790421e-03
5.362271331250667572e-03
5.575437564402818680e-03
5.545726977288722992e-03
5.629660561680793762e-03
5.308201070874929428e-03
5.373612977564334869e-03
5.326407961547374725e-03
5.251792259514331818e-03
5.361827556043863297e-03
5.296889692544937134e-03
5.460595712065696716e-03
5.473949946463108063e-03
5.476207006722688675e-03
5.340023897588253021e-03
5.268087610602378845e-03
5.228511057794094086e-03
5.236567463725805283e-03
5.255699623376131058e-03
5.280700046569108963e-03
5.420275498181581497e-03
5.318197887390851974e-03
5.603799596428871155e-03
5.425470415502786636e-03
5.272503010928630829e-03
5.332405678927898407e-03
5.576221738010644913e-03
5.430755671113729477e-03
5.414493847638368607e-03
5.342516116797924042e-03
5.426368210464715958e-03
5.566196516156196594e-03
5.411007907241582870e-03
5.254182964563369751e-03
5.349855404347181320e-03
5.227740854024887085e-03
5.255886819213628769e-03
5.239410791546106339e-03
5.496121942996978760e-03
5.578982178121805191e-03
5.787685047835111618e-03
5.739002954214811325e-03
5.413519218564033508e-03
5.300382152199745178e-03
5.522540770471096039e-03
5.469910334795713425e-03
5.582653451710939407e-03
5.441640969365835190e-03
5.343375727534294128e-03
5.628562998026609421e-03
5.596136674284934998e-03
5.333627108484506607e-03
5.460804328322410583e-03
5.271542817354202271e-03
5.268891341984272003e-03
5.397659726440906525e-03
5.414430983364582062e-03
5.509647075086832047e-03
5.309828557074069977e-03
5.413496401160955429e-03
5.494525190442800522e-03
5.361533723771572113e-03
5.294381175190210342e-03
5.417552310973405838e-03
5.587158724665641785e-03
5.307175219058990479e-03
5.277067888528108597e-03
5.323873367160558701e-03
5.627910606563091278e-03
5.389129742980003357e-03
5.365744233131408691e-03
5.368505604565143585e-03
5.258759949356317520e-03
5.292176734656095505e-03
5.338289309293031693e-03
5.441887769848108292e-03
5.214304197579622269e-03
5.254754330962896347e-03
5.443341098725795746e-03
5.644165910780429840e-03
5.428291391581296921e-03
5.415863357484340668e-03
5.455576814711093903e-03
5.434121936559677124e-03
5.373998079448938370e-03
5.234405398368835449e-03
5.383420269936323166e-03
5.257109180092811584e-03
5.428233183920383453e-03
5.325752310454845428e-03
5.378876812756061554e-03
5.251021590083837509e-03
5.249960813671350479e-03
5.417810752987861633e-03
5.453164689242839813e-03
5.368961021304130554e-03
5.439919885247945786e-03
5.393339321017265320e-03
5.674656014889478683e-03
5.399260669946670532e-03
5.482642911374568939e-03
5.390565842390060425e-03
5.456510931253433228e-03
5.525449756532907486e-03
5.457186605781316757e-03
5.304632708430290222e-03
5.255065392702817917e-03
5.402429495006799698e-03
5.289428401738405228e-03
5.822078324854373932e-03
5.503884516656398773e-03
5.360095761716365814e-03
5.197799298912286758e-03
5.388545803725719452e-03
5.326061975210905075e-03
5.258511751890182495e-03
5.286132916808128357e-03
5.327008198946714401e-03
5.454948171973228455e-03
5.225411150604486465e-03
5.490405019372701645e-03
5.277162417769432068e-03
5.394046660512685776e-03
5.312537308782339096e-03
5.535065196454524994e-03
5.392456427216529846e-03
5.322785582393407822e-03
5.443625152111053467e-03
5.431117955595254898e-03
5.478643346577882767e-03
5.331205669790506363e-03
5.492644850164651871e-03
5.437451414763927460e-03
5.354272201657295227e-03
5.359009839594364166e-03
5.202460568398237228e-03
5.325534846633672714e-03
5.225854460150003433e-03
5.273374728858470917e-03
5.360009614378213882e-03
5.232455208897590637e-03
5.397760309278964996e-03
5.690657068043947220e-03
5.406962241977453232e-03
5.427518859505653381e-03
5.261259153485298157e-03
5.460764281451702118e-03
5.280548240989446640e-03
5.452482961118221283e-03
5.482495296746492386e-03
5.644768010824918747e-03
5.622854456305503845e-03
5.437126848846673965e-03
5.356750451028347015e-03
5.373422056436538696e-03
5.432649515569210052e-03
5.315248854458332062e-03
5.233360920101404190e-03
5.321769975125789642e-03
5.348331294953823090e-03
5.324126686900854111e-03
5.317195318639278412e-03
5.372913088649511337e-03
5.195786245167255402e-03
5.244209896773099899e-03
5.633756052702665329e-03
5.343720782548189163e-03
5.550043191760778427e-03
5.259666126221418381e-03
5.331706255674362183e-03
5.544951185584068298e-03
6.123578175902366638e-03
5.365018267184495926e-03
5.248706322163343430e-03
5.358601454645395279e-03
5.425405222922563553e-03
5.355690140277147293e-03
5.254819523543119431e-03
5.437639541923999786e-03
5.279408767819404602e-03
5.482987035065889359e-03
5.278850439935922623e-03
5.367646925151348114e-03
5.383159033954143524e-03
5.586157087236642838e-03
5.435106344521045685e-03
5.653372500091791153e-03
5.504278466105461121e-03
5.300810094922780991e-03
5.277538206428289413e-03
5.375058855861425400e-03
5.255908239632844925e-03
5.745154805481433868e-03
5.345355719327926636e-03
5.435548257082700729e-03
5.624088924378156662e-03
5.331338848918676376e-03
5.409610923379659653e-03
5.322927143424749374e-03
5.379795096814632416e-03
5.356446839869022369e-03
5.242251325398683548e-03
5.228341557085514069e-03
5.262239370495080948e-03
5.342632066458463669e-03
5.903700366616249084e-03
5.463820882141590118e-03
5.362383089959621429e-03
5.297858268022537231e-03
5.299640353769063950e-03
5.480604246258735657e-03
5.217062775045633316e-03
5.355392582714557648e-03
5.394503008574247360e-03
5.510346964001655579e-03
5.338360089808702469e-03
5.516035016626119614e-03
5.218260455876588821e-03
5.213750991970300674e-03
5.251742899417877197e-03
5.292469169944524765e-03
5.339326802641153336e-03
5.699578672647476196e-03
5.294952075928449631e-03
5.216595251113176346e-03
5.357712041586637497e-03
5.426684860140085220e-03
5.341463722288608551e-03
5.306985229253768921e-03
5.414311308413743973e-03
5.283064208924770355e-03
5.267385393381118774e-03
5.616879090666770935e-03
5.386813078075647354e-03
5.398968700319528580e-03
5.266036372631788254e-03
5.314772017300128937e-03
5.296955350786447525e-03
5.505121313035488129e-03
5.408654455095529556e-03
5.368610378354787827e-03
5.276944488286972046e-03
5.293034482747316360e-03
5.353084765374660492e-03
5.247452296316623688e-03
5.292212124913930893e-03
5.535119213163852692e-03
5.359090398997068405e-03
5.744071211665868759e-03
5.747021641582250595e-03
5.279189907014369965e-03
5.229508504271507263e-03
5.291231442242860794e-03
5.428003147244453430e-03
5.467336624860763550e-03
5.385612137615680695e-03
5.510906688868999481e-03
5.273636430501937866e-03
5.487784277647733688e-03
5.606845486909151077e-03
5.354191176593303680e-03
5.199377425014972687e-03
5.624036770313978195e-03
5.189859308302402496e-03
5.283967591822147369e-03
5.509668961167335510e-03
5.416253115981817245e-03
5.454656202346086502e-03
5.677524022758007050e-03
5.274332594126462936e-03
5.196044687181711197e-03
5.288095213472843170e-03
5.198208149522542953e-03
5.301969591528177261e-03
5.373569671064615250e-03
5.279534030705690384e-03
5.367463920265436172e-03
5.375917535275220871e-03
5.461659282445907593e-03
5.331189837306737900e-03
5.297143477946519852e-03
5.411355290561914444e-03
5.280461627990007401e-03
5.770108196884393692e-03
5.540749523788690567e-03
5.282971542328596115e-03
5.276415962725877762e-03
5.320378579199314117e-03
5.272397305816411972e-03
5.244402680546045303e-03
5.203285254538059235e-03
5.470069590955972672e-03
5.409971810877323151e-03
5.350402090698480606e-03
5.577532574534416199e-03
5.248234607279300690e-03
5.661441478878259659e-03
5.257943179458379745e-03
5.281440448015928268e-03
5.297432653605937958e-03
5.808134563267230988e-03
5.241627804934978485e-03
5.685159005224704742e-03
5.316770169883966446e-03
5.443945992738008499e-03
5.247444380074739456e-03
5.330762825906276703e-03
5.563289392739534378e-03
5.361353978514671326e-03
5.373750813305377960e-03
5.448112729936838150e-03
5.500691942870616913e-03
5.243355408310890198e-03
5.369527265429496765e-03
5.470172036439180374e-03
5.356536246836185455e-03
5.435767117887735367e-03
5.498001351952552795e-03
5.424277856945991516e-03
5.451120436191558838e-03
5.319182761013507843e-03
5.568788386881351471e-03
5.222524981945753098e-03
5.338835529983043671e-03
5.200098734349012375e-03
5.345296114683151245e-03
5.472660996019840240e-03
5.295759998261928558e-03
5.321821663528680801e-03
5.258326418697834015e-03
5.469447001814842224e-03
5.320519674569368362e-03
5.246463231742382050e-03
5.243664607405662537e-03
5.348950624465942383e-03
5.345470737665891647e-03
5.290897097438573837e-03
5.312981549650430679e-03
5.434250459074974060e-03
5.340904463082551956e-03
5.287770181894302368e-03
5.447920411825180054e-03
5.369361955672502518e-03
5.520948674529790878e-03
5.410728510469198227e-03
5.308295600116252899e-03
5.199145060032606125e-03
5.369382910430431366e-03
5.583649035543203354e-03
5.517334211617708206e-03
5.395758897066116333e-03
5.435531958937644958e-03
5.280730314552783966e-03
5.316084716469049454e-03
5.371566396206617355e-03
5.192984361201524734e-03
5.723294802010059357e-03
5.360585637390613556e-03
5.355949047952890396e-03
5.407353397458791733e-03
5.299404263496398926e-03
5.421792622655630112e-03
5.417186766862869263e-03
5.485350266098976135e-03
5.546408705413341522e-03
5.217958707362413406e-03
5.369376391172409058e-03
5.179555620998144150e-03
5.440303124487400055e-03
5.222267936915159225e-03
5.470706149935722351e-03
5.261285230517387390e-03
5.303493700921535492e-03
5.410804413259029388e-03
5.309390835464000702e-03
5.217317026108503342e-03
5.184522829949855804e-03
5.460558459162712097e-03
5.351046100258827209e-03
5.316235125064849854e-03
5.227670073509216309e-03
5.429177545011043549e-03
5.414503626525402069e-03
5.262812599539756775e-03
5.279995966702699661e-03
5.375186447054147720e-03
5.816344637423753738e-03
5.370200145989656448e-03
5.257851444184780121e-03
5.242791026830673218e-03
5.333350971341133118e-03
5.539929494261741638e-03
5.380002316087484360e-03
5.373593419790267944e-03
5.448219366371631622e-03
5.418006330728530884e-03
5.251773633062839508e-03
5.521022714674472809e-03
5.664092954248189926e-03
5.233676172792911530e-03
5.271088797599077225e-03
5.393502768129110336e-03
5.392229184508323669e-03
5.310357548296451569e-03
5.301984027028083801e-03
5.279058124870061874e-03
5.453293677419424057e-03
5.290418397635221481e-03
5.279102828353643417e-03
5.256683565676212311e-03
5.298388656228780746e-03
5.171366501599550247e-03
5.410044919699430466e-03
5.572468973696231842e-03
5.362291354686021805e-03
5.347783677279949188e-03
5.380040965974330902e-03
5.495387129485607147e-03
5.511145107448101044e-03
5.268456880003213882e-03
5.369695369154214859e-03
5.367935169488191605e-03
5.317829083651304245e-03
5.413698963820934296e-03
5.249810870736837387e-03
5.370571278035640717e-03
5.615901667624711990e-03
5.229723174124956131e-03
5.430785939097404480e-03
5.444483831524848938e-03
5.314031615853309631e-03
5.255577154457569122e-03
5.329508334398269653e-03
5.261908285319805145e-03
5.320843774825334549e-03
5.686284042894840240e-03
5.328552797436714172e-03
5.521532148122787476e-03
5.601941607892513275e-03
5.229754839092493057e-03
5.167541559785604477e-03
5.419651512056589127e-03
5.270635709166526794e-03
5.244381260126829147e-03
5.676952190697193146e-03
5.421312991529703140e-03
5.311897024512290955e-03
5.410547368228435516e-03
5.343913100659847260e-03
5.334598943591117859e-03
5.240449216216802597e-03
5.436152219772338867e-03
5.354231223464012146e-03
5.237596575170755386e-03
5.316238850355148315e-03
5.200420506298542023e-03
5.430430173873901367e-03
5.443587433546781540e-03
5.497368518263101578e-03
5.302024073898792267e-03
5.246121436357498169e-03
5.409941077232360840e-03
5.492485128343105316e-03
5.488431546837091446e-03
5.327345803380012512e-03
5.538650788366794586e-03
5.342025309801101685e-03
5.307675804942846298e-03
5.422697402536869049e-03
5.307317245751619339e-03
5.569832865148782730e-03
5.302636884152889252e-03
5.259841680526733398e-03
5.358350463211536407e-03
5.183288361877202988e-03
5.214221309870481491e-03
5.334451794624328613e-03
5.289613269269466400e-03
5.248079542070627213e-03
5.514191929250955582e-03
5.397377070039510727e-03
5.361672490835189819e-03
5.277156364172697067e-03
5.277357529848814011e-03
5.345199257135391235e-03
5.209581460803747177e-03
5.405559670180082321e-03
5.292920395731925964e-03
5.455292761325836182e-03
5.205365829169750214e-03
5.389699246734380722e-03
5.455010570585727692e-03
5.431961733847856522e-03
5.261534359306097031e-03
5.375994369387626648e-03
5.206176079809665680e-03
5.247301422059535980e-03
5.625629331916570663e-03
5.256597418338060379e-03
5.239254329353570938e-03
5.474200006574392319e-03
5.245155654847621918e-03
5.304802209138870239e-03
5.282093770802021027e-03
5.554628092795610428e-03
5.263992119580507278e-03
5.305079277604818344e-03
5.275754258036613464e-03
5.220512859523296356e-03
5.438757129013538361e-03
5.298964213579893112e-03
5.321653094142675400e-03
5.240860395133495331e-03
5.229282192885875702e-03
5.383240059018135071e-03
5.251317750662565231e-03
5.266845226287841797e-03
5.544121377170085907e-03
5.665736738592386246e-03
5.467458628118038177e-03
5.507075227797031403e-03
5.270773079246282578e-03
5.400120746344327927e-03
5.455351434648036957e-03
5.195643752813339233e-03
5.260477308183908463e-03
5.637818016111850739e-03
5.364800337702035904e-03
5.404578521847724915e-03
5.357161164283752441e-03
5.272462498396635056e-03
5.545489490032196045e-03
5.500132218003273010e-03
5.260851699858903885e-03
5.398494657129049301e-03
5.324254278093576431e-03
5.192640703171491623e-03
5.339669995009899139e-03
5.480805877596139908e-03
5.444499664008617401e-03
5.813470575958490372e-03
5.576302297413349152e-03
5.239069461822509766e-03
5.474044475704431534e-03
5.299034994095563889e-03
5.287578329443931580e-03
5.414872430264949799e-03
5.317558534443378448e-03
5.393742118030786514e-03
5.274915602058172226e-03
5.470058415085077286e-03
5.599373020231723785e-03
5.324323195964097977e-03
5.233964417129755020e-03
5.261035170406103134e-03
5.215717013925313950e-03
5.266735330224037170e-03
5.255677737295627594e-03
5.338478367775678635e-03
5.672858562320470810e-03
5.244193132966756821e-03
5.264964886009693146e-03
5.190280731767416000e-03
5.354843568056821823e-03
5.205067805945873260e-03
5.239749327301979065e-03
5.209456197917461395e-03
5.301249679177999496e-03
5.729982163757085800e-03
5.360643379390239716e-03
5.356369074434041977e-03
5.417970009148120880e-03
5.391158629208803177e-03
5.203942768275737762e-03
5.345927551388740540e-03
5.358551628887653351e-03
5.346640478819608688e-03
5.393693223595619202e-03
5.279505625367164612e-03
5.233174655586481094e-03
5.373809952288866043e-03
5.315008573234081268e-03
5.176785401999950409e-03
5.218694452196359634e-03
5.401071161031723022e-03
5.467637442052364349e-03
5.462212488055229187e-03
5.283154081553220749e-03
5.578448995947837830e-03
5.262988619506359100e-03
5.235997028648853302e-03
5.287629552185535431e-03
5.288526881486177444e-03
5.376516375690698624e-03
5.250416230410337448e-03
5.224755965173244476e-03
5.226051900535821915e-03
5.436450708657503128e-03
5.255114287137985229e-03
5.405625328421592712e-03
5.268206819891929626e-03
5.418284330517053604e-03
5.405151750892400742e-03
5.282177589833736420e-03
5.297619849443435669e-03
5.312435328960418701e-03
5.425246432423591614e-03
5.482316948473453522e-03
5.374533124268054962e-03
5.270557012408971786e-03
5.397161468863487244e-03
5.454064812511205673e-03
5.555266514420509338e-03
5.319995339959859848e-03
5.225304514169692993e-03
5.347338039427995682e-03
5.220931489020586014e-03
5.172454286366701126e-03
5.267896689474582672e-03
5.374191328883171082e-03
5.218249280005693436e-03
5.502827465534210205e-03
5.249940790235996246e-03
5.761269945651292801e-03
5.312620662152767181e-03
5.268225912004709244e-03
5.401221103966236115e-03
5.282774567604064941e-03
5.285469349473714828e-03
5.356953945010900497e-03
5.436472594738006592e-03
5.269975867122411728e-03
5.232313182204961777e-03
5.578944925218820572e-03
5.325315054506063461e-03
5.406266544014215469e-03
5.434426944702863693e-03
5.598168354481458664e-03
5.264800507575273514e-03
5.312728229910135269e-03
5.366194993257522583e-03
5.305952392518520355e-03
5.279717966914176941e-03
5.205490160733461380e-03
5.585970822721719742e-03
5.452302284538745880e-03
5.509428679943084717e-03
5.256260279566049576e-03
5.207665730267763138e-03
5.352974869310855865e-03
5.357022397220134735e-03
5.405046977102756500e-03
5.264551844447851181e-03
5.390750709921121597e-03
5.785543005913496017e-03
5.343828350305557251e-03
5.359099246561527252e-03
5.243007093667984009e-03
5.477165803313255310e-03
5.413778126239776611e-03
5.173588637262582779e-03
5.207728128880262375e-03
5.815234500914812088e-03
5.366598255932331085e-03
5.278666969388723373e-03
5.251235794275999069e-03
5.298560950905084610e-03
5.298821255564689636e-03
5.252421833574771881e-03
5.415983032435178757e-03
5.791390780359506607e-03
5.515212658792734146e-03
5.300734657794237137e-03
5.427564494311809540e-03
5.313715897500514984e-03
5.476235877722501755e-03
5.291663575917482376e-03
5.428943783044815063e-03
5.481092259287834167e-03
5.286023020744323730e-03
5.566909909248352051e-03
5.245856009423732758e-03
5.334748420864343643e-03
5.227135494351387024e-03
5.286668427288532257e-03
5.829654633998870850e-03
5.300153978168964386e-03
5.500843748450279236e-03
5.280913785099983215e-03
5.334860645234584808e-03
5.472898017615079880e-03
5.446811672300100327e-03
5.380827467888593674e-03
5.240608006715774536e-03
5.499358754605054855e-03
5.427642725408077240e-03
5.227013491094112396e-03
5.513444542884826660e-03
5.286834202706813812e-03
5.250106565654277802e-03
5.181324668228626251e-03
5.209155380725860596e-03
5.375847220420837402e-03
5.323866382241249084e-03
5.251805298030376434e-03
5.415394436568021774e-03
5.199072882533073425e-03
5.253432318568229675e-03
5.357268266379833221e-03
5.150434095412492752e-03
5.190670490264892578e-03
5.197587423026561737e-03
5.489730741828680038e-03
5.263795144855976105e-03
5.246101878583431244e-03
5.221419967710971832e-03
5.322150420397520065e-03
5.577682517468929291e-03
5.163634661585092545e-03
5.595151335000991821e-03
5.184418521821498871e-03
5.178604274988174438e-03
5.399248562753200531e-03
5.458024796098470688e-03
5.238061305135488510e-03
5.300340708345174789e-03
5.515738856047391891e-03
5.285548977553844452e-03
5.283636506646871567e-03
5.333729088306427002e-03
5.498031619936227798e-03
5.291323177516460419e-03
5.173474550247192383e-03
5.267373286187648773e-03
5.226457957178354263e-03
5.636550020426511765e-03
5.424463655799627304e-03
5.371065344661474228e-03
5.386029835790395737e-03
5.261312704533338547e-03
5.333852022886276245e-03
5.259869154542684555e-03
5.331560503691434860e-03
5.418360233306884766e-03
5.402342416346073151e-03
5.292295943945646286e-03
5.397877655923366547e-03
5.305761471390724182e-03
5.223435815423727036e-03
5.264508072286844254e-03
5.358557216823101044e-03
5.338508635759353638e-03
5.345898680388927460e-03
5.233587697148323059e-03
5.437918938696384430e-03
5.336363799870014191e-03
5.481680855154991150e-03
5.436595994979143143e-03
5.484153516590595245e-03
5.358456168323755264e-03
5.475978832691907883e-03
5.305392667651176453e-03
5.215454846620559692e-03
5.170064512640237808e-03
5.406245123594999313e-03
5.329732317477464676e-03
5.589796230196952820e-03
5.283471662551164627e-03
5.401981063187122345e-03
5.405901931226253510e-03
5.328956991434097290e-03
5.329968873411417007e-03
5.399360321462154388e-03
5.393345374614000320e-03
5.182013846933841705e-03
5.237853620201349258e-03
5.358864087611436844e-03
5.529552698135375977e-03
5.317576229572296143e-03
5.437137559056282043e-03
5.167276598513126373e-03
5.312101449817419052e-03
5.214599426835775375e-03
5.229238420724868774e-03
5.424851551651954651e-03
5.321960896253585815e-03
5.221585277467966080e-03
5.472627934068441391e-03
5.308486055582761765e-03
5.174889229238033295e-03
5.281107034534215927e-03
5.192836746573448181e-03
6.536754779517650604e-03
5.431819241493940353e-03
5.437043029814958572e-03
5.290969740599393845e-03
5.526245571672916412e-03
5.451299715787172318e-03
5.593637004494667053e-03
5.329887382686138153e-03
5.169417243450880051e-03
5.369257647544145584e-03
5.500765517354011536e-03
5.498402286320924759e-03
5.241653881967067719e-03
5.326096899807453156e-03
5.326581653207540512e-03
5.271319765597581863e-03
5.360116250813007355e-03
5.397492554038763046e-03
5.298036616295576096e-03
5.344584118574857712e-03
5.411078687757253647e-03
5.191981326788663864e-03
5.308297928422689438e-03
5.292334593832492828e-03
5.249907728284597397e-03
5.651504732668399811e-03
5.731524433940649033e-03
5.443773698061704636e-03
5.301333032548427582e-03
5.301266442984342575e-03
5.224351771175861359e-03
5.294047296047210693e-03
5.414108280092477798e-03
5.249366629868745804e-03
5.215020850300788879e-03
5.296551622450351715e-03
5.355777684599161148e-03
5.242662504315376282e-03
5.444562993943691254e-03
5.208996124565601349e-03
5.204191897064447403e-03
5.280448123812675476e-03
5.295338574796915054e-03
5.210349801927804947e-03
5.403518676757812500e-03
5.287167150527238846e-03
5.261132027953863144e-03
5.258688237518072128e-03
5.138906184583902359e-03
5.241660866886377335e-03
5.284219980239868164e-03
5.308764521032571793e-03
5.433368030935525894e-03
5.390950012952089310e-03
5.236020311713218689e-03
5.300741177052259445e-03
5.391447339206933975e-03
5.327438935637474060e-03
5.366561003029346466e-03
5.220434628427028656e-03
5.329008679836988449e-03
5.293725524097681046e-03
5.521682091057300568e-03
5.353823304176330566e-03
5.359398666769266129e-03
5.958245135843753815e-03
5.237045232206583023e-03
5.356472451239824295e-03
5.219321697950363159e-03
5.235068500041961670e-03
5.248556844890117645e-03
5.252075381577014923e-03
5.442822817713022232e-03
5.255899392068386078e-03
5.614840425550937653e-03
5.415388382971286774e-03
5.447139963507652283e-03
5.337157752364873886e-03
5.228469613939523697e-03
5.457880906760692596e-03
5.462002940475940704e-03
5.247094202786684036e-03
5.275373347103595734e-03
5.320549476891756058e-03
5.478503182530403137e-03
5.248028784990310669e-03
5.372614134103059769e-03
5.401541013270616531e-03
5.269801709800958633e-03
5.401653237640857697e-03
5.299910437315702438e-03
5.499495659023523331e-03
5.389409605413675308e-03
5.288127809762954712e-03
5.417214240878820419e-03
5.170721560716629028e-03
5.199401639401912689e-03
5.370405968278646469e-03
5.276114679872989655e-03
5.241503939032554626e-03
5.311854649335145950e-03
5.271704867482185364e-03
5.276547279208898544e-03
5.261597223579883575e-03
5.304164253175258636e-03
5.261754617094993591e-03
5.502148531377315521e-03
5.246690940111875534e-03
5.311394110321998596e-03
5.374650936573743820e-03
5.226893350481987000e-03
5.290553439408540726e-03
5.254844669252634048e-03
5.448023788630962372e-03
5.326601676642894745e-03
5.366323050111532211e-03
5.268014036118984222e-03
5.249455105513334274e-03
5.215638782829046249e-03
5.389993544667959213e-03
5.381689872592687607e-03
5.555298179388046265e-03
5.905582569539546967e-03
5.703184287995100021e-03
5.200946237891912460e-03
5.380280781537294388e-03
5.350628402084112167e-03
5.207612179219722748e-03
5.271228961646556854e-03
5.316613707691431046e-03
5.398780573159456253e-03
5.405341740697622299e-03
5.203934852033853531e-03
5.382013972848653793e-03
5.375895649194717407e-03
5.291176959872245789e-03
5.248371511697769165e-03
5.466020666062831879e-03
5.335203371942043304e-03
5.530234891921281815e-03
5.297611001878976822e-03
5.556092131882905960e-03
5.294253118336200714e-03
5.331847816705703735e-03
5.312695167958736420e-03
5.283245351165533066e-03
5.323937162756919861e-03
5.260482430458068848e-03
5.374054890125989914e-03
5.313901230692863464e-03
5.328412167727947235e-03
5.343695636838674545e-03
5.537111777812242508e-03
5.233641713857650757e-03
5.305280443280935287e-03
5.568501073867082596e-03
5.301482509821653366e-03
5.205596331506967545e-03
5.183198489248752594e-03
5.439843516796827316e-03
5.360683426260948181e-03
5.627438426017761230e-03
5.375519394874572754e-03
5.342123098671436310e-03
5.486812442541122437e-03
5.189417861402034760e-03
5.480979103595018387e-03
5.393742118030786514e-03
5.256242118775844574e-03
5.213940516114234924e-03
5.167514085769653320e-03
5.241169128566980362e-03
5.303103942424058914e-03
5.265308544039726257e-03
5.198539234697818756e-03
5.215060897171497345e-03
5.382282193750143051e-03
5.319600924849510193e-03
5.338742863386869431e-03
5.308257415890693665e-03
5.409689620137214661e-03
5.483338143676519394e-03
5.288944113999605179e-03
5.740912165492773056e-03
5.247155204415321350e-03
5.379898473620414734e-03
5.319473333656787872e-03
5.330528598278760910e-03
5.297656636685132980e-03
5.265492945909500122e-03
5.359625909477472305e-03
5.239520221948623657e-03
5.233534611761569977e-03
5.499052815139293671e-03
5.318454001098871231e-03
5.225823726505041122e-03
5.283831618726253510e-03
5.312368273735046387e-03
5.560997873544692993e-03
5.368992220610380173e-03
5.223717540502548218e-03
5.257604643702507019e-03
5.343512631952762604e-03
5.318711511790752411e-03
5.398261360824108124e-03
5.387621466070413589e-03
5.157103296369314194e-03
5.325994454324245453e-03
5.380989052355289459e-03
5.294200498610734940e-03
5.279651377350091934e-03
5.182058084756135941e-03
5.213323980569839478e-03
5.251162219792604446e-03
5.298087373375892639e-03
5.213234107941389084e-03
5.213271360844373703e-03
5.594400223344564438e-03
5.702248308807611465e-03
5.170729011297225952e-03
5.180125590413808823e-03
5.272162146866321564e-03
5.220561753958463669e-03
5.198796745389699936e-03
5.187119357287883759e-03
5.490798037499189377e-03
5.675659049302339554e-03
5.209565628319978714e-03
5.408925935626029968e-03
5.265999585390090942e-03
5.430717021226882935e-03
5.225599277764558792e-03
5.451542790979146957e-03
5.386941600590944290e-03
5.254029296338558197e-03
5.236198659986257553e-03
5.329779814928770065e-03
5.396134220063686371e-03
5.218099802732467651e-03
5.314717534929513931e-03
5.274135153740644455e-03
5.604022182524204254e-03
5.186381284147500992e-03
5.390238948166370392e-03
5.310200154781341553e-03
5.193691235035657883e-03
5.322992801666259766e-03
5.493107251822948456e-03
5.262332502752542496e-03
5.358831956982612610e-03
5.376966204494237900e-03
5.253311246633529663e-03
5.466304253786802292e-03
5.354761611670255661e-03
5.408574827015399933e-03
5.383727606385946274e-03
5.237130448222160339e-03
5.316705908626317978e-03
5.352701991796493530e-03
5.491438787430524826e-03
5.205818451941013336e-03
5.174732301384210587e-03
5.243607331067323685e-03
5.356828216463327408e-03
5.248769652098417282e-03
5.428767297416925430e-03
5.351189523935317993e-03
5.281671416014432907e-03
5.319483578205108643e-03
5.306185223162174225e-03
5.429711192846298218e-03
5.504731554538011551e-03
5.180907901376485825e-03
5.186406429857015610e-03
5.315142683684825897e-03
5.357457324862480164e-03
5.308309104293584824e-03
5.249814130365848541e-03
5.202529486268758774e-03
5.316823720932006836e-03
5.287068430334329605e-03
5.480709020048379898e-03
5.371632985770702362e-03
5.372921936213970184e-03
5.320373456925153732e-03
5.259675905108451843e-03
5.197501741349697113e-03
5.205611698329448700e-03
5.385086871683597565e-03
5.522858817130327225e-03
5.393263418227434158e-03
5.338523536920547485e-03
5.195348057895898819e-03
5.197932943701744080e-03
5.302306730300188065e-03
5.260629579424858093e-03
5.257380660623311996e-03
5.313089583069086075e-03
5.202254280447959900e-03
5.328357685357332230e-03
5.328812636435031891e-03
5.498112179338932037e-03
5.220858380198478699e-03
5.248233675956726074e-03
5.281206686049699783e-03
5.244148895144462585e-03
5.623027216643095016e-03
5.680444650352001190e-03
5.257894285023212433e-03
5.276222713291645050e-03
5.260085687041282654e-03
5.307788960635662079e-03
5.421097390353679657e-03
5.323096178472042084e-03
5.146544426679611206e-03
5.203001201152801514e-03
5.318139214068651199e-03
5.465663969516754150e-03
5.512047559022903442e-03
5.285362713038921356e-03
5.446151364594697952e-03
5.306822247803211212e-03
5.263441707938909531e-03
5.513451527804136276e-03
5.255195312201976776e-03
5.285249091684818268e-03
5.337757058441638947e-03
5.165387410670518875e-03
5.289662629365921021e-03
5.326761864125728607e-03
5.252442322671413422e-03
5.308355670422315598e-03
5.251106806099414825e-03
5.329319741576910019e-03
5.397695116698741913e-03
5.305558443069458008e-03
5.526622291654348373e-03
5.285333376377820969e-03
5.481976084411144257e-03
5.316135473549365997e-03
5.564830265939235687e-03
5.281655583530664444e-03
5.561927799135446548e-03
5.472321994602680206e-03
5.635298322886228561e-03
5.338650662451982498e-03
5.383234936743974686e-03
5.290280096232891083e-03
5.194112192839384079e-03
5.158056970685720444e-03
5.432078149169683456e-03
5.352396052330732346e-03
5.142958834767341614e-03
5.488248076289892197e-03
5.235282238572835922e-03
5.241807550191879272e-03
5.346985999494791031e-03
5.171931814402341843e-03
5.206842906773090363e-03
5.433163139969110489e-03
5.333383101969957352e-03
5.288280546665191650e-03
5.243668798357248306e-03
5.250372458249330521e-03
5.196342710405588150e-03
5.278773140162229538e-03
5.326722282916307449e-03
5.224371328949928284e-03
5.249113775789737701e-03
5.409194156527519226e-03
5.858327262103557587e-03
5.543080158531665802e-03
5.336099769920110703e-03
5.293082445859909058e-03
5.346152931451797485e-03
5.293757189065217972e-03
5.251740105450153351e-03
5.396326538175344467e-03
5.196789745241403580e-03
5.297853611409664154e-03
5.276113748550415039e-03
5.421501584351062775e-03
5.379589274525642395e-03
5.594669841229915619e-03
5.373498424887657166e-03
5.305019207298755646e-03
5.271056201308965683e-03
5.281086545437574387e-03
5.160732660442590714e-03
5.193577148020267487e-03
5.460083950310945511e-03
5.299148615449666977e-03
5.829382687807083130e-03
5.406972486525774002e-03
5.713208112865686417e-03
5.426604766398668289e-03
5.553666967898607254e-03
5.378280766308307648e-03
5.273377522826194763e-03
5.343907047063112259e-03
5.514617543667554855e-03
5.223833490163087845e-03
5.467276088893413544e-03
5.195075646042823792e-03
5.307945888489484787e-03
5.154899787157773972e-03
5.317575298249721527e-03
5.189171992242336273e-03
5.304890219122171402e-03
5.620579700917005539e-03
5.441498011350631714e-03
5.219277925789356232e-03
5.433699116110801697e-03
5.211938172578811646e-03
5.191227421164512634e-03
5.217009223997592926e-03
5.177599377930164337e-03
5.186133552342653275e-03
5.473131779581308365e-03
5.175831727683544159e-03
5.321612115949392319e-03
5.282793659716844559e-03
5.212059244513511658e-03
5.231061019003391266e-03
5.802059546113014221e-03
5.208745598793029785e-03
5.753948818892240524e-03
5.422663874924182892e-03
5.282291676849126816e-03
5.222359206527471542e-03
5.438203457742929459e-03
5.247625987976789474e-03
5.413683131337165833e-03
5.338121671229600906e-03
5.332093685865402222e-03
5.384480580687522888e-03
5.232580471783876419e-03
5.279692821204662323e-03
5.243946798145771027e-03
5.563152953982353210e-03
5.311161279678344727e-03
5.386708769947290421e-03
5.339928437024354935e-03
5.630430765450000763e-03
5.298347212374210358e-03
5.314026493579149246e-03
5.329467356204986572e-03
5.253630224615335464e-03
5.225463304668664932e-03
5.479690153151750565e-03
5.351341329514980316e-03
5.229707341641187668e-03
5.230438429862260818e-03
5.221310537308454514e-03
5.261802114546298981e-03
5.446183495223522186e-03
5.661379545927047729e-03
5.303563084453344345e-03
5.350577645003795624e-03
5.411436315625905991e-03
5.434252787381410599e-03
5.768948700278997421e-03
5.412746220827102661e-03
5.277159623801708221e-03
5.226960405707359314e-03
5.277584772557020187e-03
5.430157296359539032e-03
5.231945309787988663e-03
5.160477012395858765e-03
5.461664404720067978e-03
5.705512594431638718e-03
5.276311188936233521e-03
5.188364069908857346e-03
5.304113030433654785e-03
5.269683897495269775e-03
5.506386049091815948e-03
5.175651051104068756e-03
5.223625339567661285e-03
5.172418430447578430e-03
5.198030266910791397e-03
5.244058556854724884e-03
5.365190096199512482e-03
5.277031566947698593e-03
5.213739350438117981e-03
5.200319923460483551e-03
5.160679109394550323e-03
5.231568589806556702e-03
5.260924808681011200e-03
5.246151704341173172e-03
5.646777339279651642e-03
5.197758786380290985e-03
5.337311420589685440e-03
5.197824444621801376e-03
5.483648739755153656e-03
5.318467039614915848e-03
5.346034187823534012e-03
5.435477942228317261e-03
5.566550884395837784e-03
5.594506394118070602e-03
5.169203504920005798e-03
5.320871248841285706e-03
5.380825139582157135e-03
5.428660660982131958e-03
5.394516512751579285e-03
5.522873252630233765e-03
5.215771961957216263e-03
5.370715633034706116e-03
5.221660248935222626e-03
5.247517954558134079e-03
5.297039635479450226e-03
5.341107957065105438e-03
5.465363152325153351e-03
5.393681582063436508e-03
5.520706064999103546e-03
5.494846962392330170e-03
5.224529653787612915e-03
5.211710929870605469e-03
5.148215219378471375e-03
5.281790159642696381e-03
5.664669442921876907e-03
5.199185572564601898e-03
5.340037401765584946e-03
5.317761562764644623e-03
5.616710055619478226e-03
5.390145350247621536e-03
5.345527082681655884e-03
5.254501476883888245e-03
5.321151111274957657e-03
5.306493956595659256e-03
5.246895365417003632e-03
5.220672581344842911e-03
5.320301745086908340e-03
5.464861635118722916e-03
5.426552146673202515e-03
5.281104706227779388e-03
5.276843439787626266e-03
5.200001411139965057e-03
5.363257601857185364e-03
5.278890486806631088e-03
5.196765065193176270e-03
5.261115264147520065e-03
5.207070149481296539e-03
5.263233091682195663e-03
5.242730956524610519e-03
5.186309572309255600e-03
5.460453685373067856e-03
5.571970716118812561e-03
5.289537366479635239e-03
5.264896899461746216e-03
5.264949984848499298e-03
5.307257175445556641e-03
5.547059699892997742e-03
5.277949385344982147e-03
5.226545967161655426e-03
5.254383198916912079e-03
5.227230489253997803e-03
5.302670411765575409e-03
5.189386662095785141e-03
5.287383217364549637e-03
5.243401043117046356e-03
5.599621683359146118e-03
5.246046930551528931e-03
5.349858663976192474e-03
5.417890846729278564e-03
5.251471418887376785e-03
5.484305322170257568e-03
5.257741548120975494e-03
5.614558234810829163e-03
5.307193845510482788e-03
5.337053909897804260e-03
5.284367129206657410e-03
5.215717479586601257e-03
5.289778113365173340e-03
5.510511342436075211e-03
5.446012597531080246e-03
5.237120203673839569e-03
5.251557566225528717e-03
5.164393689483404160e-03
5.249516572803258896e-03
5.205002147704362869e-03
5.404434166848659515e-03
5.198379978537559509e-03
5.567534361034631729e-03
5.445815622806549072e-03
5.327011924237012863e-03
5.140568129718303680e-03
5.283601116389036179e-03
5.247915163636207581e-03
5.275100469589233398e-03
5.467672832310199738e-03
5.178993567824363708e-03
5.480841733515262604e-03
5.180394276976585388e-03
5.141005385667085648e-03
5.201025865972042084e-03
5.511120893061161041e-03
5.309316795319318771e-03
5.315252579748630524e-03
5.248172208666801453e-03
5.257457960397005081e-03
5.387636367231607437e-03
5.371808074414730072e-03
5.326343700289726257e-03
5.294077098369598389e-03
5.327641498297452927e-03
5.483067594468593597e-03
5.472265649586915970e-03
5.200761836022138596e-03
5.185075569897890091e-03
5.312455352395772934e-03
5.213332828134298325e-03
5.188976414501667023e-03
5.317441187798976898e-03
5.214806180447340012e-03
5.320587661117315292e-03
5.378182977437973022e-03
5.325337871909141541e-03
5.167705938220024109e-03
5.231551826000213623e-03
5.133371800184249878e-03
5.278008058667182922e-03
5.319226998835802078e-03
5.413062404841184616e-03
5.302625242620706558e-03
5.469700321555137634e-03
5.195561796426773071e-03
5.256801377981901169e-03
5.208573304116725922e-03
5.175007041543722153e-03
5.378850270062685013e-03
5.394677631556987762e-03
5.171012133359909058e-03
5.197647493332624435e-03
5.605438258498907089e-03
5.915608257055282593e-03
5.405803676694631577e-03
5.199082195758819580e-03
5.313551519066095352e-03
5.290146451443433762e-03
5.332607310265302658e-03
5.184909794479608536e-03
5.536528769880533218e-03
5.220630206167697906e-03
5.258718039840459824e-03
5.347835831344127655e-03
5.354232620447874069e-03
5.243957508355379105e-03
5.252714268863201141e-03
5.316207185387611389e-03
5.316324997693300247e-03
5.594486836344003677e-03
5.510213784873485565e-03
5.149698350578546524e-03
5.258050747215747833e-03
5.432578269392251968e-03
5.480829160660505295e-03
5.307367071509361267e-03
5.233014002442359924e-03
5.298713687807321548e-03
5.277709569782018661e-03
5.189287941902875900e-03
5.235426127910614014e-03
5.295174662023782730e-03
5.166679620742797852e-03
5.180465523153543472e-03
5.377442575991153717e-03
5.243595223873853683e-03
5.244739819318056107e-03
5.212903022766113281e-03
5.255715455859899521e-03
5.247079301625490189e-03
5.355166736990213394e-03
5.212184507399797440e-03
5.302654113620519638e-03
5.322167184203863144e-03
5.141661036759614944e-03
5.381245166063308716e-03
5.318769253790378571e-03
5.311357323080301285e-03
5.411652382463216782e-03
5.572492256760597229e-03
5.208916496485471725e-03
5.411336664110422134e-03
5.327881779521703720e-03
5.146082025021314621e-03
5.397584289312362671e-03
5.199330393224954605e-03
5.225691013038158417e-03
5.223144777119159698e-03
5.407263990491628647e-03
5.307526793330907822e-03
5.326600745320320129e-03
5.375962238758802414e-03
5.279024597257375717e-03
5.210766103118658066e-03
5.341057665646076202e-03
5.118958652019500732e-03
5.463301669806241989e-03
5.262266378849744797e-03
5.332288797944784164e-03
5.330637563019990921e-03
5.637455731630325317e-03
5.594896618276834488e-03
5.275889299809932709e-03
5.394965410232543945e-03
5.158555228263139725e-03
5.480120889842510223e-03
5.184616893529891968e-03
5.440359469503164291e-03
5.295264534652233124e-03
5.371495150029659271e-03
5.361808463931083679e-03
5.241450853645801544e-03
5.277571734040975571e-03
5.248980596661567688e-03
5.285145714879035950e-03
5.146313458681106567e-03
5.153959151357412338e-03
5.300857126712799072e-03
5.551812704652547836e-03
5.492357537150382996e-03
5.194628145545721054e-03
5.188972689211368561e-03
5.363814998418092728e-03
5.319147836416959763e-03
5.136340390890836716e-03
5.240354686975479126e-03
5.282044410705566406e-03
5.355291534215211868e-03
5.252867937088012695e-03
5.339919123798608780e-03
5.276535172015428543e-03
5.455205217003822327e-03
5.403994582593441010e-03
5.393127910792827606e-03
5.336984992027282715e-03
5.626612808555364609e-03
5.357986316084861755e-03
5.394811276346445084e-03
5.456817802041769028e-03
5.260077770799398422e-03
5.321973003447055817e-03
5.228567402809858322e-03
5.353512242436408997e-03
5.362653173506259918e-03
5.260850768536329269e-03
5.369965918362140656e-03
5.463912617415189743e-03
5.170850548893213272e-03
5.227648653090000153e-03
5.395838059484958649e-03
5.496900063008069992e-03
5.361747462302446365e-03
5.294451024383306503e-03
5.444167181849479675e-03
5.279391538351774216e-03
5.325734149664640427e-03
5.376231856644153595e-03
5.283425562083721161e-03
5.267085973173379898e-03
5.212324671447277069e-03
5.418313201516866684e-03
5.228035617619752884e-03
5.134778097271919250e-03
5.442676134407520294e-03
5.355635657906532288e-03
5.269601941108703613e-03
5.271721165627241135e-03
5.448704119771718979e-03
5.382027477025985718e-03
5.370706785470247269e-03
5.256529431790113449e-03
5.185885820537805557e-03
5.248454399406909943e-03
5.328765138983726501e-03
5.135134793817996979e-03
5.496605765074491501e-03
5.319831892848014832e-03
5.148133728653192520e-03
5.242460872977972031e-03
5.227699875831604004e-03
5.341888871043920517e-03
5.418007727712392807e-03
5.235853139311075211e-03
5.330931860953569412e-03
5.286895669996738434e-03
5.391546059399843216e-03
5.705694202333688736e-03
5.185631103813648224e-03
5.338476039469242096e-03
5.172527860850095749e-03
5.502488464117050171e-03
5.270939320325851440e-03
5.263322498649358749e-03
5.173784680664539337e-03
5.264613777399063110e-03
5.243360996246337891e-03
5.143820308148860931e-03
5.414431449025869370e-03
5.263102706521749496e-03
5.183832719922065735e-03
5.248841363936662674e-03
5.209806375205516815e-03
5.280328448861837387e-03
5.287446081638336182e-03
5.275115370750427246e-03
5.294280592352151871e-03
5.298485513776540756e-03
5.616069305688142776e-03
5.334537476301193237e-03
5.211655981838703156e-03
5.174537189304828644e-03
5.472601857036352158e-03
5.237592849880456924e-03
5.380786489695310593e-03
5.151785910129547119e-03
5.495331250131130219e-03
5.163562484085559845e-03
5.322975106537342072e-03
5.472535733133554459e-03
5.335248541086912155e-03
5.432940088212490082e-03
5.228743422776460648e-03
5.235266871750354767e-03
5.129480734467506409e-03
5.195448640733957291e-03
5.508212372660636902e-03
5.187219940125942230e-03
5.329688079655170441e-03
5.206299945712089539e-03
5.180836655199527740e-03
5.188899580389261246e-03
5.321430042386054993e-03
5.286129657179117203e-03
5.307997576892375946e-03
5.350999534130096436e-03
5.352105014026165009e-03
5.296709481626749039e-03
5.146718118339776993e-03
5.438502412289381027e-03
5.391658749431371689e-03
5.466257221996784210e-03
5.134818609803915024e-03
5.277211777865886688e-03
5.336881149560213089e-03
5.234938580542802811e-03
5.267329979687929153e-03
5.203561857342720032e-03
5.199423991143703461e-03
5.418711807578802109e-03
5.132596008479595184e-03
5.483732558786869049e-03
5.160249304026365280e-03
5.268598441034555435e-03
5.509874783456325531e-03
5.381249357014894485e-03
5.209650844335556030e-03
5.284616723656654358e-03
5.390869919210672379e-03
5.323799792677164078e-03
5.242180079221725464e-03
5.592340137809514999e-03
5.414051003754138947e-03
5.343073513358831406e-03
5.394142586737871170e-03
5.313879344612360001e-03
5.263160914182662964e-03
5.458042956888675690e-03
5.518313497304916382e-03
5.227616056799888611e-03
5.381806287914514542e-03
5.262495484203100204e-03
5.300463642925024033e-03
5.297363735735416412e-03
5.175876431167125702e-03
5.159511230885982513e-03
5.249820183962583542e-03
5.328995641320943832e-03
5.204948596656322479e-03
5.258069839328527451e-03
5.137975327670574188e-03
5.157597362995147705e-03
5.334530491381883621e-03
5.194516852498054504e-03
5.530063062906265259e-03
5.308771040290594101e-03
5.339977797120809555e-03
5.185443907976150513e-03
5.169883370399475098e-03
5.277367308735847473e-03
5.286129657179117203e-03
5.557134281843900681e-03
5.536617245525121689e-03
5.475825164467096329e-03
5.424147937446832657e-03
5.301582626998424530e-03
5.291214212775230408e-03
5.189805757254362106e-03
5.324258469045162201e-03
5.169658921658992767e-03
5.247468128800392151e-03
5.423800554126501083e-03
5.445907358080148697e-03
5.182594060897827148e-03
5.363315809518098831e-03
5.164126399904489517e-03
5.671114660799503326e-03
5.246264860033988953e-03
5.217140074819326401e-03
5.236178636550903320e-03
5.292610730975866318e-03
5.328136496245861053e-03
5.212167277932167053e-03
5.355730652809143066e-03
5.579629912972450256e-03
5.450618918985128403e-03
5.236605647951364517e-03
5.536924581974744797e-03
5.150277167558670044e-03
5.303344223648309708e-03
5.304115358740091324e-03
5.293228663504123688e-03
5.399552173912525177e-03
5.220073275268077850e-03
5.306735634803771973e-03
5.487096961587667465e-03
5.194916855543851852e-03
5.244215484708547592e-03
5.353096872568130493e-03
5.318333394825458527e-03
5.476511083543300629e-03
5.182143300771713257e-03
5.301773548126220703e-03
5.451502278447151184e-03
5.224689841270446777e-03
5.239930469542741776e-03
5.513992626219987869e-03
5.435437429696321487e-03
5.526989232748746872e-03
5.383793264627456665e-03
5.328320898115634918e-03
5.240960512310266495e-03
5.255525931715965271e-03
5.380347836762666702e-03
5.322618875652551651e-03
5.214321427047252655e-03
5.201265681535005569e-03
5.129928700625896454e-03
5.319875665009021759e-03
5.347198806703090668e-03
5.364336539059877396e-03
5.505764391273260117e-03
5.225945264101028442e-03
5.225408356636762619e-03
5.381661001592874527e-03
5.267992615699768066e-03
5.271959118545055389e-03
5.306085105985403061e-03
5.336334928870201111e-03
5.465675611048936844e-03
5.271504167467355728e-03
5.349405109882354736e-03
5.190753377974033356e-03
5.303042475134134293e-03
5.161336623132228851e-03
5.546699743717908859e-03
5.420393776148557663e-03
5.290627013891935349e-03
5.518933758139610291e-03
5.516236182302236557e-03
5.429679527878761292e-03
5.177018232643604279e-03
5.327933467924594879e-03
5.168928299099206924e-03
5.162244662642478943e-03
5.164297763258218765e-03
5.678435321897268295e-03
5.530334543436765671e-03
5.306762177497148514e-03
5.224248860031366348e-03
5.287515465170145035e-03
5.189745686948299408e-03
5.283929873257875443e-03
5.410482641309499741e-03
5.273429211229085922e-03
5.202074535191059113e-03
5.466331727802753448e-03
5.366438999772071838e-03
5.249581299722194672e-03
5.239522550255060196e-03
5.323976278305053711e-03
5.211803596466779709e-03
5.195498466491699219e-03
5.273718852549791336e-03
5.285451188683509827e-03
5.557223688811063766e-03
5.202908534556627274e-03
5.265112500637769699e-03
5.255790892988443375e-03
5.187148693948984146e-03
5.159562453627586365e-03
5.232043098658323288e-03
5.457135383039712906e-03
5.293020047247409821e-03
5.345053039491176605e-03
5.374462809413671494e-03
5.620049312710762024e-03
5.491622257977724075e-03
5.301212426275014877e-03
5.214959848672151566e-03
5.524015985429286957e-03
5.221005063503980637e-03
5.249758716672658920e-03
5.254663992673158646e-03
5.371040664613246918e-03
5.496447905898094177e-03
5.507121328264474869e-03
5.247641354799270630e-03
5.254535004496574402e-03
5.254892632365226746e-03
5.142023321241140366e-03
5.686221178621053696e-03
5.165053065866231918e-03
5.275580566376447678e-03
5.151776596903800964e-03
5.153014324605464935e-03
5.355154629796743393e-03
5.269596818834543228e-03
5.303232464939355850e-03
5.447721574455499649e-03
5.243284627795219421e-03
5.341709591448307037e-03
5.421043839305639267e-03
5.404690746217966080e-03
5.231865681707859039e-03
5.338839255273342133e-03
5.136750172823667526e-03
5.371565464884042740e-03
5.621952470391988754e-03
5.115937907248735428e-03
5.320938304066658020e-03
5.360462237149477005e-03
5.170415621250867844e-03
5.288640502840280533e-03
5.185560788959264755e-03
5.273231770843267441e-03
5.347311496734619141e-03
5.483471788465976715e-03
5.298982840031385422e-03
5.116081330925226212e-03
5.377709399908781052e-03
5.317768082022666931e-03
5.491084419190883636e-03
5.237501114606857300e-03
5.225121509283781052e-03
5.321781150996685028e-03
5.458469502627849579e-03
5.301224533468484879e-03
5.143295507878065109e-03
5.356675013899803162e-03
5.285800900310277939e-03
5.348799750208854675e-03
5.255698692053556442e-03
5.536806304007768631e-03
5.209046415984630585e-03
5.329255480319261551e-03
5.312119610607624054e-03
5.220624152570962906e-03
5.283999256789684296e-03
5.636620335280895233e-03
5.397123284637928009e-03
5.388889461755752563e-03
5.162722431123256683e-03
5.223578773438930511e-03
5.367393605411052704e-03
5.268394015729427338e-03
5.347750149667263031e-03
5.397900938987731934e-03
5.184315610677003860e-03
5.521921440958976746e-03
5.228104069828987122e-03
5.399242509156465530e-03
5.176546983420848846e-03
5.539406090974807739e-03
5.573015660047531128e-03
5.284562706947326660e-03
5.342863965779542923e-03
5.150185897946357727e-03
5.270563531666994095e-03
5.234077107161283493e-03
5.350217688828706741e-03
5.113337654620409012e-03
5.147084593772888184e-03
5.273899994790554047e-03
5.179990548640489578e-03
5.246338900178670883e-03
5.361263174563646317e-03
5.362859461456537247e-03
5.213295109570026398e-03
5.696862004697322845e-03
5.428031086921691895e-03
5.290265195071697235e-03
5.261918529868125916e-03
5.134382285177707672e-03
5.255597177892923355e-03
5.376582499593496323e-03
5.242858082056045532e-03
5.153042729943990707e-03
5.269236862659454346e-03
5.303802900016307831e-03
5.701204296201467514e-03
5.406663753092288971e-03
5.354156717658042908e-03
5.287650972604751587e-03
5.204539746046066284e-03
5.174931604415178299e-03
5.139255896210670471e-03
5.230192095041275024e-03
5.293033551424741745e-03
5.132603459060192108e-03
5.121789406985044479e-03
5.566876381635665894e-03
5.251777824014425278e-03
5.223702173680067062e-03
5.440241191536188126e-03
5.219803657382726669e-03
5.285059101879596710e-03
5.176655016839504242e-03
5.237864330410957336e-03
5.305477418005466461e-03
5.321759730577468872e-03
5.237760953605175018e-03
5.241929553449153900e-03
5.281485617160797119e-03
5.224499385803937912e-03
5.267837550491094589e-03
5.475738085806369781e-03
5.205274559557437897e-03
5.466777831315994263e-03
5.242621526122093201e-03
5.293082911521196365e-03
5.131892394274473190e-03
5.314107052981853485e-03
5.498178303241729736e-03
5.195419304072856903e-03
5.489469505846500397e-03
5.150968208909034729e-03
5.187917966395616531e-03
5.222445819526910782e-03
5.479739978909492493e-03
5.234775133430957794e-03
5.299324635416269302e-03
5.394381470978260040e-03
5.255396943539381027e-03
5.228914320468902588e-03
5.204836837947368622e-03
5.307008046656847000e-03
5.242375191301107407e-03
5.278578028082847595e-03
5.260949023067951202e-03
5.236737430095672607e-03
5.260115489363670349e-03
5.291004665195941925e-03
5.416095722466707230e-03
5.126154050230979919e-03
5.306228064000606537e-03
5.185925867408514023e-03
5.169856827706098557e-03
5.120348185300827026e-03
5.263341125100851059e-03
5.347011145204305649e-03
5.337136331945657730e-03
5.150396842509508133e-03
5.530934780836105347e-03
5.135756917297840118e-03
5.181617569178342819e-03
5.269292276352643967e-03
5.334483459591865540e-03
5.152572412043809891e-03
5.373819731175899506e-03
5.268402863293886185e-03
5.128365010023117065e-03
5.261374637484550476e-03
5.215525627136230469e-03
5.269146990031003952e-03
5.292846821248531342e-03
5.305912811309099197e-03
5.195943173021078110e-03
5.286156665533781052e-03
5.282576661556959152e-03
5.182766821235418320e-03
5.328118335455656052e-03
5.312637425959110260e-03
5.304458085447549820e-03
5.309167318046092987e-03
5.165154114365577698e-03
5.338901653885841370e-03
5.121012683957815170e-03
5.202403292059898376e-03
5.404162686318159103e-03
5.184535402804613113e-03
5.581543315201997757e-03
5.310737527906894684e-03
5.276811774820089340e-03
5.222375039011240005e-03
5.165553186088800430e-03
5.346213467419147491e-03
5.187287461012601852e-03
5.349292419850826263e-03
5.219402257353067398e-03
5.176082253456115723e-03
5.458727013319730759e-03
5.610073916614055634e-03
5.239724181592464447e-03
5.210706498473882675e-03
5.445685703307390213e-03
5.196268670260906219e-03
5.208572372794151306e-03
5.371419712901115417e-03
5.258449353277683258e-03
5.211560986936092377e-03
5.150525830686092377e-03
5.200497806072235107e-03
5.199425853788852692e-03
5.624841433018445969e-03
5.350791849195957184e-03
5.625720135867595673e-03
5.304954480379819870e-03
5.411551799625158310e-03
5.375063046813011169e-03
5.256574600934982300e-03
5.529399495571851730e-03
5.306989885866641998e-03
5.339362658560276031e-03
5.260947626084089279e-03
5.269842687994241714e-03
5.275791976600885391e-03
5.250542424619197845e-03
5.253775976598262787e-03
5.235887598246335983e-03
5.416687577962875366e-03
5.211684852838516235e-03
5.192419979721307755e-03
5.278869532048702240e-03
5.210856441408395767e-03
5.232631228864192963e-03
5.384208168834447861e-03
5.367709789425134659e-03
5.206385627388954163e-03
5.190902855247259140e-03
5.343989469110965729e-03
5.214228760451078415e-03
5.467288196086883545e-03
5.388505756855010986e-03
5.140413064509630203e-03
5.392582155764102936e-03
5.635404027998447418e-03
5.430135410279035568e-03
5.308114457875490189e-03
5.351217929273843765e-03
5.176251288503408432e-03
5.144583061337471008e-03
5.307640880346298218e-03
5.311772227287292480e-03
5.285557359457015991e-03
5.318159703165292740e-03
5.470260977745056152e-03
5.326919723302125931e-03
5.210479255765676498e-03
5.175677128136157990e-03
5.201373714953660965e-03
5.119117908179759979e-03
5.307315848767757416e-03
5.204093176871538162e-03
5.195459350943565369e-03
5.301102064549922943e-03
5.295301321893930435e-03
5.326220765709877014e-03
5.218660924583673477e-03
5.443371832370758057e-03
5.203064531087875366e-03
5.310354754328727722e-03
5.281921941787004471e-03
5.305449478328227997e-03
5.130730103701353073e-03
5.209318827837705612e-03
5.271767266094684601e-03
5.197442136704921722e-03
5.270897410809993744e-03
5.205047782510519028e-03
5.176708567887544632e-03
5.289986263960599899e-03
5.511466879397630692e-03
5.422270391136407852e-03
5.364562850445508957e-03
5.301270168274641037e-03
5.296358838677406311e-03
5.173247307538986206e-03
5.268897861242294312e-03
5.195165984332561493e-03
5.229866597801446915e-03
5.143378861248493195e-03
5.222455132752656937e-03
5.239346064627170563e-03
5.278893746435642242e-03
5.133905913680791855e-03
5.390806589275598526e-03
5.220687482506036758e-03
5.256557837128639221e-03
5.166942719370126724e-03
5.316860508173704147e-03
5.389731843024492264e-03
5.432363599538803101e-03
5.341667216271162033e-03
5.172870121896266937e-03
5.199993960559368134e-03
5.243242718279361725e-03
5.174995400011539459e-03
5.191474221646785736e-03
5.166657734662294388e-03
5.249976180493831635e-03
5.269262008368968964e-03
5.200957879424095154e-03
5.341282114386558533e-03
5.196634214371442795e-03
5.393638741225004196e-03
5.448922514915466309e-03
5.462136585265398026e-03
5.231669638305902481e-03
5.374908912926912308e-03
5.214687436819076538e-03
5.252559669315814972e-03
5.220153369009494781e-03
5.109240766614675522e-03
5.118777044117450714e-03
5.314051173627376556e-03
5.356427282094955444e-03
5.763356573879718781e-03
5.336079746484756470e-03
5.204993300139904022e-03
5.395225249230861664e-03
5.093804560601711273e-03
5.157631821930408478e-03
5.226271692663431168e-03
5.251436959952116013e-03
5.427183583378791809e-03
5.401378497481346130e-03
5.226794630289077759e-03
5.230396986007690430e-03
5.395965185016393661e-03
5.245170556008815765e-03
5.775387864559888840e-03
5.200824234634637833e-03
5.180838983505964279e-03
5.297634750604629517e-03
5.211980547755956650e-03
5.541673395782709122e-03
5.591750610619783401e-03
5.263374187052249908e-03
5.471704062074422836e-03
5.361982621252536774e-03
5.206745117902755737e-03
5.281744059175252914e-03
5.281832534819841385e-03
5.211951211094856262e-03
5.203425884246826172e-03
5.466194357722997665e-03
5.215788260102272034e-03
5.278121680021286011e-03
5.394903011620044708e-03
5.453024525195360184e-03
5.366766359657049179e-03
5.202026572078466415e-03
5.190378986299037933e-03
5.180852022022008896e-03
5.301052238792181015e-03
5.474814679473638535e-03
5.220351275056600571e-03
5.333976820111274719e-03
5.208139307796955109e-03
5.192390643060207367e-03
5.373108666390180588e-03
5.254173651337623596e-03
5.367352161556482315e-03
5.172733217477798462e-03
5.465094465762376785e-03
5.559658631682395935e-03
5.294102709740400314e-03
5.293232388794422150e-03
5.623512901365756989e-03
5.130272824317216873e-03
5.122577771544456482e-03
5.271027330309152603e-03
5.586733110249042511e-03
5.240611266344785690e-03
5.189791787415742874e-03
5.374309606850147247e-03
5.340945441275835037e-03
5.223828833550214767e-03
5.121246911585330963e-03
5.435595754534006119e-03
5.437935236841440201e-03
5.243518855422735214e-03
5.231347400695085526e-03
5.282897967845201492e-03
5.422404035925865173e-03
5.232460796833038330e-03
5.367320030927658081e-03
5.092028994113206863e-03
5.157067906111478806e-03
5.226259119808673859e-03
5.464036948978900909e-03
5.423815455287694931e-03
5.393827334046363831e-03
5.203735549002885818e-03
5.255141761153936386e-03
5.378386937081813812e-03
5.165602080523967743e-03
5.114530678838491440e-03
5.310737062245607376e-03
5.117360036820173264e-03
5.528669338673353195e-03
5.261824466288089752e-03
5.588939413428306580e-03
5.138493608683347702e-03
5.351963918656110764e-03
5.363902077078819275e-03
5.268041975796222687e-03
5.250847432762384415e-03
5.179906729608774185e-03
5.186928901821374893e-03
5.363362841308116913e-03
5.258102435618638992e-03
5.428173113614320755e-03
5.132455844432115555e-03
5.110622383654117584e-03
5.250431131571531296e-03
5.259287077933549881e-03
5.339383147656917572e-03
5.400596652179956436e-03
5.216709803789854050e-03
5.518849473446607590e-03
5.492273718118667603e-03
5.193234886974096298e-03
5.098016932606697083e-03
5.269970279186964035e-03
5.218084901571273804e-03
5.217456724494695663e-03
5.154619924724102020e-03
5.372564774006605148e-03
5.251558497548103333e-03
5.449085030704736710e-03
5.189122166484594345e-03
5.218927282840013504e-03
5.204784683883190155e-03
5.251821130514144897e-03
5.292185116559267044e-03
5.134806502610445023e-03
5.338440649211406708e-03
5.264961160719394684e-03
5.233899690210819244e-03
5.249217618256807327e-03
5.416568834334611893e-03
5.283351521939039230e-03
5.295007489621639252e-03
5.212506279349327087e-03
5.344006232917308807e-03
5.403377115726470947e-03
5.370350088924169540e-03
5.333608482033014297e-03
5.586856976151466370e-03
5.441883113235235214e-03
5.352335516363382339e-03
5.250402726233005524e-03
5.159302614629268646e-03
5.268608685582876205e-03
5.509340204298496246e-03
5.495279561728239059e-03
5.272209644317626953e-03
5.254496820271015167e-03
5.458134226500988007e-03
5.220833234488964081e-03
5.247770808637142181e-03
5.244412459433078766e-03
5.245352163910865784e-03
5.387939047068357468e-03
5.158409941941499710e-03
5.372132640331983566e-03
5.232193507254123688e-03
5.404418334364891052e-03
5.354071035981178284e-03
5.240995436906814575e-03
5.299414042383432388e-03
5.187415517866611481e-03
5.197660997509956360e-03
5.312016233801841736e-03
5.334423389285802841e-03
5.198123399168252945e-03
5.381323397159576416e-03
5.204882007092237473e-03
5.138520151376724243e-03
5.175680853426456451e-03
5.142532289028167725e-03
5.258731544017791748e-03
5.250077228993177414e-03
5.205818917602300644e-03
5.248976405709981918e-03
5.165602546185255051e-03
5.128380842506885529e-03
5.170640069991350174e-03
5.330658052116632462e-03
5.163325928151607513e-03
5.131087265908718109e-03
5.309523083269596100e-03
5.251338239759206772e-03
5.182090215384960175e-03
5.252721719443798065e-03
5.229873582720756531e-03
5.323842167854309082e-03
5.228394176810979843e-03
5.347280763089656830e-03
5.109496414661407471e-03
5.325454752892255783e-03
5.505162756890058517e-03
5.403095390647649765e-03
5.346927326172590256e-03
5.499838385730981827e-03
5.199214443564414978e-03
5.278456956148147583e-03
5.304814781993627548e-03
5.158940330147743225e-03
5.167852155864238739e-03
5.383923184126615524e-03
5.207137670367956161e-03
5.347080528736114502e-03
5.309138447046279907e-03
5.324218422174453735e-03
5.127928219735622406e-03
5.171698518097400665e-03
5.166709423065185547e-03
5.262079183012247086e-03
5.216736346483230591e-03
5.346487741917371750e-03
5.574913229793310165e-03
5.194620694965124130e-03
5.176022183150053024e-03
5.481851287186145782e-03
5.313649773597717285e-03
5.276467185467481613e-03
5.591422319412231445e-03
5.236701108515262604e-03
5.380936898291110992e-03
5.337086971849203110e-03
5.339234601706266403e-03
5.276827141642570496e-03
5.154616665095090866e-03
5.268848966807126999e-03
5.231339950114488602e-03
5.262084770947694778e-03
5.284842103719711304e-03
5.236804019659757614e-03
5.457023624330759048e-03
5.135476123541593552e-03
5.333028268069028854e-03
5.165035370737314224e-03
5.127458833158016205e-03
5.222548265010118484e-03
5.116883199661970139e-03
5.217756144702434540e-03
5.281092599034309387e-03
5.161884706467390060e-03
5.302272737026214600e-03
5.100253969430923462e-03
5.414222367107868195e-03
5.312975030392408371e-03
5.494273733347654343e-03
5.237151868641376495e-03
5.375656764954328537e-03
5.158079788088798523e-03
5.275663454085588455e-03
5.414265673607587814e-03
5.320210009813308716e-03
5.500901956111192703e-03
5.384877789765596390e-03
5.211804993450641632e-03
5.180045031011104584e-03
5.373440217226743698e-03
5.369612015783786774e-03
5.760611034929752350e-03
5.336582195013761520e-03
5.458849016577005386e-03
5.188396666198968887e-03
5.151794292032718658e-03
5.139348097145557404e-03
5.186412949115037918e-03
5.184718407690525055e-03
5.339120514690876007e-03
5.144526716321706772e-03
5.133581813424825668e-03
5.354856606572866440e-03
5.174913909286260605e-03
5.272842478007078171e-03
5.305969621986150742e-03
5.152634810656309128e-03
5.347263999283313751e-03
5.458813626319169998e-03
5.108699202537536621e-03
5.455972161144018173e-03
5.511506926268339157e-03
5.274006165564060211e-03
5.198216065764427185e-03
5.172051955014467239e-03
5.149278789758682251e-03
5.197669845074415207e-03
5.319236312061548233e-03
5.265362560749053955e-03
5.261551588773727417e-03
5.387781187891960144e-03
5.115695297718048096e-03
5.164253059774637222e-03
5.206634290516376495e-03
5.308334715664386749e-03
5.180956330150365829e-03
5.177841056138277054e-03
5.192012991756200790e-03
5.298403557389974594e-03
5.370472557842731476e-03
5.497819744050502777e-03
5.220858845859766006e-03
5.341904237866401672e-03
5.178587045520544052e-03
5.226782523095607758e-03
5.261227022856473923e-03
5.259437020868062973e-03
5.103012081235647202e-03
5.182993132621049881e-03
5.233798641711473465e-03
5.122574511915445328e-03
5.511770024895668030e-03
5.288413725793361664e-03
5.253992974758148193e-03
5.247838795185089111e-03
5.208212882280349731e-03
5.488670431077480316e-03
5.240990780293941498e-03
5.244919564574956894e-03
5.363936070352792740e-03
5.385054741054773331e-03
5.315972026437520981e-03
5.180664360523223877e-03
5.184044130146503448e-03
5.289881955832242966e-03
5.116063635796308517e-03
5.350106395781040192e-03
5.247418303042650223e-03
5.221978761255741119e-03
5.291539710015058517e-03
5.201118066906929016e-03
5.328206345438957214e-03
5.276122596114873886e-03
5.383867304772138596e-03
5.269711371511220932e-03
5.356276873499155045e-03
5.220226012170314789e-03
5.174539983272552490e-03
5.257755517959594727e-03
5.292000714689493179e-03
5.206995643675327301e-03
5.203665699809789658e-03
5.315560381859540939e-03
5.488649476319551468e-03
5.854389164596796036e-03
5.320605821907520294e-03
5.181287415325641632e-03
5.296032410115003586e-03
5.083940923213958740e-03
5.153010599315166473e-03
5.251458380371332169e-03
5.251468624919652939e-03
5.286129657179117203e-03
5.172753706574440002e-03
5.203017033636569977e-03
5.220805294811725616e-03
5.343037191778421402e-03
5.445653107017278671e-03
5.201282445341348648e-03
5.130460485816001892e-03
5.454981699585914612e-03
5.632832646369934082e-03
5.495496094226837158e-03
5.384848918765783310e-03
5.157449282705783844e-03
5.227986257523298264e-03
5.209743045270442963e-03
5.172682926058769226e-03
5.283959209918975830e-03
5.384992342442274094e-03
5.264287814497947693e-03
5.161516834050416946e-03
5.374074913561344147e-03
5.184813402593135834e-03
5.267274565994739532e-03
5.263319239020347595e-03
5.158846732228994370e-03
5.149133503437042236e-03
5.274150520563125610e-03
5.372911691665649414e-03
5.142343230545520782e-03
5.178590305149555206e-03
5.250718910247087479e-03
5.390781443566083908e-03
5.491162650287151337e-03
5.247053690254688263e-03
5.259934347122907639e-03
5.333372857421636581e-03
5.250732880085706711e-03
5.548033863306045532e-03
5.125911906361579895e-03
5.188845563679933548e-03
5.207544192671775818e-03
5.377575755119323730e-03
5.162273067981004715e-03
5.166244693100452423e-03
5.206496920436620712e-03
5.325423553586006165e-03
5.225479137152433395e-03
5.233509931713342667e-03
5.127107258886098862e-03
5.383538082242012024e-03
5.613757297396659851e-03
5.342807620763778687e-03
5.214312113821506500e-03
5.625521764159202576e-03
5.205541849136352539e-03
5.240981001406908035e-03
5.296124145388603210e-03
5.290176253765821457e-03
5.216665565967559814e-03
5.384505726397037506e-03
5.226822104305028915e-03
5.475024692714214325e-03
5.352462176233530045e-03
5.455960519611835480e-03
5.295456852763891220e-03
5.117592401802539825e-03
5.193700548261404037e-03
5.207139998674392700e-03
5.395744927227497101e-03
5.160032771527767181e-03
5.286691710352897644e-03
5.583244375884532928e-03
5.278252530843019485e-03
5.395587533712387085e-03
5.308883264660835266e-03
5.248146597295999527e-03
5.325354635715484619e-03
5.124093964695930481e-03
5.216842051595449448e-03
5.119837820529937744e-03
5.122945178300142288e-03
5.118552129715681076e-03
5.325067788362503052e-03
5.121795460581779480e-03
5.124770570546388626e-03
5.237860139459371567e-03
5.177301820367574692e-03
5.417034961283206940e-03
5.474552046507596970e-03
5.277102347463369370e-03
5.159913096576929092e-03
5.204868037253618240e-03
5.311687476933002472e-03
5.184676963835954666e-03
5.352703388780355453e-03
5.384303163737058640e-03
5.294910632073879242e-03
5.154926329851150513e-03
5.318189039826393127e-03
5.245784297585487366e-03
5.263940896838903427e-03
5.198075436055660248e-03
5.300477612763643265e-03
5.419900175184011459e-03
5.538604222238063812e-03
5.115021951496601105e-03
5.119085777550935745e-03
5.232683848589658737e-03
5.267964676022529602e-03
5.187603179365396500e-03
5.213189870119094849e-03
5.361664108932018280e-03
5.373628810048103333e-03
5.475830286741256714e-03
5.181174725294113159e-03
5.165078211575746536e-03
5.232854280620813370e-03
5.244851112365722656e-03
5.259990692138671875e-03
5.315956659615039825e-03
5.288642365485429764e-03
5.380087997764348984e-03
5.210726521909236908e-03
5.152409896254539490e-03
5.411036312580108643e-03
5.339293740689754486e-03
5.198850762099027634e-03
5.439631175249814987e-03
5.394279025495052338e-03
5.153315607458353043e-03
5.154130514711141586e-03
5.228260066360235214e-03
5.406867712736129761e-03
5.267690867185592651e-03
5.457454361021518707e-03
5.465054418891668320e-03
5.365747958421707153e-03
5.332638509571552277e-03
5.406021140515804291e-03
5.322750192135572433e-03
5.755806807428598404e-03
5.391030572354793549e-03
5.234153009951114655e-03
5.645966157317161560e-03
5.560155957937240601e-03
5.128614604473114014e-03
5.330111831426620483e-03
5.403977818787097931e-03
5.205817520618438721e-03
5.136088933795690536e-03
5.171558819711208344e-03
5.250117275863885880e-03
5.407638382166624069e-03
5.138474982231855392e-03
5.394357256591320038e-03
5.482441280037164688e-03
5.154729820787906647e-03
5.247940775007009506e-03
5.108373239636421204e-03
5.234677344560623169e-03
5.144613794982433319e-03
5.110414698719978333e-03
5.167730152606964111e-03
5.208919756114482880e-03
5.211202427744865417e-03
5.325722042471170425e-03
5.251739174127578735e-03
5.125260446220636368e-03
5.247841589152812958e-03
5.186460446566343307e-03
5.192451644688844681e-03
5.313245113939046860e-03
5.463938694447278976e-03
5.447452422231435776e-03
5.186685826629400253e-03
5.229936446994543076e-03
5.172946956008672714e-03
5.295937880873680115e-03
5.451304838061332703e-03
5.185544490814208984e-03
5.214280914515256882e-03
5.274737719446420670e-03
5.293939728289842606e-03
5.184522829949855804e-03
5.233986303210258484e-03
5.217236932367086411e-03
5.114589817821979523e-03
5.163632333278656006e-03
5.158065818250179291e-03
5.263436120003461838e-03
5.308524239808320999e-03
5.208535585552453995e-03
5.581027362495660782e-03
5.236778408288955688e-03
5.162257235497236252e-03
5.178481806069612503e-03
5.197130609303712845e-03
5.286508239805698395e-03
5.157595034688711166e-03
5.204471759498119354e-03
5.137705709785223007e-03
5.306287668645381927e-03
5.262264050543308258e-03
5.111939273774623871e-03
5.373632069677114487e-03
5.256317090243101120e-03
5.265118554234504700e-03
5.520383827388286591e-03
5.165313836187124252e-03
5.277560092508792877e-03
6.309749092906713486e-03
5.248696077615022659e-03
5.298147443681955338e-03
5.183090921491384506e-03
5.078021436929702759e-03
5.175687838345766068e-03
5.201087333261966705e-03
5.323037039488554001e-03
5.325142759829759598e-03
5.130596458911895752e-03
5.118056200444698334e-03
5.132863763719797134e-03
5.245417356491088867e-03
5.290234927088022232e-03
5.267054308205842972e-03
5.370668601244688034e-03
5.243878345936536789e-03
5.822232458740472794e-03
5.282776430249214172e-03
5.387281067669391632e-03
5.216109100729227066e-03
5.155910272151231766e-03
5.158692132681608200e-03
5.254330113530158997e-03
5.098919384181499481e-03
5.131276324391365051e-03
5.146189592778682709e-03
5.089731886982917786e-03
5.327269434928894043e-03
5.297693423926830292e-03
5.354620050638914108e-03
5.275672301650047302e-03
5.235646385699510574e-03
5.386327393352985382e-03
5.372453946620225906e-03
5.190319381654262543e-03
5.487435963004827499e-03
5.145924631506204605e-03
5.192731972783803940e-03
5.327507387846708298e-03
5.235576536506414413e-03
5.227415356785058975e-03
5.281623918563127518e-03
5.290865432471036911e-03
5.280240438878536224e-03
5.223446525633335114e-03
5.194412544369697571e-03
5.223605316132307053e-03
5.123489070683717728e-03
5.204993300139904022e-03
5.238035693764686584e-03
5.131824407726526260e-03
5.381979979574680328e-03
5.317302420735359192e-03
5.302168428897857666e-03
5.174718797206878662e-03
5.190864671021699905e-03
5.279797594994306564e-03
5.256920587271451950e-03
5.196698475629091263e-03
5.332502536475658417e-03
5.247346125543117523e-03
5.441858433187007904e-03
5.458825733512639999e-03
5.320539232343435287e-03
5.346261430531740189e-03
5.231616552919149399e-03
5.108977667987346649e-03
5.220601335167884827e-03
5.194044206291437149e-03
5.381620023399591446e-03
5.264102015644311905e-03
5.102679133415222168e-03
5.135380662977695465e-03
5.178262945264577866e-03
5.282899830490350723e-03
5.273899994790554047e-03
5.242590326815843582e-03
5.165220703929662704e-03
5.417732056230306625e-03
5.459604319185018539e-03
5.326361861079931259e-03
5.426435265690088272e-03
5.438189953565597534e-03
5.305539816617965698e-03
5.177166312932968140e-03
5.138341337442398071e-03
5.341177806258201599e-03
5.338750313967466354e-03
5.293267779052257538e-03
5.184018518775701523e-03
5.268746055662631989e-03
5.555670708417892456e-03
5.238963756710290909e-03
5.331583786755800247e-03
5.238979589194059372e-03
5.208189599215984344e-03
5.254284478724002838e-03
5.175055470317602158e-03
5.257195327430963516e-03
5.380491260439157486e-03
5.286411847919225693e-03
5.400970578193664551e-03
5.249387584626674652e-03
5.213116295635700226e-03
5.374412052333354950e-03
5.494855344295501709e-03
5.433763843029737473e-03
5.429071374237537384e-03
5.151115357875823975e-03
5.187427625060081482e-03
5.216803401708602905e-03
5.137988366186618805e-03
5.561619997024536133e-03
5.423688329756259918e-03
5.181655753403902054e-03
5.319252144545316696e-03
5.219598766416311264e-03
5.345907993614673615e-03
5.574812181293964386e-03
5.250622518360614777e-03
5.242270417511463165e-03
5.296550225466489792e-03
5.195075646042823792e-03
5.264546722173690796e-03
5.308334715664386749e-03
5.173279438167810440e-03
5.073943175375461578e-03
5.204162094742059708e-03
5.137043073773384094e-03
5.137600470334291458e-03
5.281099583953619003e-03
5.224362015724182129e-03
5.133483558893203735e-03
5.351459607481956482e-03
5.239730235189199448e-03
5.318084266036748886e-03
5.340984091162681580e-03
5.351165775209665298e-03
5.348842125385999680e-03
5.189260933548212051e-03
5.221660248935222626e-03
5.240094382315874100e-03
5.146402865648269653e-03
5.423431284725666046e-03
5.397168453782796860e-03
5.200522020459175110e-03
5.153941921889781952e-03
5.215634591877460480e-03
5.155247170478105545e-03
5.113364662975072861e-03
5.274206399917602539e-03
5.615141708403825760e-03
5.299412179738283157e-03
5.166307091712951660e-03
5.264739971607923508e-03
5.245128646492958069e-03
5.133310798555612564e-03
5.276882089674472809e-03
5.258817225694656372e-03
5.218510515987873077e-03
5.348433740437030792e-03
5.203427746891975403e-03
5.078715272247791290e-03
5.446346942335367203e-03
5.145578645169734955e-03
5.363857839256525040e-03
5.142194218933582306e-03
5.239396821707487106e-03
5.364441778510808945e-03
5.203040782362222672e-03
5.167462863028049469e-03
5.141052417457103729e-03
5.278523545712232590e-03
5.545446183532476425e-03
5.235349293798208237e-03
5.208034068346023560e-03
5.347021389752626419e-03
5.640557501465082169e-03
5.162294488400220871e-03
5.170058459043502808e-03
5.232580937445163727e-03
5.122488364577293396e-03
5.106823053210973740e-03
5.181594286113977432e-03
5.182618275284767151e-03
5.258891265839338303e-03
5.228467285633087158e-03
5.518671590834856033e-03
5.155776627361774445e-03
5.125755909830331802e-03
5.149534437805414200e-03
5.127353128045797348e-03
5.253008101135492325e-03
5.128411576151847839e-03
5.243741441518068314e-03
5.205030553042888641e-03
5.206215661019086838e-03
5.156002473086118698e-03
5.354318767786026001e-03
5.423299968242645264e-03
5.351376719772815704e-03
5.659577902406454086e-03
5.336667876690626144e-03
5.192225333303213120e-03
5.238434299826622009e-03
5.211280658841133118e-03
5.261068698018789291e-03
5.161613225936889648e-03
5.131644196808338165e-03
5.268751177936792374e-03
5.204206798225641251e-03
5.365959368646144867e-03
5.059533752501010895e-03
5.200414918363094330e-03
5.151089746505022049e-03
5.286370869725942612e-03
5.474280100315809250e-03
5.185182671993970871e-03
5.570630077272653580e-03
5.282897036522626877e-03
5.175439175218343735e-03
5.231891293078660965e-03
5.130120087414979935e-03
5.212803836911916733e-03
5.412220954895019531e-03
5.417332053184509277e-03
5.588505882769823074e-03
5.194370169192552567e-03
5.340846721082925797e-03
5.529062356799840927e-03
5.340452771633863449e-03
5.302435252815485001e-03
5.386681761592626572e-03
5.286194384098052979e-03
5.360097158700227737e-03
5.164055619388818741e-03
5.374919623136520386e-03
5.295608658343553543e-03
5.144967697560787201e-03
5.222992971539497375e-03
5.352556239813566208e-03
5.275246687233448029e-03
5.400125868618488312e-03
5.110497586429119110e-03
5.125826224684715271e-03
5.255859345197677612e-03
5.333198700100183487e-03
5.256587639451026917e-03
5.481759086251258850e-03
5.316660273820161819e-03
5.147713702172040939e-03
5.165920592844486237e-03
5.282191094011068344e-03
5.465202033519744873e-03
5.374961066991090775e-03
5.387977696955204010e-03
5.397134926170110703e-03
5.459056235849857330e-03
5.272783339023590088e-03
5.422174930572509766e-03
5.108961835503578186e-03
5.636838730424642563e-03
5.338172428309917450e-03
5.226138513535261154e-03
5.143861286342144012e-03
5.270361900329589844e-03
5.307273473590612411e-03
5.404366180300712585e-03
5.396690219640731812e-03
5.221563391387462616e-03
5.192059557884931564e-03
5.199477076530456543e-03
5.285773426294326782e-03
5.100324284285306931e-03
5.283591803163290024e-03
5.316914990544319153e-03
5.398238077759742737e-03
5.175261758267879486e-03
5.103092640638351440e-03
5.308761727064847946e-03
5.197783000767230988e-03
5.236853845417499542e-03
5.190541036427021027e-03
5.212177522480487823e-03
5.251214839518070221e-03
5.301180295646190643e-03
5.253830924630165100e-03
5.163271445780992508e-03
5.423743743449449539e-03
5.133539903908967972e-03
5.568841006606817245e-03
5.297966767102479935e-03
5.475655198097229004e-03
5.209531635046005249e-03
5.681453738361597061e-03
5.651016253978013992e-03
5.280673503875732422e-03
5.138938780874013901e-03
5.364850629121065140e-03
5.178985185921192169e-03
5.125890951603651047e-03
5.385455675423145294e-03
5.346911493688821793e-03
5.114771891385316849e-03
5.322343669831752777e-03
5.222318693995475769e-03
5.251420196145772934e-03
5.518639925867319107e-03
5.206957925111055374e-03
5.187436938285827637e-03
5.342267919331789017e-03
5.156045779585838318e-03
5.134053062647581100e-03
5.150045733898878098e-03
5.186723079532384872e-03
5.413505714386701584e-03
5.398612469434738159e-03
5.251335911452770233e-03
5.403119605034589767e-03
5.377409979701042175e-03
5.255126859992742538e-03
5.226565524935722351e-03
5.344879347831010818e-03
5.173712503165006638e-03
5.253492854535579681e-03
5.422108806669712067e-03
5.469148978590965271e-03
5.363072268664836884e-03
5.375713109970092773e-03
5.343242082744836807e-03
5.154643673449754715e-03
5.106403958052396774e-03
5.154127255082130432e-03
5.277818534523248672e-03
5.199938081204891205e-03
5.735081620514392853e-03
5.257013719528913498e-03
5.208902992308139801e-03
5.316611379384994507e-03
5.430889315903186798e-03
5.225679837167263031e-03
5.395936779677867889e-03
5.384400952607393265e-03
5.212896037846803665e-03
5.170360673218965530e-03
5.416776519268751144e-03
5.316950846463441849e-03
5.243409425020217896e-03
5.253046285361051559e-03
5.294142290949821472e-03
5.191231612116098404e-03
5.297275725752115250e-03
5.207902286201715469e-03
5.303224548697471619e-03
5.406705662608146667e-03
5.178719293326139450e-03
5.078120157122612000e-03
5.348780658096075058e-03
5.304836202412843704e-03
5.443982314318418503e-03
5.200301297008991241e-03
5.267207976430654526e-03
5.181727930903434753e-03
5.149043630808591843e-03
5.346073769032955170e-03
5.157311912626028061e-03
5.328316707164049149e-03
5.377145949751138687e-03
5.090998485684394836e-03
5.224535241723060608e-03
5.169905256479978561e-03
5.078936461359262466e-03
5.338974762707948685e-03
5.340239964425563812e-03
5.263713188469409943e-03
5.187176167964935303e-03
5.160220433026552200e-03
5.330785643309354782e-03
5.249889567494392395e-03
5.470762494951486588e-03
5.156676750630140305e-03
5.408964585512876511e-03
5.218608304858207703e-03
5.127562209963798523e-03
5.453336983919143677e-03
5.155353806912899017e-03
5.301608238369226456e-03
5.193502642214298248e-03
5.495570600032806396e-03
5.155755206942558289e-03
5.247803870588541031e-03
5.230244249105453491e-03
5.151579622179269791e-03
5.246705841273069382e-03
5.418242886662483215e-03
5.180868785828351974e-03
5.324946716427803040e-03
5.294275935739278793e-03
5.217286292463541031e-03
5.454874597489833832e-03
5.283635575324296951e-03
5.392002873122692108e-03
5.182398483157157898e-03
5.219004582613706589e-03
5.328752566128969193e-03
5.287436302751302719e-03
5.221460945904254913e-03
5.073368549346923828e-03
5.207471549510955811e-03
5.216335412114858627e-03
5.283347330987453461e-03
5.283362697809934616e-03
5.320232361555099487e-03
5.279441829770803452e-03
5.208516493439674377e-03
5.161376204341650009e-03
5.127984099090099335e-03
5.654658656567335129e-03
5.188883282244205475e-03
5.622607190161943436e-03
5.249744746834039688e-03
5.358773749321699142e-03
5.333734676241874695e-03
5.115716252475976944e-03
5.241097882390022278e-03
5.143220070749521255e-03
5.197253078222274780e-03
5.292023066431283951e-03
5.129922181367874146e-03
5.086519289761781693e-03
5.346387624740600586e-03
5.118311382830142975e-03
5.270579829812049866e-03
5.134357605129480362e-03
5.265801679342985153e-03
5.138391163200139999e-03
5.125495605170726776e-03
5.192154087126255035e-03
5.297501105815172195e-03
5.224959459155797958e-03
5.150175187736749649e-03
5.405527073889970779e-03
5.275206640362739563e-03
5.159240681678056717e-03
5.408351775258779526e-03
5.402947776019573212e-03
5.105161573737859726e-03
5.157992709428071976e-03
5.194509401917457581e-03
5.403980612754821777e-03
5.187599919736385345e-03
5.342136137187480927e-03
5.170667544007301331e-03
5.356861278414726257e-03
5.161611363291740417e-03
5.159033462405204773e-03
5.354639608412981033e-03
5.280457437038421631e-03
5.412672180682420731e-03
5.222097504884004593e-03
5.236962810158729553e-03
5.123345181345939636e-03
5.168206058442592621e-03
5.272076465189456940e-03
5.210462026298046112e-03
5.126023665070533752e-03
5.228353198617696762e-03
5.573906004428863525e-03
5.113522056490182877e-03
5.734304431825876236e-03
5.207546055316925049e-03
5.271589849144220352e-03
5.301611963659524918e-03
5.252780392765998840e-03
5.243954714387655258e-03
5.122920498251914978e-03
5.262235645204782486e-03
5.177443847060203552e-03
5.204046610742807388e-03
5.205097608268260956e-03
5.132200196385383606e-03
5.192195530980825424e-03
5.428002681583166122e-03
5.141159985214471817e-03
5.316402297466993332e-03
5.158239044249057770e-03
5.225926637649536133e-03
5.146047566086053848e-03
5.217212717980146408e-03
5.351288709789514542e-03
5.156552419066429138e-03
5.336132366210222244e-03
5.547192879021167755e-03
5.368820857256650925e-03
5.288044922053813934e-03
5.139640066772699356e-03
5.424350500106811523e-03
5.319293122738599777e-03
5.308496300131082535e-03
5.176409147679805756e-03
5.104675889015197754e-03
5.342384334653615952e-03
5.199637264013290405e-03
5.343737546354532242e-03
5.381275899708271027e-03
5.131999962031841278e-03
5.079907365143299103e-03
5.262211430817842484e-03
5.173368379473686218e-03
5.171459168195724487e-03
5.181628745049238205e-03
5.294240079820156097e-03
5.264102481305599213e-03
5.160381086170673370e-03
5.312990397214889526e-03
5.292688030749559402e-03
5.187311675399541855e-03
5.556039977818727493e-03
5.690504796802997589e-03
5.171493161469697952e-03
5.092530976980924606e-03
5.122385453432798386e-03
5.090120714157819748e-03
5.222923122346401215e-03
5.141152068972587585e-03
5.147614981979131699e-03
5.170320160686969757e-03
5.212675780057907104e-03
5.349242128431797028e-03
5.126129835844039917e-03
5.149206146597862244e-03
5.493434146046638489e-03
5.692475475370883942e-03
5.416126456111669540e-03
5.168456118553876877e-03
5.200200714170932770e-03
5.298537667840719223e-03
5.177497398108243942e-03
5.264258943498134613e-03
5.278400145471096039e-03
5.219987593591213226e-03
5.118981935083866119e-03
5.322157870978116989e-03
5.144623108208179474e-03
5.229484289884567261e-03
5.316397175192832947e-03
5.106080323457717896e-03
5.139229819178581238e-03
5.209872033447027206e-03
5.149775184690952301e-03
5.138971842825412750e-03
5.239402409642934799e-03
5.096443928778171539e-03
5.451975855976343155e-03
5.149790085852146149e-03
5.339483730494976044e-03
5.083723925054073334e-03
5.222602747380733490e-03
5.226772278547286987e-03
5.242204759269952774e-03
5.249612033367156982e-03
5.163647700101137161e-03
5.156312137842178345e-03
5.315971095114946365e-03
5.174276418983936310e-03
5.301112774759531021e-03
5.311282351613044739e-03
5.790535360574722290e-03
5.174560938030481339e-03
5.231412127614021301e-03
5.284372251480817795e-03
5.332497879862785339e-03
5.145862232893705368e-03
5.243651568889617920e-03
5.314726848155260086e-03
5.171306431293487549e-03
5.285885185003280640e-03
5.280446726828813553e-03
5.240288097411394119e-03
5.201986525207757950e-03
5.248763132840394974e-03
5.489230155944824219e-03
5.455770529806613922e-03
5.215075798332691193e-03
5.314045585691928864e-03
5.195589736104011536e-03
5.105311982333660126e-03
5.312818102538585663e-03
5.283063743263483047e-03
5.315388552844524384e-03
5.087932571768760681e-03
5.267479456961154938e-03
5.194073542952537537e-03
5.248006898909807205e-03
5.320648197084665298e-03
5.399276968091726303e-03
5.095750559121370316e-03
5.157366394996643066e-03
5.173505749553442001e-03
5.305259488523006439e-03
5.196997430175542831e-03
5.236324854195117950e-03
5.298501346260309219e-03
5.277261137962341309e-03
5.454539787024259567e-03
5.159334279596805573e-03
5.124584306031465530e-03
5.470597650855779648e-03
5.336406175047159195e-03
5.285979248583316803e-03
5.412575788795948029e-03
5.285753402858972549e-03
5.485889967530965805e-03
5.311812739819288254e-03
5.230497103184461594e-03
5.191323813050985336e-03
5.128276068717241287e-03
5.111468024551868439e-03
5.435205996036529541e-03
5.246385931968688965e-03
5.205238703638315201e-03
5.357638001441955566e-03
5.320523399859666824e-03
5.188259761780500412e-03
5.142944399267435074e-03
5.318386014550924301e-03
5.117687396705150604e-03
5.169032607227563858e-03
5.189250688999891281e-03
5.301174242049455643e-03
5.391178652644157410e-03
5.199757404625415802e-03
5.431197118014097214e-03
5.114212166517972946e-03
5.288989283144474030e-03
5.197428632527589798e-03
5.131358746439218521e-03
5.125147756189107895e-03
5.133359692990779877e-03
5.184208974242210388e-03
5.141692236065864563e-03
5.200113635510206223e-03
5.351459141820669174e-03
5.351069383323192596e-03
5.085933953523635864e-03
5.426342133432626724e-03
5.176801700145006180e-03
5.305880680680274963e-03
5.088883452117443085e-03
5.117817316204309464e-03
5.336147267371416092e-03
5.196324549615383148e-03
5.257173907011747360e-03
5.331022664904594421e-03
5.410101730376482010e-03
5.328246392309665680e-03
5.456765182316303253e-03
5.129379685968160629e-03
5.171871278434991837e-03
5.578486714512109756e-03
5.246111191809177399e-03
5.435294471681118011e-03
5.228644236922264099e-03
5.293101072311401367e-03
5.252969451248645782e-03
5.136576946824789047e-03
5.216903984546661377e-03
5.167563445866107941e-03
5.108844023197889328e-03
5.282239057123661041e-03
5.105941556394100189e-03
5.192384123802185059e-03
5.199486855417490005e-03
5.219670478254556656e-03
5.136511288583278656e-03
5.157311912626028061e-03
5.340124014765024185e-03
5.227412097156047821e-03
5.224737804383039474e-03
5.296730902045965195e-03
5.536565091460943222e-03
5.283881910145282745e-03
5.375507287681102753e-03
5.267437547445297241e-03
5.079702939838171005e-03
5.164832342416048050e-03
5.183758214116096497e-03
5.426218733191490173e-03
5.237806588411331177e-03
5.165568087249994278e-03
5.452618934214115143e-03
5.375953391194343567e-03
5.118523258715867996e-03
5.216908641159534454e-03
5.491266492754220963e-03
5.212891846895217896e-03
5.170409567654132843e-03
5.143336951732635498e-03
5.187171511352062225e-03
5.195260513573884964e-03
5.289855878800153732e-03
5.515469703823328018e-03
5.215522367507219315e-03
5.207698792219161987e-03
5.222866311669349670e-03
5.616755690425634384e-03
5.167908035218715668e-03
5.184767302125692368e-03
5.122590344399213791e-03
5.287417676299810410e-03
5.239575635641813278e-03
5.180732347071170807e-03
5.213692318648099899e-03
5.190572235733270645e-03
5.170924589037895203e-03
5.182667169719934464e-03
5.253457929939031601e-03
5.361496470868587494e-03
5.318215116858482361e-03
5.417633801698684692e-03
5.202248226851224899e-03
5.213459488004446030e-03
5.174154415726661682e-03
5.307950545102357864e-03
5.397876724600791931e-03
5.360816139727830887e-03
5.203722976148128510e-03
5.234221927821636200e-03
5.255629308521747589e-03
5.568177904933691025e-03
5.434649530798196793e-03
5.617349408566951752e-03
5.213995929807424545e-03
5.191695876419544220e-03
5.181201733648777008e-03
5.209309048950672150e-03
5.198649596422910690e-03
5.306264385581016541e-03
5.129326600581407547e-03
5.099893081933259964e-03
5.448217038065195084e-03
5.158845335245132446e-03
5.261392798274755478e-03
5.116183310747146606e-03
5.104938056319952011e-03
5.505973007529973984e-03
5.466719623655080795e-03
5.438774824142456055e-03
5.622114986181259155e-03
5.089875310659408569e-03
5.176577717065811157e-03
5.231685936450958252e-03
5.169588606804609299e-03
5.354521330446004868e-03
5.223632790148258209e-03
5.144936963915824890e-03
5.134246312081813812e-03
5.070649087429046631e-03
5.097016226500272751e-03
5.366277880966663361e-03
5.272734910249710083e-03
5.194773431867361069e-03
5.142404232174158096e-03
5.189662799239158630e-03
5.117102060467004776e-03
5.121432244777679443e-03
5.379230249673128128e-03
5.200363229960203171e-03
5.117423832416534424e-03
5.250514950603246689e-03
5.151900928467512131e-03
5.249514710158109665e-03
5.235766991972923279e-03
5.129673518240451813e-03
5.160977598279714584e-03
5.294631235301494598e-03
5.245617590844631195e-03
5.233867559581995010e-03
5.198718514293432236e-03
5.183232482522726059e-03
5.101619753986597061e-03
5.239158868789672852e-03
5.193482153117656708e-03
5.252218339592218399e-03
5.208245012909173965e-03
5.084118340164422989e-03
5.108383484184741974e-03
5.388270597904920578e-03
5.216570105403661728e-03
5.357453133910894394e-03
5.192976444959640503e-03
5.144664086401462555e-03
5.284558050334453583e-03
5.367534235119819641e-03
5.234997253865003586e-03
5.158960819244384766e-03
5.317551549524068832e-03
5.165779497474431992e-03
5.175690632313489914e-03
5.522214341908693314e-03
5.270770285278558731e-03
5.412053782492876053e-03
5.554599687457084656e-03
5.695620086044073105e-03
5.261000711470842361e-03
5.320480559021234512e-03
5.285338498651981354e-03
5.128925666213035583e-03
5.296052433550357819e-03
5.401806905865669250e-03
5.155716557055711746e-03
5.557305179536342621e-03
5.183197557926177979e-03
5.237188655883073807e-03
5.164582747966051102e-03
5.259769037365913391e-03
5.124642979353666306e-03
5.135220009833574295e-03
5.248389206826686859e-03
5.230981390923261642e-03
5.203162319958209991e-03
5.097293760627508163e-03
5.114573054015636444e-03
5.191503092646598816e-03
5.249978974461555481e-03
5.339236930012702942e-03
5.390732549130916595e-03
5.107593722641468048e-03
5.194948986172676086e-03
5.381424911320209503e-03
5.432744976133108139e-03
5.215624347329139709e-03
5.453657358884811401e-03
5.166882183402776718e-03
5.097862798720598221e-03
5.253099370747804642e-03
5.236627999693155289e-03
5.392442923039197922e-03
5.279787350445985794e-03
5.241731647402048111e-03
5.188108887523412704e-03
5.275564733892679214e-03
5.137557163834571838e-03
5.185001529753208160e-03
5.456127692013978958e-03
5.110264755785465240e-03
5.203646142035722733e-03
5.312070716172456741e-03
5.621709860861301422e-03
5.203924607485532761e-03
5.251178517937660217e-03
5.092016886919736862e-03
5.116428714245557785e-03
5.240635015070438385e-03
5.219756625592708588e-03
5.340881180018186569e-03
5.385509226471185684e-03
5.235406104475259781e-03
5.075884982943534851e-03
5.107100587338209152e-03
5.205414723604917526e-03
5.160083062946796417e-03
5.179596599191427231e-03
5.189654417335987091e-03
5.205019377171993256e-03
5.269734188914299011e-03
5.267908331006765366e-03
5.179997533559799194e-03
5.170320626348257065e-03
5.219853483140468597e-03
5.123138427734375000e-03
5.397030152380466461e-03
5.430280696600675583e-03
5.232586059719324112e-03
5.279796198010444641e-03
5.160822998732328415e-03
5.071723368018865585e-03
5.081147886812686920e-03
5.185309797525405884e-03
5.145742557942867279e-03
5.262447986751794815e-03
5.121389403939247131e-03
5.327510647475719452e-03
5.232573021203279495e-03
5.133541300892829895e-03
5.177590530365705490e-03
5.508439149707555771e-03
5.297308787703514099e-03
5.060927942395210266e-03
5.212572403252124786e-03
5.247298162430524826e-03
5.231048446148633957e-03
5.152682773768901825e-03
5.363490898162126541e-03
5.124913062900304794e-03
5.145366303622722626e-03
5.324640311300754547e-03
5.124578252434730530e-03
5.130500067025423050e-03
5.213440861552953720e-03
5.152237135916948318e-03
5.301044322550296783e-03
5.207205191254615784e-03
5.226311273872852325e-03
5.325680132955312729e-03
5.392199382185935974e-03
5.180333741009235382e-03
5.370110739022493362e-03
5.490483250468969345e-03
5.115030333399772644e-03
5.117059219628572464e-03
5.239909514784812927e-03
5.219635087996721268e-03
5.180486477911472321e-03
5.143493879586458206e-03
5.287662614136934280e-03
5.406669806689023972e-03
5.254240240901708603e-03
5.792185198515653610e-03
5.134352482855319977e-03
5.411481484770774841e-03
5.231502931565046310e-03
5.166030488908290863e-03
5.323133897036314011e-03
5.154300481081008911e-03
5.195297300815582275e-03
5.177220329642295837e-03
5.167657509446144104e-03
5.138043779879808426e-03
5.146582610905170441e-03
5.208623129874467850e-03
5.158707499504089355e-03
5.293132271617650986e-03
5.306377075612545013e-03
5.395046435296535492e-03
5.108046345412731171e-03
5.164104048162698746e-03
5.156151484698057175e-03
5.369374994188547134e-03
5.237692035734653473e-03
5.255534779280424118e-03
5.225316621363162994e-03
5.394141655415296555e-03
5.318540614098310471e-03
5.119526293128728867e-03
5.182215012609958649e-03
5.280614364892244339e-03
5.159618332982063293e-03
5.213071592152118683e-03
5.222208797931671143e-03
5.374092608690261841e-03
5.299385171383619308e-03
5.391842219978570938e-03
5.137526430189609528e-03
5.128846969455480576e-03
5.117054097354412079e-03
5.206197034567594528e-03
5.194392986595630646e-03
5.073910113424062729e-03
5.275404080748558044e-03
5.317763891071081161e-03
5.220499821007251740e-03
5.465100053697824478e-03
5.271090194582939148e-03
5.317983683198690414e-03
5.302629899233579636e-03
5.136289168149232864e-03
5.092730280011892319e-03
5.197027232497930527e-03
5.138360895216464996e-03
5.112264305353164673e-03
5.326659418642520905e-03
5.337951704859733582e-03
5.192799493670463562e-03
5.365889053791761398e-03
5.189761053770780563e-03
5.280720070004463196e-03
5.190406925976276398e-03
5.154449492692947388e-03
5.342617630958557129e-03
5.173969082534313202e-03
5.390083417296409607e-03
5.185768473893404007e-03
5.116472952067852020e-03
5.142010748386383057e-03
5.122903268784284592e-03
5.133734084665775299e-03
5.153909791260957718e-03
5.105136893689632416e-03
5.334835033863782883e-03
5.282067693769931793e-03
5.129722412675619125e-03
5.174240097403526306e-03
5.185745190829038620e-03
5.369364283978939056e-03
5.219794809818267822e-03
5.205677822232246399e-03
5.428201518952846527e-03
5.325922276824712753e-03
5.637252703309059143e-03
5.470017902553081512e-03
5.140137393027544022e-03
5.258054938167333603e-03
5.247659515589475632e-03
5.340442527085542679e-03
5.111909937113523483e-03
5.188906565308570862e-03
5.192105658352375031e-03
5.167298484593629837e-03
5.162656772881746292e-03
5.163792986422777176e-03
5.341990850865840912e-03
5.098924972116947174e-03
5.258393939584493637e-03
5.243923515081405640e-03
5.158815067261457443e-03
5.294030997902154922e-03
5.216851830482482910e-03
5.289075430482625961e-03
5.255976691842079163e-03
5.222937557846307755e-03
5.213737022131681442e-03
5.383633077144622803e-03
5.291842389851808548e-03
5.219114013016223907e-03
5.128175485879182816e-03
5.188172683119773865e-03
5.261720158159732819e-03
5.230016540735960007e-03
5.324427038431167603e-03
5.155048798769712448e-03
5.179174244403839111e-03
5.251822527498006821e-03
5.394380539655685425e-03
5.309388041496276855e-03
5.085421260446310043e-03
5.115051288157701492e-03
5.289655178785324097e-03
5.137423984706401825e-03
5.267130676656961441e-03
5.058761686086654663e-03
5.290524102747440338e-03
5.237275734543800354e-03
5.436046980321407318e-03
5.243919789791107178e-03
5.531343165785074234e-03
5.088271107524633408e-03
5.278469994664192200e-03
5.102455150336027145e-03
5.116460844874382019e-03
5.095616914331912994e-03
5.192735232412815094e-03
5.239366553723812103e-03
5.239060614258050919e-03
5.335534457117319107e-03
5.341619253158569336e-03
5.634332075715065002e-03
5.404695868492126465e-03
5.412849597632884979e-03
5.198820494115352631e-03
5.152065306901931763e-03
5.157141480594873428e-03
5.302159581333398819e-03
5.182666704058647156e-03
5.242885090410709381e-03
5.186378490179777145e-03
5.065056495368480682e-03
5.479468498378992081e-03
5.116215907037258148e-03
5.375303328037261963e-03
5.214113742113113403e-03
5.098235793411731720e-03
5.189796909689903259e-03
5.251768045127391815e-03
5.193878896534442902e-03
5.473918747156858444e-03
5.253182258456945419e-03
5.213607568293809891e-03
5.198045168071985245e-03
5.245002452284097672e-03
5.203526467084884644e-03
5.132343620061874390e-03
5.233818665146827698e-03
5.444591864943504333e-03
5.442849826067686081e-03
5.189411342144012451e-03
5.168885458260774612e-03
5.106908734887838364e-03
5.215951707214117050e-03
5.312957335263490677e-03
5.122428759932518005e-03
5.141770467162132263e-03
5.116836633533239365e-03
5.271722562611103058e-03
5.144069436937570572e-03
5.265119951218366623e-03
5.131298676133155823e-03
5.492108408361673355e-03
5.335167050361633301e-03
5.097412504255771637e-03
5.121237132698297501e-03
5.145195405930280685e-03
5.265966523438692093e-03
5.075299181044101715e-03
5.116696003824472427e-03
5.197222810238599777e-03
5.271289497613906860e-03
5.151218734681606293e-03
5.202357657253742218e-03
5.321369506418704987e-03
5.157032981514930725e-03
5.297083873301744461e-03
5.157758481800556183e-03
5.219190381467342377e-03
5.542036611586809158e-03
5.166586954146623611e-03
5.068332888185977936e-03
5.122974049299955368e-03
5.075218155980110168e-03
5.234729498624801636e-03
5.116226151585578918e-03
5.234087817370891571e-03
5.709528923034667969e-03
5.733758676797151566e-03
5.195560865104198456e-03
5.239600781351327896e-03
5.116061307489871979e-03
5.071952473372220993e-03
5.107455421239137650e-03
5.325974430888891220e-03
5.320483818650245667e-03
5.194853991270065308e-03
5.061755888164043427e-03
5.340224597603082657e-03
5.158072337508201599e-03
5.260230042040348053e-03
5.210934206843376160e-03
5.099959671497344971e-03
5.199382547289133072e-03
5.550686735659837723e-03
5.291871726512908936e-03
5.112086888402700424e-03
5.169249605387449265e-03
5.183022469282150269e-03
5.156780593097209930e-03
5.342489108443260193e-03
5.171566270291805267e-03
5.501843523234128952e-03
5.269978661090135574e-03
5.129766650497913361e-03
5.146815907210111618e-03
5.175588186830282211e-03
5.327100865542888641e-03
5.129533819854259491e-03
5.072923842817544937e-03
5.457135848701000214e-03
5.353205837309360504e-03
5.438928492367267609e-03
5.178976338356733322e-03
5.253194831311702728e-03
5.278779193758964539e-03
5.260640289634466171e-03
5.092437844723463058e-03
5.284914281219244003e-03
5.267030093818902969e-03
5.119509529322385788e-03
5.080644041299819946e-03
5.213067401200532913e-03
5.204498302191495895e-03
5.125649739056825638e-03
5.083722528070211411e-03
5.634390283375978470e-03
5.131739657372236252e-03
5.219753365963697433e-03
5.183429457247257233e-03
5.219954531639814377e-03
5.236205644905567169e-03
5.132755730301141739e-03
5.116001702845096588e-03
5.322437267750501633e-03
5.202491767704486847e-03
5.483505316078662872e-03
5.278141703456640244e-03
5.231027025729417801e-03
5.158419255167245865e-03
5.201412830501794815e-03
5.208836868405342102e-03
5.156523082405328751e-03
5.214568227529525757e-03
5.146630108356475830e-03
5.125840194523334503e-03
5.496126133948564529e-03
5.289759486913681030e-03
5.310473963618278503e-03
5.172612145543098450e-03
5.203642882406711578e-03
5.255021620541810989e-03
5.172667559236288071e-03
5.158803425729274750e-03
5.585084669291973114e-03
5.137273576110601425e-03
5.210078321397304535e-03
5.416871514171361923e-03
5.170569289475679398e-03
5.301550496369600296e-03
5.391182843595743179e-03
5.254558753222227097e-03
5.185998976230621338e-03
5.388052202761173248e-03
5.115096922963857651e-03
5.236743483692407608e-03
5.238499026745557785e-03
5.217613186687231064e-03
5.114821251481771469e-03
5.302597768604755402e-03
5.356526467949151993e-03
5.128659307956695557e-03
5.209997761994600296e-03
5.657483357936143875e-03
5.175330676138401031e-03
5.425089970231056213e-03
5.150594748556613922e-03
5.203136242926120758e-03
5.316369701176881790e-03
5.107198841869831085e-03
5.244931671768426895e-03
5.077455192804336548e-03
5.186714697629213333e-03
5.387104116380214691e-03
5.211899057030677795e-03
5.225933156907558441e-03
5.352101288735866547e-03
5.204780958592891693e-03
5.169646814465522766e-03
5.103220231831073761e-03
5.182721652090549469e-03
5.099433939903974533e-03
5.214210133999586105e-03
5.241638980805873871e-03
5.138843320310115814e-03
5.414027255028486252e-03
5.251927766948938370e-03
5.359746050089597702e-03
5.150882061570882797e-03
5.266043823212385178e-03
5.221951752901077271e-03
5.282093305140733719e-03
5.282102618366479874e-03
5.184062756597995758e-03
5.262711085379123688e-03
5.217113066464662552e-03
5.075410008430480957e-03
5.228430498391389847e-03
5.062079522758722305e-03
5.203436128795146942e-03
5.131558980792760849e-03
5.041092168539762497e-03
5.234259180724620819e-03
5.164203699678182602e-03
5.117764696478843689e-03
5.389101803302764893e-03
5.274337250739336014e-03
5.236987490206956863e-03
5.167360417544841766e-03
5.199794191867113113e-03
5.078006070107221603e-03
5.164942238479852676e-03
5.103909410536289215e-03
5.445110145956277847e-03
5.128724034875631332e-03
5.404150113463401794e-03
5.287824664264917374e-03
5.305199883878231049e-03
5.145187024027109146e-03
5.212068092077970505e-03
5.412334110587835312e-03
5.126541946083307266e-03
5.252074915915727615e-03
5.228714086115360260e-03
5.127814132720232010e-03
5.374575033783912659e-03
5.404645111411809921e-03
5.183892790228128433e-03
5.296231247484683990e-03
5.324584897607564926e-03
5.558080971240997314e-03
5.154049955308437347e-03
5.200769752264022827e-03
5.151068791747093201e-03
5.084050819277763367e-03
5.491616204380989075e-03
5.070106592029333115e-03
5.160329863429069519e-03
5.273578222841024399e-03
5.108398851007223129e-03
5.344375502318143845e-03
5.134790670126676559e-03
5.032174289226531982e-03
5.241753533482551575e-03
5.235507152974605560e-03
5.142925772815942764e-03
5.140153691172599792e-03
5.145261529833078384e-03
5.250534042716026306e-03
5.241247825324535370e-03
5.205363500863313675e-03
5.067343357950448990e-03
5.170229356735944748e-03
5.221272818744182587e-03
5.103791598230600357e-03
5.149808712303638458e-03
5.194230005145072937e-03
5.197460297495126724e-03
5.422134418040513992e-03
5.178356077522039413e-03
5.189415533095598221e-03
5.067736841738224030e-03
5.169793032109737396e-03
5.244728643447160721e-03
5.456015001982450485e-03
5.211776588112115860e-03
5.259170196950435638e-03
5.101304501295089722e-03
5.289091728627681732e-03
5.254043266177177429e-03
5.209621973335742950e-03
5.107696633785963058e-03
5.168463103473186493e-03
5.267269443720579147e-03
5.240029189735651016e-03
5.165123380720615387e-03
5.342113319784402847e-03
5.327236838638782501e-03
5.331316497176885605e-03
5.258112680166959763e-03
5.424406845122575760e-03
5.319491960108280182e-03
5.083299241960048676e-03
5.173899699002504349e-03
5.157527048140764236e-03
5.214864388108253479e-03
5.108876153826713562e-03
5.251974333077669144e-03
5.215421319007873535e-03
5.133460741490125656e-03
5.223243497312068939e-03
5.101714283227920532e-03
5.106776021420955658e-03
5.200451705604791641e-03
5.187283270061016083e-03
5.171404685825109482e-03
5.307030398398637772e-03
5.128777120262384415e-03
5.190203897655010223e-03
5.401584319770336151e-03
5.207716953009366989e-03
5.784177687019109726e-03
5.380417220294475555e-03
5.191167816519737244e-03
5.213761702179908752e-03
5.235332529991865158e-03
5.132332909852266312e-03
5.164923146367073059e-03
5.259637720882892609e-03
5.355645436793565750e-03
5.087514407932758331e-03
5.098571535199880600e-03
5.103471223264932632e-03
5.209133028984069824e-03
5.397172644734382629e-03
5.416312254965305328e-03
5.143929272890090942e-03
5.034381989389657974e-03
5.096381995826959610e-03
5.076949484646320343e-03
5.180705338716506958e-03
5.228448659181594849e-03
5.270538385957479477e-03
5.095311906188726425e-03
5.160853266716003418e-03
5.270171444863080978e-03
5.192999728024005890e-03
5.186937283724546432e-03
5.176035687327384949e-03
5.262759979814291000e-03
5.169597920030355453e-03
5.335719790309667587e-03
5.155255552381277084e-03
5.242220126092433929e-03
5.108063109219074249e-03
5.339860450476408005e-03
5.295073613524436951e-03
5.232008174061775208e-03
5.349178798496723175e-03
5.245482549071311951e-03
5.157886538654565811e-03
5.171574186533689499e-03
5.289385560899972916e-03
5.126165691763162613e-03
5.184338428080081940e-03
5.136775784194469452e-03
5.108138546347618103e-03
5.064579192548990250e-03
5.071496590971946716e-03
5.374283064156770706e-03
5.553036462515592575e-03
5.220266990363597870e-03
5.069914739578962326e-03
5.087316501885652542e-03
5.113193299621343613e-03
5.195530131459236145e-03
5.133936181664466858e-03
5.075008142739534378e-03
5.078048445284366608e-03
5.226192064583301544e-03
5.119906738400459290e-03
5.354147404432296753e-03
5.099909380078315735e-03
5.190968047827482224e-03
5.391167011111974716e-03
5.261604208499193192e-03
5.180222913622856140e-03
5.173088517040014267e-03
5.078888963907957077e-03
5.210342817008495331e-03
5.191474221646785736e-03
5.155656486749649048e-03
5.179829429835081100e-03
5.136847961694002151e-03
5.075911525636911392e-03
5.425489507615566254e-03
5.102617200464010239e-03
5.106252618134021759e-03
5.170691758394241333e-03
5.178617313504219055e-03
5.257002543658018112e-03
5.317586008459329605e-03
5.140619352459907532e-03
5.152399186044931412e-03
5.196952261030673981e-03
5.117688328027725220e-03
5.195914767682552338e-03
5.123340990394353867e-03
5.165379960089921951e-03
5.085852462798357010e-03
5.091290920972824097e-03
5.074359942227602005e-03
5.207532551139593124e-03
5.603000521659851074e-03
5.204214714467525482e-03
5.164306610822677612e-03
5.797273479402065277e-03
5.254210904240608215e-03
5.142559297382831573e-03
5.233053117990493774e-03
5.247859284281730652e-03
5.027667619287967682e-03
5.265560466796159744e-03
5.228906404227018356e-03
5.271667148917913437e-03
5.757701117545366287e-03
5.232840776443481445e-03
5.157002247869968414e-03
5.060380790382623672e-03
5.203135311603546143e-03
5.115317180752754211e-03
5.093042738735675812e-03
5.089779384434223175e-03
5.186283495277166367e-03
5.302375182509422302e-03
5.136723630130290985e-03
5.103611387312412262e-03
5.154759623110294342e-03
5.125134717673063278e-03
5.249012261629104614e-03
5.160233005881309509e-03
5.161277018487453461e-03
5.169188138097524643e-03
5.346619524061679840e-03
5.376805085688829422e-03
5.407284945249557495e-03
5.309350322932004929e-03
5.319810472428798676e-03
5.186845082789659500e-03
5.295156966894865036e-03
5.357793066650629044e-03
5.083617288619279861e-03
5.226232111454010010e-03
5.126894917339086533e-03
5.069188773632049561e-03
5.302407778799533844e-03
5.059755872935056686e-03
5.240387748926877975e-03
5.185153800994157791e-03
5.245262291282415390e-03
5.354798398911952972e-03
5.227201618254184723e-03
5.087376572191715240e-03
5.076928064227104187e-03
5.204610526561737061e-03
5.215235520154237747e-03
5.333091132342815399e-03
5.059872753918170929e-03
5.107322242110967636e-03
5.735398735851049423e-03
5.223672837018966675e-03
5.415610503405332565e-03
5.119450856000185013e-03
5.271782167255878448e-03
5.355186294764280319e-03
5.303443409502506256e-03
5.180778447538614273e-03
5.097440909594297409e-03
5.330305080860853195e-03
5.100170150399208069e-03
5.242655053734779358e-03
5.157362669706344604e-03
5.127540789544582367e-03
5.068367812782526016e-03
5.263776984065771103e-03
5.158507265150547028e-03
5.364774260669946671e-03
5.118600558489561081e-03
5.060105584561824799e-03
5.117480643093585968e-03
5.286763887852430344e-03
5.196046084165573120e-03
5.153296049684286118e-03
5.226965993642807007e-03
5.789793096482753754e-03
5.197274498641490936e-03
5.115793086588382721e-03
5.156049970537424088e-03
5.184889305382966995e-03
5.122607108205556870e-03
5.101412069052457809e-03
5.130466539412736893e-03
5.241387989372014999e-03
5.386445671319961548e-03
5.047906655818223953e-03
5.177566315978765488e-03
5.205200053751468658e-03
5.243883933871984482e-03
5.159338004887104034e-03
5.082819145172834396e-03
5.100836977362632751e-03
5.171115510165691376e-03
5.237123463302850723e-03
5.125092808157205582e-03
5.206591915339231491e-03
5.167311523109674454e-03
5.156421568244695663e-03
5.099950358271598816e-03
5.167312454432249069e-03
5.345990881323814392e-03
5.563489161431789398e-03
5.189189221709966660e-03
5.224267952144145966e-03
5.180617794394493103e-03
5.140958819538354874e-03
5.067515186965465546e-03
5.145145114511251450e-03
5.177864339202642441e-03
5.134056787937879562e-03
5.411992780864238739e-03
5.098694935441017151e-03
5.427795462310314178e-03
5.280703306198120117e-03
5.112363491207361221e-03
5.277955904603004456e-03
5.425861105322837830e-03
5.242571234703063965e-03
5.261959042400121689e-03
5.317422095686197281e-03
5.316039081662893295e-03
5.197320133447647095e-03
5.116071086376905441e-03
5.154038779437541962e-03
5.127703305333852768e-03
5.152434576302766800e-03
5.524418782442808151e-03
5.081629846245050430e-03
5.311402957886457443e-03
5.124392919242382050e-03
5.267149303108453751e-03
5.158967804163694382e-03
5.269406363368034363e-03
5.176197271794080734e-03
5.691675003618001938e-03
5.197936668992042542e-03
5.134325474500656128e-03
5.240535829216241837e-03
5.375710316002368927e-03
5.207570269703865051e-03
5.154769401997327805e-03
5.180440843105316162e-03
5.102718248963356018e-03
5.157153122127056122e-03
5.172998178750276566e-03
5.105740390717983246e-03
5.349807441234588623e-03
5.086512770503759384e-03
5.490642972290515900e-03
5.197346676141023636e-03
5.350041203200817108e-03
5.176401231437921524e-03
5.195034667849540710e-03
5.113946273922920227e-03
5.256210919469594955e-03
5.141900852322578430e-03
5.145178176462650299e-03
5.054804962128400803e-03
5.343445576727390289e-03
5.061904899775981903e-03
5.260032601654529572e-03
5.072361789643764496e-03
5.271885078400373459e-03
5.196624901145696640e-03
5.241236183792352676e-03
5.340883508324623108e-03
5.289120599627494812e-03
5.173851270228624344e-03
5.125907249748706818e-03
5.157221108675003052e-03
5.356667563319206238e-03
5.131111945956945419e-03
5.215766374021768570e-03
5.330947227776050568e-03
5.113138351589441299e-03
5.199199076741933823e-03
5.130269564688205719e-03
5.136352498084306717e-03
5.186612717807292938e-03
5.284456536173820496e-03
5.100016482174396515e-03
5.100456532090902328e-03
5.354995373636484146e-03
5.224538967013359070e-03
5.127866752445697784e-03
5.208327434957027435e-03
5.082338117063045502e-03
5.377071909606456757e-03
5.086991470307111740e-03
5.167911294847726822e-03
5.210209172219038010e-03
5.444752052426338196e-03
5.211460404098033905e-03
5.257057026028633118e-03
5.221415776759386063e-03
5.229863338172435760e-03
5.135379265993833542e-03
5.108817480504512787e-03
5.154286045581102371e-03
5.216914229094982147e-03
5.053657107055187225e-03
5.237884353846311569e-03
5.181961227208375931e-03
5.294643808156251907e-03
5.212187301367521286e-03
5.088325589895248413e-03
5.428067408502101898e-03
5.040738265961408615e-03
5.273214075714349747e-03
5.187707953155040741e-03
5.281958729028701782e-03
5.097383633255958557e-03
5.119184497743844986e-03
5.098881199955940247e-03
5.187302362173795700e-03
5.194189958274364471e-03
5.194554105401039124e-03
5.323288496583700180e-03
5.281839054077863693e-03
5.121304187923669815e-03
5.467698909342288971e-03
5.251181777566671371e-03
5.311225540935993195e-03
5.112689454108476639e-03
5.492389667779207230e-03
5.189048592001199722e-03
5.078735761344432831e-03
5.050383973866701126e-03
5.114383529871702194e-03
5.197003949433565140e-03
5.111945327371358871e-03
5.253619048744440079e-03
5.261017009615898132e-03
5.074574612081050873e-03
5.084409378468990326e-03
5.300040822476148605e-03
5.278901662677526474e-03
5.555297248065471649e-03
5.340846255421638489e-03
5.061211530119180679e-03
5.139710381627082825e-03
5.464887246489524841e-03
5.384013988077640533e-03
5.087803583592176437e-03
5.178272258490324020e-03
5.317756440490484238e-03
5.139641929417848587e-03
5.064083728939294815e-03
5.110334139317274094e-03
5.145879928022623062e-03
5.064453929662704468e-03
5.060091614723205566e-03
5.437918007373809814e-03
5.195894278585910797e-03
5.272738635540008545e-03
5.143134389072656631e-03
5.170940887182950974e-03
5.539488047361373901e-03
5.065380595624446869e-03
5.212813150137662888e-03
5.057428963482379913e-03
5.300120916217565536e-03
5.061313975602388382e-03
5.117313936352729797e-03
5.226640962064266205e-03
5.206052213907241821e-03
5.175926722586154938e-03
5.257086828351020813e-03
5.125116556882858276e-03
5.061375442892313004e-03
5.440079607069492340e-03
5.087646190077066422e-03
5.417920649051666260e-03
5.209615919739007950e-03
5.151900462806224823e-03
5.092394072562456131e-03
5.135754588991403580e-03
5.363611038774251938e-03
5.141001660376787186e-03
5.137444473803043365e-03
5.065728910267353058e-03
5.300009157508611679e-03
5.360743496567010880e-03
5.225389264523983002e-03
5.196456797420978546e-03
5.122400820255279541e-03
5.089651793241500854e-03
5.074090324342250824e-03
5.112902726978063583e-03
5.114933475852012634e-03
5.114460363984107971e-03
5.302725359797477722e-03
5.272737238556146622e-03
5.118506494909524918e-03
5.169440060853958130e-03
5.091796629130840302e-03
5.220711696892976761e-03
5.255684256553649902e-03
5.319021176546812057e-03
5.214295815676450729e-03
5.174700636416673660e-03
5.192262586206197739e-03
5.168868694454431534e-03
5.460336338728666306e-03
5.098059307783842087e-03
5.085603799670934677e-03
5.086572840809822083e-03
5.199423059821128845e-03
5.111713428050279617e-03
5.540102254599332809e-03
5.162557587027549744e-03
5.342858377844095230e-03
5.083088297396898270e-03
5.128432065248489380e-03
5.109318997710943222e-03
5.206700414419174194e-03
5.142449401319026947e-03
5.228504538536071777e-03
5.110703408718109131e-03
5.126476753503084183e-03
5.072438623756170273e-03
5.144610069692134857e-03
5.112222861498594284e-03
5.442365072667598724e-03
5.262102466076612473e-03
5.324003286659717560e-03
5.060575902462005615e-03
5.346574820578098297e-03
5.219758022576570511e-03
5.457724444568157196e-03
5.162476561963558197e-03
5.074124783277511597e-03
5.062511190772056580e-03
5.139010958373546600e-03
5.221865605562925339e-03
5.438066553324460983e-03
5.590058863162994385e-03
5.113822873681783676e-03
5.115593317896127701e-03
5.306428298354148865e-03
5.139077547937631607e-03
5.154077894985675812e-03
5.272741895169019699e-03
5.339405033737421036e-03
5.127151031047105789e-03
5.152822006493806839e-03
5.007094237953424454e-03
5.211552605032920837e-03
5.425387527793645859e-03
5.055098328739404678e-03
5.170422606170177460e-03
5.159669090062379837e-03
5.122696980834007263e-03
5.186056718230247498e-03
5.113182589411735535e-03
5.204889457672834396e-03
5.114443134516477585e-03
5.060929339379072189e-03
5.327946972101926804e-03
5.346937105059623718e-03
5.247178953140974045e-03
5.264007486402988434e-03
5.390197969973087311e-03
5.184824112802743912e-03
5.207322537899017334e-03
5.565983243286609650e-03
5.171811673790216446e-03
5.203173495829105377e-03
5.149674601852893829e-03
5.296900868415832520e-03
5.631334148347377777e-03
5.062405485659837723e-03
5.170400254428386688e-03
5.188492592424154282e-03
5.124073475599288940e-03
5.284878890961408615e-03
5.279350560158491135e-03
5.142752081155776978e-03
5.132879596203565598e-03
5.138532724231481552e-03
5.196277517825365067e-03
5.178317893296480179e-03
5.175012163817882538e-03
5.079846829175949097e-03
5.198847036808729172e-03
5.131664220243692398e-03
5.095958709716796875e-03
5.166043061763048172e-03
5.116784013807773590e-03
5.163143854588270187e-03
5.200833082199096680e-03
5.697454791516065598e-03
5.218317732214927673e-03
5.123367998749017715e-03
5.177428945899009705e-03
5.235227290540933609e-03
5.402836948633193970e-03
5.077748559415340424e-03
5.144328810274600983e-03
5.354954861104488373e-03
5.250544752925634384e-03
5.177814979106187820e-03
5.199968349188566208e-03
5.149617791175842285e-03
5.092788953334093094e-03
5.115487147122621536e-03
5.131082143634557724e-03
5.257262382656335831e-03
5.044002085924148560e-03
5.204834509640932083e-03
5.115756299346685410e-03
5.158619023859500885e-03
5.296926479786634445e-03
5.419450812041759491e-03
5.244065076112747192e-03
5.198133643716573715e-03
5.051879677921533585e-03
5.074931774288415909e-03
5.081523209810256958e-03
5.498596467077732086e-03
5.271894857287406921e-03
5.067206453531980515e-03
5.167489871382713318e-03
5.299558863043785095e-03
5.047870334237813950e-03
5.183232948184013367e-03
5.148583557456731796e-03
5.311445798724889755e-03
5.176586098968982697e-03
5.152528174221515656e-03
5.097823683172464371e-03
5.267995409667491913e-03
5.092993378639221191e-03
5.158366635441780090e-03
5.396838765591382980e-03
5.079906433820724487e-03
5.325926002115011215e-03
5.262331571429967880e-03
5.015312228351831436e-03
5.392315797507762909e-03
5.106716416776180267e-03
5.286054220050573349e-03
5.196996964514255524e-03
5.410819780081510544e-03
5.263921339064836502e-03
5.056938156485557556e-03
5.143610294908285141e-03
5.258836783468723297e-03
5.111343692988157272e-03
5.334047600626945496e-03
5.038352683186531067e-03
5.095739848911762238e-03
5.216934252530336380e-03
5.141479428857564926e-03
5.176898092031478882e-03
5.255883559584617615e-03
5.060459487140178680e-03
5.116462241858243942e-03
5.136935971677303314e-03
5.092669278383255005e-03
5.187683273106813431e-03
5.148255266249179840e-03
5.210767500102519989e-03
5.201856605708599091e-03
5.487602669745683670e-03
5.234436132013797760e-03
5.378928501158952713e-03
5.527809727936983109e-03
5.449982360005378723e-03
5.243879742920398712e-03
5.061746109277009964e-03
5.342929624021053314e-03
5.177272949367761612e-03
5.106234457343816757e-03
5.302461795508861542e-03
5.398644134402275085e-03
5.212635267525911331e-03
5.124175921082496643e-03
5.178336519747972488e-03
5.139601416885852814e-03
5.135272629559040070e-03
5.116872023791074753e-03
5.344917066395282745e-03
5.251847673207521439e-03
5.501192994415760040e-03
5.433482117950916290e-03
5.148958880454301834e-03
5.269359331578016281e-03
5.196528509259223938e-03
5.029663443565368652e-03
5.072734784334897995e-03
5.089812912046909332e-03
5.057326983660459518e-03
5.500029772520065308e-03
5.304836668074131012e-03
5.169028881937265396e-03
5.520655307918787003e-03
5.345783196389675140e-03
5.188278853893280029e-03
5.054858047515153885e-03
5.620935931801795959e-03
5.083736497908830643e-03
5.138246342539787292e-03
5.029559135437011719e-03
5.284427199512720108e-03
5.316914059221744537e-03
5.099816713482141495e-03
5.387939512729644775e-03
5.155795253813266754e-03
5.409303586930036545e-03
5.120364483445882797e-03
5.059054121375083923e-03
5.244206637144088745e-03
5.194823257625102997e-03
5.170344840735197067e-03
5.147335585206747055e-03
5.122433416545391083e-03
5.383001640439033508e-03
5.152130499482154846e-03
5.767440889030694962e-03
5.349964834749698639e-03
5.118046887218952179e-03
5.053802393376827240e-03
5.079008173197507858e-03
5.101143382489681244e-03
5.256127100437879562e-03
5.173359066247940063e-03
5.101248156279325485e-03
5.056635010987520218e-03
5.191432312130928040e-03
5.109583958983421326e-03
5.225725471973419189e-03
5.177921615540981293e-03
5.267957691103219986e-03
5.350094288587570190e-03
5.260549020022153854e-03
5.515099968761205673e-03
5.246259272098541260e-03
5.343805998563766479e-03
5.317652598023414612e-03
5.283719860017299652e-03
5.257612094283103943e-03
5.141115747392177582e-03
5.135375540703535080e-03
5.215418525040149689e-03
5.617959424853324890e-03
5.083566065877676010e-03
5.195943173021078110e-03
5.156172439455986023e-03
5.084255710244178772e-03
5.162789486348628998e-03
5.095415748655796051e-03
5.176538135856389999e-03
5.117567721754312515e-03
5.269035696983337402e-03
5.318125709891319275e-03
5.518492776900529861e-03
5.077420268207788467e-03
5.230634473264217377e-03
5.047973711043596268e-03
5.170383956283330917e-03
5.117558874189853668e-03
5.259992554783821106e-03
5.373969208449125290e-03
5.082362797111272812e-03
5.050949286669492722e-03
5.062335636466741562e-03
5.731548182666301727e-03
5.384269170463085175e-03
5.327675025910139084e-03
5.094695370644330978e-03
5.214940756559371948e-03
5.159178748726844788e-03
5.146263167262077332e-03
5.317215807735919952e-03
5.126971751451492310e-03
5.066244862973690033e-03
5.173628218472003937e-03
5.089110694825649261e-03
5.147123709321022034e-03
5.163738038390874863e-03
5.041806027293205261e-03
5.198256112635135651e-03
5.125815980136394501e-03
5.186321679502725601e-03
5.083143245428800583e-03
5.188981536775827408e-03
5.121329333633184433e-03
5.073378328233957291e-03
5.206024274230003357e-03
5.141578614711761475e-03
5.164067726582288742e-03
5.040885880589485168e-03
5.137123167514801025e-03
5.374561529606580734e-03
5.178637336939573288e-03
5.504478700459003448e-03
5.156252998858690262e-03
5.202291999012231827e-03
5.287255626171827316e-03
5.133694969117641449e-03
5.259406752884387970e-03
5.255952943116426468e-03
5.073033273220062256e-03
5.021871067583560944e-03
5.056355614215135574e-03
5.159704480320215225e-03
5.089291837066411972e-03
5.179078783839941025e-03
5.292516667395830154e-03
5.141376052051782608e-03
5.176781211048364639e-03
5.500308703631162643e-03
5.140084773302078247e-03
5.243116524070501328e-03
5.141205154359340668e-03
5.204978864639997482e-03
5.375034641474485397e-03
5.394697189331054688e-03
5.193504504859447479e-03
5.062956828624010086e-03
5.062347277998924255e-03
5.000190343707799911e-03
5.154717713594436646e-03
5.120107438415288925e-03
5.404587835073471069e-03
5.150819662958383560e-03
5.324177443981170654e-03
5.144624039530754089e-03
5.302954930812120438e-03
5.190494935959577560e-03
5.089303944259881973e-03
5.197384394705295563e-03
5.184925161302089691e-03
5.338310264050960541e-03
5.185957532376050949e-03
5.102344322949647903e-03
5.197796970605850220e-03
5.205944180488586426e-03
5.145893432199954987e-03
5.105108022689819336e-03
5.126699805259704590e-03
5.102206021547317505e-03
5.070906598120927811e-03
5.115678068250417709e-03
5.124336574226617813e-03
5.053165834397077560e-03
5.051083862781524658e-03
5.148891825228929520e-03
5.290140863507986069e-03
5.103394854813814163e-03
5.304674152284860611e-03
5.213155411183834076e-03
5.232634954154491425e-03
5.558910313993692398e-03
5.217715166509151459e-03
5.188068840652704239e-03
5.099098198115825653e-03
5.126243457198143005e-03
5.064080469310283661e-03
5.236935336142778397e-03
5.175491329282522202e-03
5.142802372574806213e-03
5.086601711809635162e-03
5.145975388586521149e-03
5.152928177267313004e-03
5.176891572773456573e-03
5.173915531486272812e-03
5.035800393670797348e-03
5.099386442452669144e-03
5.309697706252336502e-03
5.101991817355155945e-03
5.192515905946493149e-03
5.077260080724954605e-03
5.115666892379522324e-03
5.008635576814413071e-03
5.249247420579195023e-03
5.186306778341531754e-03
5.293687805533409119e-03
5.286867730319499969e-03
5.176116712391376495e-03
5.094023887068033218e-03
5.093067884445190430e-03
5.471976473927497864e-03
5.383858922868967056e-03
5.289401859045028687e-03
5.393659695982933044e-03
5.068255588412284851e-03
5.080289673060178757e-03
5.252244416624307632e-03
5.331902299076318741e-03
5.143617745488882065e-03
5.076964385807514191e-03
5.221187137067317963e-03
5.130675621330738068e-03
5.129774101078510284e-03
5.110397003591060638e-03
5.158602725714445114e-03
5.211168900132179260e-03
5.385876633226871490e-03
5.200890824198722839e-03
5.102905444800853729e-03
5.078531801700592041e-03
5.243328865617513657e-03
5.159039516001939774e-03
5.098156630992889404e-03
5.415535531938076019e-03
5.134574603289365768e-03
5.106682423502206802e-03
5.176149308681488037e-03
5.033781286329030991e-03
5.287015344947576523e-03
5.149386357516050339e-03
5.199205595999956131e-03
5.215798504650592804e-03
5.231172777712345123e-03
5.258793476969003677e-03
5.078564863651990891e-03
5.183567758649587631e-03
5.278972908854484558e-03
5.057337228208780289e-03
5.017065908759832382e-03
5.094099789857864380e-03
5.239576566964387894e-03
5.329443607479333878e-03
5.271424073725938797e-03
5.264973267912864685e-03
5.117076914757490158e-03
5.175079219043254852e-03
5.112775135785341263e-03
5.788748618215322495e-03
5.069930572062730789e-03
5.166647490113973618e-03
5.034094210714101791e-03
5.073607433587312698e-03
5.027337465435266495e-03
5.238589365035295486e-03
5.150877870619297028e-03
5.176412872970104218e-03
5.356240551918745041e-03
5.170985590666532516e-03
5.163932684808969498e-03
5.117449443787336349e-03
5.280856974422931671e-03
5.067475140094757080e-03
5.333581939339637756e-03
5.128292366862297058e-03
5.278875585645437241e-03
5.060623865574598312e-03
5.119403824210166931e-03
5.161015782505273819e-03
5.224110558629035950e-03
5.220005288720130920e-03
5.246410146355628967e-03
5.257536191493272781e-03
5.080601666122674942e-03
5.125589203089475632e-03
5.078478716313838959e-03
5.062128417193889618e-03
5.039391573518514633e-03
5.199952051043510437e-03
5.098779685795307159e-03
5.101999267935752869e-03
5.086861085146665573e-03
5.143576301634311676e-03
5.115192383527755737e-03
5.164150614291429520e-03
5.395727232098579407e-03
5.120879970490932465e-03
5.389789119362831116e-03
5.117439199239015579e-03
5.222977604717016220e-03
5.066447891294956207e-03
5.226043984293937683e-03
5.013252608478069305e-03
5.078502465039491653e-03
5.099316593259572983e-03
5.331289488822221756e-03
5.080747418105602264e-03
5.431327503174543381e-03
5.196431186050176620e-03
5.054551642388105392e-03
5.316982977092266083e-03
5.193402059376239777e-03
5.142829380929470062e-03
5.226891487836837769e-03
5.190784577280282974e-03
5.307115148752927780e-03
5.207079928368330002e-03
5.177574697881937027e-03
5.419252905994653702e-03
5.030916538089513779e-03
5.233705975115299225e-03
5.479616578668355942e-03
5.052402149885892868e-03
5.121913738548755646e-03
5.256572272628545761e-03
5.147295072674751282e-03
5.053689703345298767e-03
5.199905019253492355e-03
5.091424100100994110e-03
5.239501129835844040e-03
5.289174616336822510e-03
5.092313513159751892e-03
5.531938280910253525e-03
5.128438584506511688e-03
5.031473468989133835e-03
5.150121171027421951e-03
5.056587979197502136e-03
5.065362900495529175e-03
5.193667951971292496e-03
5.140296183526515961e-03
5.167082883417606354e-03
5.189687944948673248e-03
5.226379260420799255e-03
5.538476631045341492e-03
5.098274908959865570e-03
5.174946971237659454e-03
5.185034591704607010e-03
5.081209819763898849e-03
5.264063831418752670e-03
5.255866795778274536e-03
5.095585715025663376e-03
5.099510308355093002e-03
5.161701235920190811e-03
5.046150647103786469e-03
5.079768598079681396e-03
5.062416661530733109e-03
5.169938784092664719e-03
5.190996918827295303e-03
5.093796644359827042e-03
5.311603657901287079e-03
5.211526993662118912e-03
5.190854892134666443e-03
5.200440064072608948e-03
5.099277012050151825e-03
5.358498077839612961e-03
5.188812036067247391e-03
5.142443813383579254e-03
5.124939605593681335e-03
5.119719542562961578e-03
5.043676123023033142e-03
5.032885819673538208e-03
5.277052987366914749e-03
5.276865791529417038e-03
5.123520269989967346e-03
5.593126174062490463e-03
5.198958795517683029e-03
5.115988664329051971e-03
5.205657333135604858e-03
5.025770980864763260e-03
5.183271598070859909e-03
5.173848010599613190e-03
5.229883361607789993e-03
5.200238432735204697e-03
5.081301555037498474e-03
5.091374740004539490e-03
5.171798635274171829e-03
5.185073241591453552e-03
5.161262117326259613e-03
5.173407960683107376e-03
5.234203301370143890e-03
5.055175162851810455e-03
5.190478637814521790e-03
5.056492052972316742e-03
5.105097778141498566e-03
5.260667297989130020e-03
5.150999873876571655e-03
5.437300074845552444e-03
5.084774922579526901e-03
5.263679195195436478e-03
5.128113087266683578e-03
5.261295009404420853e-03
5.115987267345190048e-03
5.395057611167430878e-03
5.443889647722244263e-03
5.166369955986738205e-03
5.334397312253713608e-03
5.241122562438249588e-03
5.037872120738029480e-03
5.191682837903499603e-03
5.363683681935071945e-03
5.126243457198143005e-03
5.136044695973396301e-03
5.135350394994020462e-03
5.002064164727926254e-03
5.128283519297838211e-03
5.583178251981735229e-03
5.111945793032646179e-03
5.252241622656583786e-03
5.136818159371614456e-03
4.999665543437004089e-03
5.255826748907566071e-03
5.156641360372304916e-03
5.182336084544658661e-03
5.111387930810451508e-03
5.258463323116302490e-03
5.273684393614530563e-03
5.214724689722061157e-03
5.218223668634891510e-03
5.084458272904157639e-03
5.123267881572246552e-03
5.111079663038253784e-03
5.131919868290424347e-03
5.260118748992681503e-03
5.201627966016530991e-03
5.055677611380815506e-03
5.095338914543390274e-03
5.389205180108547211e-03
5.247454624623060226e-03
5.076907109469175339e-03
5.150067154318094254e-03
5.045274738222360611e-03
5.123917013406753540e-03
5.091162398457527161e-03
5.120082758367061615e-03
5.179329775273799896e-03
5.153608042746782303e-03
5.441755522042512894e-03
5.128664895892143250e-03
5.045508965849876404e-03
5.291705019772052765e-03
5.060711875557899475e-03
5.079810041934251785e-03
5.065644625574350357e-03
5.122912116348743439e-03
5.136876367032527924e-03
5.092762876302003860e-03
5.166528280824422836e-03
5.029753316193819046e-03
5.083966534584760666e-03
5.096252076327800751e-03
5.285426042973995209e-03
5.037820432335138321e-03
5.109534598886966705e-03
5.303402896970510483e-03
5.169419571757316589e-03
5.153661128133535385e-03
5.162124056369066238e-03
5.157805513590574265e-03
5.065151024609804153e-03
5.025664810091257095e-03
5.058077163994312286e-03
5.200404673814773560e-03
5.315463524311780930e-03
5.119639914482831955e-03
5.199224688112735748e-03
5.125109571963548660e-03
5.147331394255161285e-03
5.047199781984090805e-03
5.051351618021726608e-03
5.060455296188592911e-03
5.085547454655170441e-03
5.016746465116739273e-03
5.114642903208732605e-03
5.060139112174510956e-03
5.106670316308736801e-03
5.267982371151447296e-03
5.258371122181415558e-03
5.324052181094884872e-03
5.321130156517028809e-03
5.302376579493284225e-03
5.385279189795255661e-03
5.349065177142620087e-03
5.189575254917144775e-03
5.203587468713521957e-03
5.074757616966962814e-03
5.171102471649646759e-03
5.279686301946640015e-03
5.124716553837060928e-03
5.451210308820009232e-03
5.224534310400485992e-03
5.397561006247997284e-03
5.501433275640010834e-03
5.156002473086118698e-03
5.130691453814506531e-03
5.125229712575674057e-03
5.043900106102228165e-03
5.078643094748258591e-03
5.107749253511428833e-03
5.064452998340129852e-03
5.116701126098632812e-03
5.213120486587285995e-03
5.071570165455341339e-03
5.061417818069458008e-03
5.056479945778846741e-03
5.214861594140529633e-03
5.153541453182697296e-03
5.120928864926099777e-03
5.092179402709007263e-03
5.022846162319183350e-03
5.215683020651340485e-03
5.055843852460384369e-03
5.195800215005874634e-03
5.037839524447917938e-03
5.070839077234268188e-03
5.223017185926437378e-03
5.109706427901983261e-03
5.321702919900417328e-03
5.336048547178506851e-03
5.086013115942478180e-03
5.252819973975419998e-03
5.173403769731521606e-03
5.268041510134935379e-03
5.119898822158575058e-03
5.117861088365316391e-03
5.211672745645046234e-03
5.180996377021074295e-03
5.708526354283094406e-03
5.176923703402280807e-03
5.080645903944969177e-03
5.289329215884208679e-03
5.156627390533685684e-03
5.023704376071691513e-03
5.152988713234663010e-03
5.174013786017894745e-03
5.160573869943618774e-03
5.433230195194482803e-03
5.351849365979433060e-03
5.053857807070016861e-03
5.469184368848800659e-03
5.099978297948837280e-03
5.029203835874795914e-03
5.077605135738849640e-03
5.241633392870426178e-03
5.127685144543647766e-03
5.300904624164104462e-03
5.117048975080251694e-03
5.138876847922801971e-03
5.108974408358335495e-03
5.388253368437290192e-03
5.256787873804569244e-03
5.133714061230421066e-03
5.262621212750673294e-03
5.127912387251853943e-03
5.043752025812864304e-03
5.281281657516956329e-03
5.319515243172645569e-03
5.173606332391500473e-03
5.069373175501823425e-03
5.395344458520412445e-03
5.072135943919420242e-03
5.055658519268035889e-03
5.056248977780342102e-03
5.017640534788370132e-03
5.253363400697708130e-03
5.098833702504634857e-03
5.403293762356042862e-03
5.489777773618698120e-03
5.493326112627983093e-03
5.206853151321411133e-03
5.072924308478832245e-03
5.150491371750831604e-03
5.278097465634346008e-03
5.094929598271846771e-03
5.390902049839496613e-03
5.369214341044425964e-03
5.216538440436124802e-03
5.225281696766614914e-03
5.387566518038511276e-03
5.140810273587703705e-03
5.028387531638145447e-03
5.031718406826257706e-03
5.127599462866783142e-03
5.128578748553991318e-03
5.031875334680080414e-03
5.079177208244800568e-03
5.064187571406364441e-03
5.095893982797861099e-03
5.305467639118432999e-03
5.027535371482372284e-03
5.095430649816989899e-03
5.094897933304309845e-03
5.225230008363723755e-03
5.134713836014270782e-03
5.131215788424015045e-03
5.115414038300514221e-03
5.085091572254896164e-03
5.283541046082973480e-03
5.366098601371049881e-03
5.237418692559003830e-03
5.309577565640211105e-03
5.239782389253377914e-03
5.236164666712284088e-03
5.209283437579870224e-03
5.157082341611385345e-03
5.177418235689401627e-03
5.189049523323774338e-03
5.308700259774923325e-03
5.051935557276010513e-03
5.154654849320650101e-03
5.591549910604953766e-03
5.135264247655868530e-03
5.086699500679969788e-03
5.313780158758163452e-03
5.051674786955118179e-03
5.060146562755107880e-03
5.558307282626628876e-03
5.108095239847898483e-03
5.068124737590551376e-03
5.047043319791555405e-03
5.710710305720567703e-03
5.049187690019607544e-03
5.126358475536108017e-03
5.101984832435846329e-03
5.132629536092281342e-03
5.129054188728332520e-03
5.170778371393680573e-03
5.079276394098997116e-03
5.128377117216587067e-03
5.118983797729015350e-03
5.135637242347002029e-03
5.343513563275337219e-03
5.147751886397600174e-03
5.067912396043539047e-03
5.406210198998451233e-03
5.134888924658298492e-03
5.031795706599950790e-03
5.107165779918432236e-03
5.079167429357767105e-03
5.195354577153921127e-03
5.157750565558671951e-03
5.030985455960035324e-03
5.138063803315162659e-03
5.237319041043519974e-03
5.148176569491624832e-03
5.029816646128892899e-03
5.170011892914772034e-03
5.099727772176265717e-03
5.021739285439252853e-03
5.203941836953163147e-03
5.310390610247850418e-03
5.229422356933355331e-03
5.164030008018016815e-03
5.493712611496448517e-03
5.122336558997631073e-03
5.117289256304502487e-03
5.021807271987199783e-03
5.300643388181924820e-03
5.292700603604316711e-03
5.451817531138658524e-03
5.401615053415298462e-03
5.254847928881645203e-03
5.147301126271486282e-03
5.129249300807714462e-03
5.326679442077875137e-03
5.433524958789348602e-03
5.032740999013185501e-03
5.192175973206758499e-03
5.047305021435022354e-03
5.211373791098594666e-03
5.097430665045976639e-03
5.242912564426660538e-03
5.149468779563903809e-03
5.171717144548892975e-03
5.216102115809917450e-03
5.081770941615104675e-03
5.097799934446811676e-03
4.988244269043207169e-03
5.538151133805513382e-03
5.568825174123048782e-03
5.082671996206045151e-03
5.019010044634342194e-03
5.064415745437145233e-03
5.061377771198749542e-03
5.197693593800067902e-03
5.095144268125295639e-03
5.162009038031101227e-03
5.465510301291942596e-03
5.183887202292680740e-03
5.581468343734741211e-03
5.168027710169553757e-03
5.278677679598331451e-03
5.169914569705724716e-03
5.148494150489568710e-03
5.178536288440227509e-03
4.981074016541242599e-03
5.049017257988452911e-03
5.276395473629236221e-03
5.383190698921680450e-03
5.097271408885717392e-03
5.024618003517389297e-03
4.989657551050186157e-03
5.260845646262168884e-03
5.087833851575851440e-03
5.054778885096311569e-03
5.134569481015205383e-03
5.333917215466499329e-03
5.157562904059886932e-03
5.101378075778484344e-03
5.053679458796977997e-03
5.140549037605524063e-03
5.034659057855606079e-03
5.081383511424064636e-03
5.136402789503335953e-03
5.043613258749246597e-03
5.208471324294805527e-03
5.126739852130413055e-03
5.134575534611940384e-03
5.120610352605581284e-03
5.144285038113594055e-03
5.173659883439540863e-03
5.066656041890382767e-03
5.150931887328624725e-03
5.195464938879013062e-03
5.129841156303882599e-03
5.176558159291744232e-03
5.058591254055500031e-03
5.040599033236503601e-03
5.102635361254215240e-03
5.064344033598899841e-03
5.108276847749948502e-03
5.070519633591175079e-03
5.186100956052541733e-03
5.216744262725114822e-03
5.168909206986427307e-03
5.122740752995014191e-03
5.171047523617744446e-03
5.008248146623373032e-03
4.998171236366033554e-03
5.127601325511932373e-03
5.032646469771862030e-03
5.128552205860614777e-03
5.088126752525568008e-03
5.090150516480207443e-03
5.250118207186460495e-03
5.097030662000179291e-03
5.030363798141479492e-03
5.145408678799867630e-03
5.295773968100547791e-03
5.111229140311479568e-03
5.176088307052850723e-03
5.093080457299947739e-03
5.221478641033172607e-03
5.232319701462984085e-03
5.437383428215980530e-03
5.024520214647054672e-03
5.492047406733036041e-03
5.341544281691312790e-03
5.089507903903722763e-03
5.039228126406669617e-03
5.097292363643646240e-03
5.226953420788049698e-03
5.056201014667749405e-03
5.330705083906650543e-03
5.177887622267007828e-03
5.051702260971069336e-03
5.186086520552635193e-03
5.451627541333436966e-03
5.234043113887310028e-03
5.391040816903114319e-03
5.209669470787048340e-03
5.198592320084571838e-03
5.295380484312772751e-03
5.048487335443496704e-03
5.354628432542085648e-03
5.063605960458517075e-03
5.312908906489610672e-03
5.050117615610361099e-03
5.219037178903818130e-03
5.219720769673585892e-03
5.008639767765998840e-03
5.250476300716400146e-03
5.015362985432147980e-03
5.127674434334039688e-03
4.964869469404220581e-03
5.155056249350309372e-03
5.065014585852622986e-03
5.050491075962781906e-03
5.308820400387048721e-03
5.338995717465877533e-03
5.141665227711200714e-03
5.122286733239889145e-03
5.174886435270309448e-03
5.222531966865062714e-03
5.150781013071537018e-03
5.062885582447052002e-03
5.176144186407327652e-03
5.217228550463914871e-03
5.269733723253011703e-03
5.147147458046674728e-03
5.146792624145746231e-03
5.429180338978767395e-03
5.071733146905899048e-03
5.073999520391225815e-03
5.144470836967229843e-03
5.165815353393554688e-03
5.347295664250850677e-03
5.041848402470350266e-03
5.074337124824523926e-03
5.080926232039928436e-03
5.232810974121093750e-03
5.016261711716651917e-03
5.135293584316968918e-03
5.130375735461711884e-03
4.996833857148885727e-03
5.175733938813209534e-03
5.154426675289869308e-03
5.172464065253734589e-03
5.187624599784612656e-03
5.137077532708644867e-03
5.043352954089641571e-03
5.150823388248682022e-03
5.418306216597557068e-03
5.110174883157014847e-03
5.137569271028041840e-03
5.100129172205924988e-03
5.061179865151643753e-03
5.131119396537542343e-03
5.153964273631572723e-03
5.147746764123439789e-03
5.106008611619472504e-03
5.202107597142457962e-03
5.229266826063394547e-03
5.095868837088346481e-03
5.090159829705953598e-03
5.167754832655191422e-03
5.074626300483942032e-03
5.258901510387659073e-03
5.203940905630588531e-03
5.081012379378080368e-03
5.014859605580568314e-03
5.030944943428039551e-03
5.041101481765508652e-03
5.072937812656164169e-03
5.079581867903470993e-03
5.191283766180276871e-03
4.986453335732221603e-03
5.062697455286979675e-03
5.059148184955120087e-03
5.174385849386453629e-03
5.081204697489738464e-03
5.228115711361169815e-03
5.227727349847555161e-03
4.995614755898714066e-03
5.010129418224096298e-03
5.277159623801708221e-03
5.142807960510253906e-03
5.041424650698900223e-03
5.018644966185092926e-03
5.284696351736783981e-03
5.307633895426988602e-03
5.208376795053482056e-03
5.207321606576442719e-03
5.060223862528800964e-03
5.060346331447362900e-03
5.258549470454454422e-03
5.223316606134176254e-03
5.070467945188283920e-03
5.214721895754337311e-03
5.120342131704092026e-03
4.970219917595386505e-03
5.182333290576934814e-03
5.120881367474794388e-03
5.036834627389907837e-03
5.039663054049015045e-03
5.176594480872154236e-03
5.065736360847949982e-03
5.127586424350738525e-03
5.085462704300880432e-03
5.340545903891324997e-03
5.130021832883358002e-03
5.259115714579820633e-03
4.987258929759263992e-03
5.125836003571748734e-03
5.200202576816082001e-03
5.128570366650819778e-03
5.284095183014869690e-03
5.301637575030326843e-03
5.179041996598243713e-03
5.206702742725610733e-03
5.146113689988851547e-03
5.037537775933742523e-03
5.146170035004615784e-03
5.241737700998783112e-03
5.073331762105226517e-03
5.134079605340957642e-03
5.363488104194402695e-03
5.012269597500562668e-03
4.997702315449714661e-03
5.296811461448669434e-03
5.055347457528114319e-03
5.108902230858802795e-03
5.258766934275627136e-03
5.204830784350633621e-03
5.106292665004730225e-03
5.108413752168416977e-03
5.089030135422945023e-03
5.081212613731622696e-03
5.029840394854545593e-03
5.147428251802921295e-03
5.279797129333019257e-03
5.357076413929462433e-03
5.083226598799228668e-03
5.251035094261169434e-03
5.114817991852760315e-03
5.167650058865547180e-03
5.166305229067802429e-03
5.372328218072652817e-03
5.217643454670906067e-03
5.345129407942295074e-03
5.088932812213897705e-03
5.496086552739143372e-03
5.078575108200311661e-03
5.162526387721300125e-03
5.044193938374519348e-03
5.152707453817129135e-03
5.188529379665851593e-03
5.193758290261030197e-03
5.370289087295532227e-03
5.163441412150859833e-03
5.421308334916830063e-03
5.290541332215070724e-03
5.325969774276018143e-03
5.283810198307037354e-03
5.092083010822534561e-03
5.081585608422756195e-03
5.110488738864660263e-03
5.101164802908897400e-03
5.093091633170843124e-03
5.103293340653181076e-03
5.584924481809139252e-03
5.206609144806861877e-03
5.054388195276260376e-03
5.139633081853389740e-03
4.991208203136920929e-03
5.003471858799457550e-03
5.151164252310991287e-03
5.077943671494722366e-03
5.133038386702537537e-03
5.112368613481521606e-03
5.149300210177898407e-03
5.014036782085895538e-03
5.028170067816972733e-03
5.007833242416381836e-03
5.168389528989791870e-03
5.012886598706245422e-03
5.132831633090972900e-03
5.315641872584819794e-03
5.166154820472002029e-03
5.029475316405296326e-03
5.070394370704889297e-03
5.204495973885059357e-03
5.016680341213941574e-03
5.023763049393892288e-03
5.182915832847356796e-03
5.049872677773237228e-03
5.067633464932441711e-03
5.321147385984659195e-03
5.389717407524585724e-03
5.100490525364875793e-03
5.055638030171394348e-03
5.043494049459695816e-03
5.221936851739883423e-03
5.046634934842586517e-03
5.095356144011020660e-03
5.057845730334520340e-03
5.231304094195365906e-03
5.132499616593122482e-03
5.057951435446739197e-03
5.105976946651935577e-03
5.207994952797889709e-03
5.180124193429946899e-03
5.490732844918966293e-03
4.984570201486349106e-03
4.985423292964696884e-03
5.261267535388469696e-03
5.110997240990400314e-03
5.192616954445838928e-03
5.043933633714914322e-03
5.079241469502449036e-03
5.081416573375463486e-03
5.324339028447866440e-03
5.049881990998983383e-03
5.113114602863788605e-03
5.151217803359031677e-03
5.117869470268487930e-03
5.348541773855686188e-03
5.283195525407791138e-03
5.034223198890686035e-03
5.123939365148544312e-03
5.066540092229843140e-03
4.980002529919147491e-03
5.032553337514400482e-03
5.107344593852758408e-03
5.108652170747518539e-03
5.315786693245172501e-03
5.212716758251190186e-03
5.114013329148292542e-03
5.142873153090476990e-03
5.069863516837358475e-03
5.131251178681850433e-03
5.085479468107223511e-03
5.101874936372041702e-03
5.152710713446140289e-03
5.141490604728460312e-03
5.057995673269033432e-03
5.035344511270523071e-03
5.141049623489379883e-03
5.216360557824373245e-03
5.007693544030189514e-03
5.145907402038574219e-03
5.114051047712564468e-03
5.005232058465480804e-03
5.014178808778524399e-03
5.057640839368104935e-03
5.052764434367418289e-03
5.213892553001642227e-03
5.485064350068569183e-03
5.145332310348749161e-03
5.223250482231378555e-03
5.088164005428552628e-03
5.239528138190507889e-03
5.281932186335325241e-03
5.302989855408668518e-03
5.004293285310268402e-03
5.160950589925050735e-03
5.374736618250608444e-03
5.196226295083761215e-03
5.072597414255142212e-03
5.351313855499029160e-03
5.235838238149881363e-03
5.137306172400712967e-03
5.064196884632110596e-03
5.023680627346038818e-03
5.054550245404243469e-03
5.167976021766662598e-03
5.037725903093814850e-03
5.392913706600666046e-03
5.285466089844703674e-03
5.037224385887384415e-03
5.194496363401412964e-03
5.237743258476257324e-03
5.163892172276973724e-03
5.243178922683000565e-03
5.217837169766426086e-03
5.113871768116950989e-03
5.153844598680734634e-03
5.162490997463464737e-03
5.028222687542438507e-03
5.250005982816219330e-03
5.346160382032394409e-03
5.009053274989128113e-03
5.071489140391349792e-03
5.131484940648078918e-03
5.047786049544811249e-03
5.136513151228427887e-03
5.006009712815284729e-03
5.046945996582508087e-03
5.126492585986852646e-03
5.048938095569610596e-03
5.062208045274019241e-03
4.956767428666353226e-03
5.051699467003345490e-03
5.102213472127914429e-03
5.027363542467355728e-03
5.125097464770078659e-03
5.107769742608070374e-03
5.178431980311870575e-03
5.252737551927566528e-03
5.079887341707944870e-03
5.024149082601070404e-03
5.413997452706098557e-03
5.112328566610813141e-03
5.229887552559375763e-03
5.057140253484249115e-03
5.050908774137496948e-03
5.165282171219587326e-03
4.974678624421358109e-03
5.031978245824575424e-03
5.027584731578826904e-03
5.066388752311468124e-03
5.327067337930202484e-03
5.061734933406114578e-03
5.359928589314222336e-03
5.262016318738460541e-03
5.069150589406490326e-03
5.091410595923662186e-03
5.090574733912944794e-03
5.061206407845020294e-03
5.198746919631958008e-03
4.956929944455623627e-03
5.167566239833831787e-03
5.336942151188850403e-03
5.035793408751487732e-03
5.263570696115493774e-03
5.002015270292758942e-03
5.136814899742603302e-03
5.035042762756347656e-03
5.113637074828147888e-03
5.027859471738338470e-03
4.996893927454948425e-03
5.013322457671165466e-03
5.054122768342494965e-03
5.316316615790128708e-03
5.559789948165416718e-03
5.131655372679233551e-03
5.026796832680702209e-03
5.024278070777654648e-03
5.362994037568569183e-03
5.320380441844463348e-03
5.103351082652807236e-03
5.041462369263172150e-03
5.022778641432523727e-03
5.157899111509323120e-03
5.078640766441822052e-03
5.026549100875854492e-03
5.018820986151695251e-03
5.225654225796461105e-03
5.312955938279628754e-03
5.201301537454128265e-03
5.051054991781711578e-03
5.166776012629270554e-03
4.966209642589092255e-03
5.075864493846893311e-03
5.225450266152620316e-03
5.222822073847055435e-03
5.077024921774864197e-03
5.099791567772626877e-03
5.340879317373037338e-03
5.092563107609748840e-03
5.214116070419549942e-03
5.158520303666591644e-03
5.139894783496856689e-03
5.128436721861362457e-03
5.055010318756103516e-03
5.013851448893547058e-03
5.195090547204017639e-03
5.157234147191047668e-03
4.986237734556198120e-03
5.082584917545318604e-03
4.993135109543800354e-03
5.031482782214879990e-03
5.583897233009338379e-03
5.191728472709655762e-03
4.969737958163022995e-03
5.047657992690801620e-03
5.015100352466106415e-03
5.146685987710952759e-03
5.132518708705902100e-03
5.157405510544776917e-03
5.147146061062812805e-03
5.110930185765028000e-03
5.085751879960298538e-03
5.274737719446420670e-03
5.193915218114852905e-03
5.095837172120809555e-03
5.259654019027948380e-03
5.089663900434970856e-03
5.124096758663654327e-03
4.995595663785934448e-03
5.083139985799789429e-03
5.129787139594554901e-03
5.170057527720928192e-03
4.970229230821132660e-03
5.101273301988840103e-03
5.241074133664369583e-03
5.204385612159967422e-03
5.086477845907211304e-03
5.297566764056682587e-03
5.113588646054267883e-03
5.360891576856374741e-03
5.079347174614667892e-03
5.367211997509002686e-03
5.261486861854791641e-03
5.381741095334291458e-03
5.009227897971868515e-03
5.033539608120918274e-03
5.201837513595819473e-03
5.172929726541042328e-03
5.087004974484443665e-03
5.196632817387580872e-03
5.033724475651979446e-03
4.976099822670221329e-03
5.055060144513845444e-03
5.174827296286821365e-03
5.275449249893426895e-03
5.056671332567930222e-03
4.977862816303968430e-03
4.962995648384094238e-03
5.118056200444698334e-03
5.089431535452604294e-03
5.097866524010896683e-03
5.288603715598583221e-03
5.148052703589200974e-03
4.991400055587291718e-03
5.440090317279100418e-03
4.988156259059906006e-03
5.151787307113409042e-03
5.155209917575120926e-03
4.971819929778575897e-03
5.019077565521001816e-03
5.383420735597610474e-03
5.072545725852251053e-03
5.249448120594024658e-03
5.242249928414821625e-03
5.127428099513053894e-03
5.454455967992544174e-03
5.036595743149518967e-03
4.975411109626293182e-03
5.010663531720638275e-03
5.088736768811941147e-03
5.100842565298080444e-03
5.234801676124334335e-03
4.992629401385784149e-03
5.096181295812129974e-03
5.200195126235485077e-03
5.120271816849708557e-03
5.168970674276351929e-03
5.097675137221813202e-03
5.107194185256958008e-03
5.013678688555955887e-03
5.028190091252326965e-03
5.072437692433595657e-03
5.158852320164442062e-03
5.086419638246297836e-03
4.989484790712594986e-03
4.966767039149999619e-03
5.134639330208301544e-03
4.938886500895023346e-03
4.964374471455812454e-03
5.027356091886758804e-03
5.420598667114973068e-03
5.356743000447750092e-03
5.244624800980091095e-03
5.198298953473567963e-03
5.135833285748958588e-03
5.027812439948320389e-03
4.955437034368515015e-03
5.037352908402681351e-03
5.090227816253900528e-03
4.982334095984697342e-03
5.025018472224473953e-03
5.153349135071039200e-03
4.955528303980827332e-03
5.482887383550405502e-03
5.084550473839044571e-03
5.120946560055017471e-03
4.973526112735271454e-03
5.062005482614040375e-03
5.051016807556152344e-03
5.198449827730655670e-03
5.489014089107513428e-03
5.330133717507123947e-03
5.099240224808454514e-03
4.999202676117420197e-03
5.114151630550622940e-03
4.988143220543861389e-03
5.091905128210783005e-03
5.038124043494462967e-03
5.058366339653730392e-03
5.024955607950687408e-03
5.256734322756528854e-03
5.026137921959161758e-03
5.116038024425506592e-03
5.154148675501346588e-03
5.348776932805776596e-03
5.013173911720514297e-03
5.128390621393918991e-03
5.223626736551523209e-03
5.092322360724210739e-03
5.501843988895416260e-03
5.323254037648439407e-03
5.001096520572900772e-03
5.064043682068586349e-03
5.212861113250255585e-03
5.230860784649848938e-03
5.151125602424144745e-03
5.134152714163064957e-03
5.134384147822856903e-03
5.197857972234487534e-03
5.046893376857042313e-03
4.972171038389205933e-03
5.144350230693817139e-03
5.076918285340070724e-03
4.977624863386154175e-03
5.014528520405292511e-03
5.070896353572607040e-03
5.487694405019283295e-03
5.004951730370521545e-03
5.399338901042938232e-03
5.109794437885284424e-03
4.994703456759452820e-03
5.181974265724420547e-03
5.043223965913057327e-03
5.072796717286109924e-03
5.291541572660207748e-03
5.092383362352848053e-03
5.185333080589771271e-03
5.126701202243566513e-03
5.143062211573123932e-03
5.216854624450206757e-03
5.122188478708267212e-03
5.016173236072063446e-03
5.049355793744325638e-03
5.093262065201997757e-03
5.012834910303354263e-03
4.963684361428022385e-03
5.159348249435424805e-03
5.763371940702199936e-03
5.175752099603414536e-03
5.054441280663013458e-03
5.123846698552370071e-03
5.515450611710548401e-03
5.013177637010812759e-03
5.162158049643039703e-03
5.224264226853847504e-03
5.130495410412549973e-03
5.338161252439022064e-03
5.355734843760728836e-03
5.171756260097026825e-03
4.977066069841384888e-03
5.342040210962295532e-03
5.238933954387903214e-03
5.080128554254770279e-03
5.094729829579591751e-03
5.260626785457134247e-03
5.073873791843652725e-03
5.106138996779918671e-03
5.093766842037439346e-03
5.220346152782440186e-03
4.965228494256734848e-03
4.978550132364034653e-03
5.219754762947559357e-03
5.059104878455400467e-03
4.982252139598131180e-03
5.418397486209869385e-03
5.039597395807504654e-03
5.227221641689538956e-03
5.153912585228681564e-03
4.976745694875717163e-03
4.997807089239358902e-03
5.004060454666614532e-03
5.095465108752250671e-03
5.013215821236371994e-03
4.984459839761257172e-03
4.995405208319425583e-03
5.049778614193201065e-03
5.500750150531530380e-03
5.043279845267534256e-03
5.255668889731168747e-03
5.129120778292417526e-03
5.085407756268978119e-03
5.378249101340770721e-03
5.311545915901660919e-03
4.998720251023769379e-03
5.026471801102161407e-03
5.188095383346080780e-03
5.141029600054025650e-03
4.997297190129756927e-03
4.943703766912221909e-03
5.273343529552221298e-03
5.063111428171396255e-03
5.183111876249313354e-03
5.005334969609975815e-03
5.236736033111810684e-03
5.258388817310333252e-03
4.991545341908931732e-03
5.157866049557924271e-03
5.012400913983583450e-03
5.026001948863267899e-03
5.118042696267366409e-03
5.015032831579446793e-03
5.072212778031826019e-03
5.263711325824260712e-03
5.052912048995494843e-03
5.472891964018344879e-03
5.022046621888875961e-03
5.112960468977689743e-03
5.276272539049386978e-03
5.075714085251092911e-03
5.082980263978242874e-03
5.103639792650938034e-03
5.255940835922956467e-03
4.980985075235366821e-03
5.093270912766456604e-03
5.016613751649856567e-03
4.978236276656389236e-03
5.287633743137121201e-03
5.023658741265535355e-03
4.990422166883945465e-03
5.037922877818346024e-03
5.198413971811532974e-03
5.206944886595010757e-03
5.092663224786520004e-03
5.564010702073574066e-03
5.259926896542310715e-03
5.048637744039297104e-03
5.201264750212430954e-03
5.096758715808391571e-03
5.100422538816928864e-03
5.016501527279615402e-03
5.062265787273645401e-03
5.007331725209951401e-03
5.106634926050901413e-03
5.203941836953163147e-03
4.991777706891298294e-03
5.296106915920972824e-03
5.271406378597021103e-03
5.026943981647491455e-03
5.269485991448163986e-03
4.957536701112985611e-03
4.968670196831226349e-03
5.274893715977668762e-03
5.002461373805999756e-03
5.046346224844455719e-03
5.038835573941469193e-03
5.171148572117090225e-03
5.234206095337867737e-03
5.512937437742948532e-03
5.143504589796066284e-03
5.039829760789871216e-03
5.213061813265085220e-03
5.266743246465921402e-03
4.997516050934791565e-03
5.187367089092731476e-03
5.033325403928756714e-03
5.362722091376781464e-03
5.185797344893217087e-03
5.078319925814867020e-03
5.062333308160305023e-03
5.040285643190145493e-03
5.018836818635463715e-03
4.999510012567043304e-03
5.037843249738216400e-03
5.003896541893482208e-03
5.097794346511363983e-03
5.020475946366786957e-03
5.334460642188787460e-03
5.317239556461572647e-03
5.041711498051881790e-03
5.011461675167083740e-03
4.993533715605735779e-03
5.206528585404157639e-03
5.144690163433551788e-03
4.952579736709594727e-03
5.098138935863971710e-03
5.093725398182868958e-03
5.059010349214076996e-03
5.133009981364011765e-03
5.101457238197326660e-03
5.202855914831161499e-03
5.219923797994852066e-03
5.002813879400491714e-03
5.090871825814247131e-03
5.093692801892757416e-03
4.953961819410324097e-03
5.136144813150167465e-03
4.978829063475131989e-03
5.054633598774671555e-03
5.157680250704288483e-03
5.323030520230531693e-03
4.985893145203590393e-03
5.141363479197025299e-03
5.147127900272607803e-03
5.053086671978235245e-03
5.124560557305812836e-03
5.333192180842161179e-03
4.961696453392505646e-03
5.175448954105377197e-03
5.260773003101348877e-03
5.079788621515035629e-03
5.221441388130187988e-03
5.059742368757724762e-03
5.045641213655471802e-03
5.025648511946201324e-03
5.053617991507053375e-03
5.065244622528553009e-03
5.082261282950639725e-03
5.076318047940731049e-03
5.263501312583684921e-03
5.133789032697677612e-03
5.046870559453964233e-03
5.288918036967515945e-03
5.058587994426488876e-03
4.955179523676633835e-03
5.023147445172071457e-03
4.995569586753845215e-03
5.243794992566108704e-03
5.092010367661714554e-03
5.221806000918149948e-03
5.113715305924415588e-03
4.984867293387651443e-03
5.164429079741239548e-03
5.049897823482751846e-03
5.053788889199495316e-03
5.256025120615959167e-03
5.048159509897232056e-03
5.514698103070259094e-03
5.041535943746566772e-03
5.056693218648433685e-03
5.140189081430435181e-03
5.022418685257434845e-03
5.059592891484498978e-03
5.130550824105739594e-03
5.189709831029176712e-03
5.147025454789400101e-03
5.144466646015644073e-03
5.142780020833015442e-03
5.267847795039415359e-03
5.408501718193292618e-03
5.102307070046663284e-03
5.017721094191074371e-03
4.942302592098712921e-03
4.992063622921705246e-03
5.089605692774057388e-03
4.956721328198909760e-03
4.995003808289766312e-03
5.456316750496625900e-03
5.032519809901714325e-03
4.995828028768301010e-03
5.059638526290655136e-03
5.283999256789684296e-03
5.117636173963546753e-03
5.141827743500471115e-03
4.955620039254426956e-03
5.454344674944877625e-03
4.998541437089443207e-03
5.034531932324171066e-03
5.206818692386150360e-03
5.312477238476276398e-03
5.063480697572231293e-03
5.152357276529073715e-03
5.262571852654218674e-03
5.211561452597379684e-03
5.067466292530298233e-03
5.001193843781948090e-03
4.943297244608402252e-03
5.295113194733858109e-03
5.362710449844598770e-03
5.071312654763460159e-03
5.190821364521980286e-03
4.958142060786485672e-03
4.997066222131252289e-03
5.332329776138067245e-03
5.161163862794637680e-03
5.096384789794683456e-03
5.044647026807069778e-03
5.199865903705358505e-03
5.095200147479772568e-03
5.010227672755718231e-03
4.982459824532270432e-03
5.098843947052955627e-03
5.023552570492029190e-03
5.118980072438716888e-03
5.160878412425518036e-03
5.138752516359090805e-03
5.015210248529911041e-03
5.107284523546695709e-03
5.122967995703220367e-03
5.381923168897628784e-03
4.950636532157659531e-03
5.114601925015449524e-03
5.092517007142305374e-03
5.095538217574357986e-03
5.124324932694435120e-03
5.122541449964046478e-03
5.267986096441745758e-03
5.056286230683326721e-03
5.025870632380247116e-03
5.214788950979709625e-03
5.129064898937940598e-03
5.127978511154651642e-03
4.928691312670707703e-03
5.010794382542371750e-03
5.214761942625045776e-03
5.150848068296909332e-03
5.136200692504644394e-03
4.948891233652830124e-03
5.303303711116313934e-03
5.061796400696039200e-03
5.252979230135679245e-03
5.007249303162097931e-03
5.063086282461881638e-03
5.458435975015163422e-03
5.089287180453538895e-03
5.169189535081386566e-03
5.003587342798709869e-03
4.962003789842128754e-03
5.018071737140417099e-03
5.319107323884963989e-03
5.330364685505628586e-03
5.569901783019304276e-03
4.996572155505418777e-03
5.095872562378644943e-03
5.275675561279058456e-03
5.188377108424901962e-03
5.123944021761417389e-03
4.937714897096157074e-03
5.236119031906127930e-03
5.084927659481763840e-03
5.091085564345121384e-03
5.168147385120391846e-03
5.117119289934635162e-03
5.246925167739391327e-03
5.124511197209358215e-03
5.413539241999387741e-03
5.237745586782693863e-03
4.976961296051740646e-03
4.998691380023956299e-03
5.155765451490879059e-03
5.048604216426610947e-03
5.016392096877098083e-03
5.136112216860055923e-03
5.168736912310123444e-03
5.173063836991786957e-03
5.072453524917364120e-03
5.400032736361026764e-03
5.340146366506814957e-03
5.729851312935352325e-03
5.010967142879962921e-03
4.991421941667795181e-03
4.987698048353195190e-03
4.992025438696146011e-03
5.002809688448905945e-03
5.126550793647766113e-03
5.002045538276433945e-03
5.170744843780994415e-03
4.990642424672842026e-03
4.977441392838954926e-03
5.254258401691913605e-03
5.109535530209541321e-03
4.936537705361843109e-03
5.150406621396541595e-03
4.970912355929613113e-03
5.018040537834167480e-03
4.987538792192935944e-03
5.080351140350103378e-03
5.270632449537515640e-03
5.116515792906284332e-03
5.087791010737419128e-03
5.220949649810791016e-03
5.669153761118650436e-03
5.198789760470390320e-03
5.291595123708248138e-03
5.130563862621784210e-03
5.071858875453472137e-03
5.038375034928321838e-03
5.020888056606054306e-03
5.136227235198020935e-03
5.176873411983251572e-03
4.978769924491643906e-03
5.131297744810581207e-03
5.177624057978391647e-03
5.028652958571910858e-03
4.928866866976022720e-03
5.023087374866008759e-03
5.015858449041843414e-03
5.206470377743244171e-03
5.165030714124441147e-03
5.124131217598915100e-03
5.165378563106060028e-03
5.086601711809635162e-03
4.979150835424661636e-03
5.008768755942583084e-03
5.044628866016864777e-03
5.161977838724851608e-03
4.993243142962455750e-03
5.191000644117593765e-03
5.006888881325721741e-03
5.096941720694303513e-03
5.468290764838457108e-03
5.364022217690944672e-03
5.206155125051736832e-03
5.130605306476354599e-03
5.086798220872879028e-03
5.016584414988756180e-03
5.121259950101375580e-03
4.979113582521677017e-03
5.040786694735288620e-03
5.129443947225809097e-03
5.078702699393033981e-03
5.044914782047271729e-03
5.162414163351058960e-03
5.156272090971469879e-03
5.183818750083446503e-03
5.075244698673486710e-03
5.047183018177747726e-03
5.116156302392482758e-03
5.114386789500713348e-03
5.325718782842159271e-03
5.182853434234857559e-03
5.411423742771148682e-03
5.424621980637311935e-03
4.959257785230875015e-03
5.024696234613656998e-03
5.224684253334999084e-03
5.094490014016628265e-03
5.170637741684913635e-03
4.933394957333803177e-03
4.987959749996662140e-03
4.945923574268817902e-03
4.970142617821693420e-03
5.172203294932842255e-03
5.036030430346727371e-03
5.056712776422500610e-03
5.014710593968629837e-03
5.042899399995803833e-03
5.009623710066080093e-03
5.194058641791343689e-03
4.929278045892715454e-03
5.155888386070728302e-03
4.936238285154104233e-03
5.014737136662006378e-03
4.998666234314441681e-03
5.043625365942716599e-03
5.188316106796264648e-03
5.136752501130104065e-03
5.169125739485025406e-03
4.970285575836896896e-03
4.960668273270130157e-03
4.967691376805305481e-03
5.037545226514339447e-03
5.102605558931827545e-03
5.111260339617729187e-03
5.105216987431049347e-03
5.050798412412405014e-03
5.141439847648143768e-03
5.090484861284494400e-03
5.317511036992073059e-03
5.181102082133293152e-03
5.093254614621400833e-03
5.037590861320495605e-03
5.075890570878982544e-03
5.007534287869930267e-03
5.003844853490591049e-03
4.975308198481798172e-03
5.056304857134819031e-03
5.105072632431983948e-03
5.087320227175951004e-03
5.012928508222103119e-03
5.163335707038640976e-03
5.152828525751829147e-03
5.024240817874670029e-03
4.984196275472640991e-03
5.061873234808444977e-03
5.268090404570102692e-03
5.079784896224737167e-03
5.684001836925745010e-03
5.057880654931068420e-03
5.081397946923971176e-03
5.226579029113054276e-03
5.251760594546794891e-03
5.169255658984184265e-03
5.260532721877098083e-03
5.007164087146520615e-03
5.164658650755882263e-03
5.094223655760288239e-03
5.019390955567359924e-03
5.092214792966842651e-03
5.051144398748874664e-03
5.154569633305072784e-03
5.136075895279645920e-03
5.151961930096149445e-03
5.105744581669569016e-03
4.993763286620378494e-03
5.318735726177692413e-03
4.939573816955089569e-03
5.136354360729455948e-03
4.965316504240036011e-03
4.995399154722690582e-03
5.108197685331106186e-03
5.319866351783275604e-03
5.151856224983930588e-03
5.084720905870199203e-03
5.135173443704843521e-03
4.963641986250877380e-03
5.198437720537185669e-03
4.956998862326145172e-03
5.100798327475786209e-03
4.984613973647356033e-03
5.047220271080732346e-03
5.081329960376024246e-03
5.110978614538908005e-03
5.008620209991931915e-03
5.125508643686771393e-03
5.099718924611806870e-03
5.392772611230611801e-03
5.270340479910373688e-03
5.106667988002300262e-03
5.344132427126169205e-03
5.224808119237422943e-03
4.977255593985319138e-03
5.237727891653776169e-03
4.956852179020643234e-03
5.075333639979362488e-03
4.919840022921562195e-03
5.090326070785522461e-03
5.136153195053339005e-03
5.059789866209030151e-03
5.040889605879783630e-03
5.092056468129158020e-03
5.118360742926597595e-03
4.936644807457923889e-03
5.076819099485874176e-03
4.982321057468652725e-03
5.034053232520818710e-03
5.269247107207775116e-03
5.087879486382007599e-03
5.124632269144058228e-03
4.998963326215744019e-03
5.112317856401205063e-03
5.261286161839962006e-03
5.148184020072221756e-03
5.044025368988513947e-03
5.050119943916797638e-03
4.924576729536056519e-03
5.096304230391979218e-03
5.123880691826343536e-03
4.993248265236616135e-03
5.058309994637966156e-03
5.118646658957004547e-03
5.091795697808265686e-03
4.970187786966562271e-03
5.045228172093629837e-03
5.193855613470077515e-03
5.128431133925914764e-03
5.135477986186742783e-03
5.311926361173391342e-03
5.074146669358015060e-03
5.070860963314771652e-03
5.271230358630418777e-03
5.212966352701187134e-03
4.988540895283222198e-03
4.999799653887748718e-03
5.040214397013187408e-03
5.125054623931646347e-03
5.003858357667922974e-03
5.043535958975553513e-03
5.015296395868062973e-03
5.077919457107782364e-03
5.749042611569166183e-03
4.995386116206645966e-03
5.360838957130908966e-03
5.079524125903844833e-03
5.175971891731023788e-03
5.011940840631723404e-03
4.960954189300537109e-03
5.082744173705577850e-03
5.241428501904010773e-03
4.985296167433261871e-03
5.156771745532751083e-03
5.056458059698343277e-03
5.131620448082685471e-03
5.014379508793354034e-03
5.276504904031753540e-03
5.201423075050115585e-03
5.094038322567939758e-03
5.598729476332664490e-03
5.168771836906671524e-03
5.053130909800529480e-03
5.062586162239313126e-03
5.015926435589790344e-03
5.035383626818656921e-03
5.219134036451578140e-03
5.053171422332525253e-03
4.940202459692955017e-03
5.092122126370668411e-03
5.103802308440208435e-03
5.118039902299642563e-03
5.252754315733909607e-03
5.053580272942781448e-03
5.081114359200000763e-03
5.215093027800321579e-03
5.053674336522817612e-03
4.933977965265512466e-03
5.022708792239427567e-03
5.228446330875158310e-03
4.954177886247634888e-03
5.103468429297208786e-03
5.184093490242958069e-03
5.113659426569938660e-03
5.055759567767381668e-03
5.493857432156801224e-03
5.187061615288257599e-03
5.074471700936555862e-03
5.186584778130054474e-03
5.202897824347019196e-03
4.955827724188566208e-03
5.017257295548915863e-03
4.938133992254734039e-03
5.002325400710105896e-03
5.006495397537946701e-03
5.048273596912622452e-03
5.289433989673852921e-03
5.187116097658872604e-03
4.999514669179916382e-03
5.217149388045072556e-03
5.052404478192329407e-03
5.197073332965373993e-03
5.060851573944091797e-03
5.116578191518783569e-03
5.123353563249111176e-03
5.108057521283626556e-03
5.131175741553306580e-03
5.300933960825204849e-03
5.049185827374458313e-03
5.084489937871694565e-03
5.055866204202175140e-03
5.001101642847061157e-03
4.951551090925931931e-03
5.082234740257263184e-03
5.013481248170137405e-03
5.154027603566646576e-03
5.172399338334798813e-03
5.226138979196548462e-03
5.094545893371105194e-03
5.339578259736299515e-03
5.079808644950389862e-03
5.018276628106832504e-03
4.986642394214868546e-03
4.993981216102838516e-03
4.979937337338924408e-03
4.999929573386907578e-03
4.985944833606481552e-03
5.511735565960407257e-03
5.038338247686624527e-03
5.003212485462427139e-03
5.063348449766635895e-03
5.180894397199153900e-03
5.394972395151853561e-03
5.004012491554021835e-03
5.087000317871570587e-03
5.039156414568424225e-03
5.039039533585309982e-03
5.012166220694780350e-03
5.070514976978302002e-03
4.926760215312242508e-03
4.999497905373573303e-03
4.983618389815092087e-03
5.072763655334711075e-03
5.046137142926454544e-03
5.021008197218179703e-03
4.923669621348381042e-03
5.064467899501323700e-03
5.015278235077857971e-03
4.998914431780576706e-03
5.039243027567863464e-03
5.193943157792091370e-03
4.994117654860019684e-03
5.030754022300243378e-03
5.020370706915855408e-03
5.038702860474586487e-03
4.990949761122465134e-03
4.950590897351503372e-03
4.968488588929176331e-03
4.951774608343839645e-03
5.058695562183856964e-03
5.043469835072755814e-03
5.019404925405979156e-03
5.446663126349449158e-03
5.343536846339702606e-03
5.171814933419227600e-03
4.964132793247699738e-03
5.057713482528924942e-03
5.030336789786815643e-03
4.951220005750656128e-03
5.209922790527343750e-03
5.058692302554845810e-03
5.089383572340011597e-03
5.034133326262235641e-03
4.929756745696067810e-03
5.208298563957214355e-03
5.193214863538742065e-03
5.136234685778617859e-03
5.170122254639863968e-03
5.061028525233268738e-03
4.942081402987241745e-03
4.983406048268079758e-03
5.202833563089370728e-03
4.956859629601240158e-03
4.972543567419052124e-03
4.914945457130670547e-03
5.232341121882200241e-03
5.066283047199249268e-03
5.022876895964145660e-03
4.924621433019638062e-03
5.113843828439712524e-03
4.944631364196538925e-03
4.978527314960956573e-03
5.030062980949878693e-03
5.158636718988418579e-03
5.176437553018331528e-03
5.186528898775577545e-03
5.254208575934171677e-03
5.176697857677936554e-03
5.043019540607929230e-03
4.968763794749975204e-03
4.997780080884695053e-03
5.007816944271326065e-03
4.991343244910240173e-03
4.912995267659425735e-03
5.170634947717189789e-03
5.094202235341072083e-03
5.055910907685756683e-03
4.948942922055721283e-03
5.227764137089252472e-03
5.041779018938541412e-03
4.976305179297924042e-03
4.997550509870052338e-03
5.111896898597478867e-03
5.413376260548830032e-03
5.083797499537467957e-03
5.184353794902563095e-03
5.017231218516826630e-03
5.130338482558727264e-03
5.001621786504983902e-03
5.204819142818450928e-03
5.014009773731231689e-03
5.017927382141351700e-03
5.045466125011444092e-03
5.047976970672607422e-03
5.107671022415161133e-03
5.269563291221857071e-03
5.082836840301752090e-03
5.026799160987138748e-03
5.137019790709018707e-03
5.048457533121109009e-03
5.213137716054916382e-03
5.335947498679161072e-03
5.171369761228561401e-03
5.118263885378837585e-03
5.177984014153480530e-03
4.992987494915723801e-03
5.091563798487186432e-03
5.300309043377637863e-03
5.113626830279827118e-03
4.961314145475625992e-03
4.980865400284528732e-03
4.949159454554319382e-03
5.172998178750276566e-03
5.088881589472293854e-03
4.916120320558547974e-03
5.112658720463514328e-03
5.051540676504373550e-03
5.014518741518259048e-03
5.106003955006599426e-03
5.268747452646493912e-03
5.139694549143314362e-03
5.377758760005235672e-03
4.964504856616258621e-03
5.097780842334032059e-03
5.068682599812746048e-03
5.112864077091217041e-03
5.185892339795827866e-03
5.188236013054847717e-03
4.934949334710836411e-03
5.049932282418012619e-03
5.224129650741815567e-03
4.901786334812641144e-03
4.999822936952114105e-03
4.989627283066511154e-03
5.210275296121835709e-03
5.159102380275726318e-03
4.971046466380357742e-03
5.057934671640396118e-03
4.936987999826669693e-03
4.930858965963125229e-03
5.197354126721620560e-03
5.095381289720535278e-03
5.107825621962547302e-03
4.969718866050243378e-03
5.026766099035739899e-03
4.972299095243215561e-03
5.182773806154727936e-03
5.373494699597358704e-03
5.379936657845973969e-03
5.019772332161664963e-03
5.044371355324983597e-03
5.002107471227645874e-03
4.997713491320610046e-03
4.989149048924446106e-03
4.968431312590837479e-03
5.109223071485757828e-03
5.035514943301677704e-03
5.172057077288627625e-03
5.068767350167036057e-03
5.056270863860845566e-03
5.176905076950788498e-03
4.966457374393939972e-03
5.296251270920038223e-03
5.001250188797712326e-03
4.989710170775651932e-03
5.030991509556770325e-03
4.996859468519687653e-03
5.224597640335559845e-03
4.963887389749288559e-03
5.081485956907272339e-03
4.954343196004629135e-03
5.249675363302230835e-03
4.966712091118097305e-03
5.063900258392095566e-03
5.196058191359043121e-03
4.924905952066183090e-03
5.052233114838600159e-03
5.228287074714899063e-03
5.212647374719381332e-03
4.998853895813226700e-03
4.973630886524915695e-03
5.009653978049755096e-03
5.109344609081745148e-03
5.132474936544895172e-03
5.269367247819900513e-03
4.939135164022445679e-03
5.149553995579481125e-03
5.109675694257020950e-03
5.033532157540321350e-03
5.171438679099082947e-03
4.959328100085258484e-03
4.961978178471326828e-03
5.218279082328081131e-03
5.116333253681659698e-03
5.146401003003120422e-03
4.987283144146203995e-03
5.063507240265607834e-03
5.053357221186161041e-03
5.151861347258090973e-03
5.170449614524841309e-03
5.141125060617923737e-03
5.423533264547586441e-03
5.079541355371475220e-03
4.926051478832960129e-03
5.010754801332950592e-03
4.945153836160898209e-03
5.043060053139925003e-03
4.990092478692531586e-03
5.126803647726774216e-03
5.346572492271661758e-03
5.316648166626691818e-03
5.203308071941137314e-03
5.118535365909337997e-03
5.021918099373579025e-03
5.226649343967437744e-03
5.151900462806224823e-03
5.195104517042636871e-03
4.932138137519359589e-03
5.022296216338872910e-03
5.259520839899778366e-03
5.421004723757505417e-03
5.085480399429798126e-03
5.226676352322101593e-03
5.184534471482038498e-03
5.040158983319997787e-03
4.977410659193992615e-03
4.942341707646846771e-03
5.085616372525691986e-03
4.889903124421834946e-03
4.924449604004621506e-03
4.959325306117534637e-03
5.189785268157720566e-03
5.316981114447116852e-03
5.181731656193733215e-03
5.084756296128034592e-03
5.223866552114486694e-03
4.976081196218729019e-03
5.077608861029148102e-03
5.191122181713581085e-03
4.959957208484411240e-03
4.912408534437417984e-03
4.981976468116044998e-03
5.201976746320724487e-03
5.083499010652303696e-03
5.090008024126291275e-03
4.994614049792289734e-03
5.081607028841972351e-03
4.971097223460674286e-03
4.970552865415811539e-03
4.986704792827367783e-03
5.087884142994880676e-03
4.984745290130376816e-03
5.020822864025831223e-03
5.175327416509389877e-03
4.953538533300161362e-03
5.024149082601070404e-03
5.007720086723566055e-03
5.203756038099527359e-03
5.086701828986406326e-03
5.039288196712732315e-03
5.455431062728166580e-03
4.965820349752902985e-03
4.967116750776767731e-03
4.957833793014287949e-03
5.202208179980516434e-03
4.957912489771842957e-03
4.908208269625902176e-03
5.051510408520698547e-03
5.007262341678142548e-03
4.983241669833660126e-03
5.028960295021533966e-03
5.156252998858690262e-03
5.301696248352527618e-03
5.031446926295757294e-03
4.989534150809049606e-03
4.997870884835720062e-03
5.114190746098756790e-03
5.040352232754230499e-03
4.978554788976907730e-03
5.297317169606685638e-03
5.108250305056571960e-03
5.040528252720832825e-03
5.112539045512676239e-03
5.419417284429073334e-03
5.089675076305866241e-03
5.285864695906639099e-03
5.056067835539579391e-03
5.067642778158187866e-03
4.968140739947557449e-03
5.008370149880647659e-03
5.175374448299407959e-03
5.060699768364429474e-03
5.084335338324308395e-03
5.051536485552787781e-03
5.022852681577205658e-03
4.979049321264028549e-03
5.158861167728900909e-03
5.007699597626924515e-03
5.054884124547243118e-03
5.039353854954242706e-03
5.248617380857467651e-03
5.119066219776868820e-03
5.309092346578836441e-03
4.913263954222202301e-03
5.005684681236743927e-03
4.988051485270261765e-03
5.186586640775203705e-03
5.145140923559665680e-03
5.044732242822647095e-03
4.964440129697322845e-03
5.106690339744091034e-03
5.184591282159090042e-03
5.058956332504749298e-03
5.148950964212417603e-03
4.956121556460857391e-03
5.085610784590244293e-03
5.099845118820667267e-03
4.921472165733575821e-03
5.349968094378709793e-03
5.002339836210012436e-03
5.132639780640602112e-03
4.907305818051099777e-03
4.979612771421670914e-03
4.915373399853706360e-03
4.977250006049871445e-03
4.944175947457551956e-03
5.046034231781959534e-03
5.311984568834304810e-03
5.168564617633819580e-03
4.903935361653566360e-03
5.284001119434833527e-03
5.103018134832382202e-03
5.006229504942893982e-03
5.078227259218692780e-03
4.997627809643745422e-03
4.975570831447839737e-03
4.982503596693277359e-03
5.032090935856103897e-03
5.115722771733999252e-03
5.217085126787424088e-03
4.982118960469961166e-03
5.147497169673442841e-03
5.170279648154973984e-03
5.710759665817022324e-03
5.274078808724880219e-03
5.068558268249034882e-03
5.324690602719783783e-03
5.003944970667362213e-03
4.970439244061708450e-03
5.137213971465826035e-03
4.958512727171182632e-03
5.118694622069597244e-03
5.078386049717664719e-03
4.973836243152618408e-03
5.053490400314331055e-03
5.037473980337381363e-03
5.146584939211606979e-03
4.951387178152799606e-03
5.018918775022029877e-03
4.904328845441341400e-03
4.936880432069301605e-03
5.140726920217275620e-03
4.979679826647043228e-03
5.044321529567241669e-03
5.045125726610422134e-03
5.047122482210397720e-03
5.184212233871221542e-03
4.969011060893535614e-03
5.045846570283174515e-03
5.069427192211151123e-03
5.045134108513593674e-03
5.067139398306608200e-03
5.021804478019475937e-03
4.929760936647653580e-03
5.037769675254821777e-03
5.090794991701841354e-03
5.297968164086341858e-03
5.024156998842954636e-03
5.239285994321107864e-03
5.145644303411245346e-03
5.021759308874607086e-03
5.049592815339565277e-03
5.083830095827579498e-03
5.263051018118858337e-03
5.077462643384933472e-03
4.917210899293422699e-03
5.301326047629117966e-03
5.035030189901590347e-03
5.064468365162611008e-03
5.094555206596851349e-03
4.957766737788915634e-03
5.076905712485313416e-03
5.213069729506969452e-03
5.022434517741203308e-03
5.465516820549964905e-03
5.100106354802846909e-03
5.031917244195938110e-03
5.103477742522954941e-03
5.117391236126422882e-03
5.116657353937625885e-03
4.977778531610965729e-03
5.144543945789337158e-03
4.945401102304458618e-03
4.936948418617248535e-03
4.939512815326452255e-03
5.020375829190015793e-03
4.918344318866729736e-03
5.088164471089839935e-03
5.146403796970844269e-03
4.964325111359357834e-03
5.238729994744062424e-03
4.933733958750963211e-03
4.929097834974527359e-03
4.978694487363100052e-03
4.952468909323215485e-03
5.005096085369586945e-03
5.202304106205701828e-03
5.146246869117021561e-03
5.062957294285297394e-03
4.947609268128871918e-03
5.053059197962284088e-03
4.995518829673528671e-03
5.237693898379802704e-03
5.030360072851181030e-03
5.073202773928642273e-03
4.918458405882120132e-03
4.965559579432010651e-03
5.077249370515346527e-03
5.143533460795879364e-03
4.981891252100467682e-03
5.106424912810325623e-03
5.071454215794801712e-03
5.283755715936422348e-03
5.037340801209211349e-03
5.038201808929443359e-03
5.175703205168247223e-03
5.052175838500261307e-03
4.919074010103940964e-03
4.929051268845796585e-03
4.934252239763736725e-03
5.258441437035799026e-03
5.117827095091342926e-03
4.945925436913967133e-03
5.112941842526197433e-03
4.945982713252305984e-03
4.961038939654827118e-03
5.116760265082120895e-03
5.127083044499158859e-03
5.190016236156225204e-03
5.006765015423297882e-03
5.007984582334756851e-03
5.181753542274236679e-03
5.238398443907499313e-03
5.041989963501691818e-03
5.071952939033508301e-03
4.959205165505409241e-03
4.949062597006559372e-03
4.919430706650018692e-03
5.088488571345806122e-03
5.228307098150253296e-03
5.128114949911832809e-03
4.984180442988872528e-03
4.944858606904745102e-03
4.947055596858263016e-03
5.094701889902353287e-03
4.924841225147247314e-03
4.967282526195049286e-03
5.104631185531616211e-03
5.161653272807598114e-03
5.165184848010540009e-03
5.169799551367759705e-03
4.954821895807981491e-03
5.229672417044639587e-03
4.929068498313426971e-03
4.994934424757957458e-03
5.247169639915227890e-03
5.083750467747449875e-03
5.043261684477329254e-03
5.034954752773046494e-03
4.979698453098535538e-03
4.988324828445911407e-03
5.132718943059444427e-03
4.920673090964555740e-03
4.914263263344764709e-03
4.956330172717571259e-03
5.377727560698986053e-03
5.191202275454998016e-03
5.110906437039375305e-03
5.020340904593467712e-03
4.996376112103462219e-03
5.277351941913366318e-03
4.946464672684669495e-03
4.927911330014467239e-03
4.991807509213685989e-03
4.953850526362657547e-03
4.892971832305192947e-03
4.936926066875457764e-03
5.258351564407348633e-03
5.050600506365299225e-03
5.012114066630601883e-03
5.091003142297267914e-03
5.223714280873537064e-03
5.389020312577486038e-03
5.052176769822835922e-03
4.955192096531391144e-03
5.112410988658666611e-03
5.289567168802022934e-03
4.975095856934785843e-03
4.908574745059013367e-03
4.931415896862745285e-03
5.129193421453237534e-03
5.006322171539068222e-03
5.100093316286802292e-03
4.986144602298736572e-03
4.988525528460741043e-03
4.888685420155525208e-03
5.098451394587755203e-03
5.312806461006402969e-03
5.256273783743381500e-03
4.943246021866798401e-03
5.124632269144058228e-03
4.968985915184020996e-03
4.955078009516000748e-03
5.407236982136964798e-03
5.262617021799087524e-03
5.154753103852272034e-03
4.973033908754587173e-03
4.992616828531026840e-03
5.006541963666677475e-03
5.076686851680278778e-03
5.010047927498817444e-03
5.079668015241622925e-03
5.086041055619716644e-03
5.184705369174480438e-03
4.985997918993234634e-03
4.934999160468578339e-03
4.973993171006441116e-03
5.095968954265117645e-03
4.954590462148189545e-03
5.034504458308219910e-03
5.084186792373657227e-03
4.978277720510959625e-03
5.093693267554044724e-03
4.951658658683300018e-03
5.202179308980703354e-03
5.024773534387350082e-03
4.933965858072042465e-03
4.961442202329635620e-03
4.984922707080841064e-03
5.028157960623502731e-03
5.062314216047525406e-03
5.135335493832826614e-03
4.913135431706905365e-03
5.004272796213626862e-03
5.265554413199424744e-03
4.889032803475856781e-03
5.246277432888746262e-03
5.088446196168661118e-03
5.078914109617471695e-03
4.887658171355724335e-03
5.080411210656166077e-03
4.992544651031494141e-03
4.974130075424909592e-03
5.009633023291826248e-03
4.976810887455940247e-03
4.964168649166822433e-03
4.995439667254686356e-03
5.112984683364629745e-03
5.271845962852239609e-03
4.995421040803194046e-03
4.908918868750333786e-03
4.994120448827743530e-03
5.094161257147789001e-03
5.080100148916244507e-03
4.931748844683170319e-03
4.893998149782419205e-03
5.072428379207849503e-03
4.972046241164207458e-03
4.913541022688150406e-03
4.913704469799995422e-03
5.155304912477731705e-03
4.984061699360609055e-03
4.970839247107505798e-03
5.154605023562908173e-03
5.064007360488176346e-03
5.254514515399932861e-03
5.104435607790946960e-03
5.244285799562931061e-03
5.036766175180673599e-03
5.175882950425148010e-03
4.944099113345146179e-03
4.937486723065376282e-03
5.118691362440586090e-03
5.045411176979541779e-03
5.155677441507577896e-03
5.061825737357139587e-03
5.003879778087139130e-03
4.992318339645862579e-03
5.093545187264680862e-03
5.200686864554882050e-03
5.139951594173908234e-03
5.138807464390993118e-03
5.010300781577825546e-03
5.055705085396766663e-03
5.207094829529523849e-03
4.968104418367147446e-03
4.924340639263391495e-03
4.995472263544797897e-03
5.018818657845258713e-03
4.954980686306953430e-03
5.078846588730812073e-03
5.052007734775543213e-03
5.202013533562421799e-03
5.119599867612123489e-03
5.031139124184846878e-03
5.097000859677791595e-03
5.079999566078186035e-03
4.913002252578735352e-03
4.951299168169498444e-03
4.938272293657064438e-03
5.261420737951993942e-03
4.975043237209320068e-03
5.138831213116645813e-03
5.007789470255374908e-03
4.923197440803050995e-03
4.943653009831905365e-03
5.145099479705095291e-03
4.969590343534946442e-03
5.204633343964815140e-03
5.140107590705156326e-03
4.970188718289136887e-03
5.120579618960618973e-03
4.894027486443519592e-03
4.938454367220401764e-03
5.174100864678621292e-03
4.935098346322774887e-03
5.034292116761207581e-03
5.246916785836219788e-03
5.251024384051561356e-03
5.059380084276199341e-03
5.185336340218782425e-03
4.943133797496557236e-03
5.215374287217855453e-03
5.094840191304683685e-03
4.949534777551889420e-03
4.944214131683111191e-03
5.029771942645311356e-03
5.301866214722394943e-03
5.292536690831184387e-03
4.920220002532005310e-03
5.212129093706607819e-03
4.991001449525356293e-03
5.206373520195484161e-03
5.107234697788953781e-03
4.935208708047866821e-03
4.907449241727590561e-03
5.043633747845888138e-03
5.017693620175123215e-03
5.088710691779851913e-03
5.350537598133087158e-03
4.980686586350202560e-03
4.941859748214483261e-03
5.592408590018749237e-03
5.042869132012128830e-03
5.017729010432958603e-03
4.945734050124883652e-03
5.115822888910770416e-03
4.931337665766477585e-03
4.952320829033851624e-03
4.906137473881244659e-03
4.961406346410512924e-03
4.909172654151916504e-03
4.936797078698873520e-03
4.978237207978963852e-03
5.074437242001295090e-03
5.020412616431713104e-03
5.316384602338075638e-03
4.990485031157732010e-03
4.911427851766347885e-03
4.969044588506221771e-03
4.909717477858066559e-03
4.945269785821437836e-03
5.316712427884340286e-03
5.322848446667194366e-03
4.965019878000020981e-03
5.081967450678348541e-03
5.097446497529745102e-03
4.922641441226005554e-03
5.028254352509975433e-03
5.009646061807870865e-03
4.994742572307586670e-03
4.961229395121335983e-03
4.988288506865501404e-03
4.980332218110561371e-03
4.935401957482099533e-03
5.017794668674468994e-03
5.128316581249237061e-03
4.941616673022508621e-03
5.130863282829523087e-03
4.897937644273042679e-03
4.939593840390443802e-03
5.165171809494495392e-03
4.977597855031490326e-03
5.188186187297105789e-03
5.131456069648265839e-03
4.975490272045135498e-03
5.074811168015003204e-03
5.123581271618604660e-03
4.976166412234306335e-03
5.229554604738950729e-03
5.119007080793380737e-03
4.957777913659811020e-03
4.880860447883605957e-03
4.903306253254413605e-03
4.982877057045698166e-03
5.127049516886472702e-03
5.021503660827875137e-03
5.044331308454275131e-03
5.275107920169830322e-03
5.170433782041072845e-03
5.212468095123767853e-03
5.211840383708477020e-03
5.164195783436298370e-03
4.916678182780742645e-03
4.988932050764560699e-03
5.465960595756769180e-03
4.927917849272489548e-03
5.013376474380493164e-03
5.266998428851366043e-03
5.108867771923542023e-03
5.069387611001729965e-03
4.959469661116600037e-03
4.887531977146863937e-03
4.960661288350820541e-03
4.899673629552125931e-03
5.037760827690362930e-03
5.168977659195661545e-03
5.045987199991941452e-03
5.086477845907211304e-03
5.040289368480443954e-03
5.149778909981250763e-03
4.903122317045927048e-03
4.959098063409328461e-03
4.973387345671653748e-03
4.877244587987661362e-03
4.987991414964199066e-03
4.977881908416748047e-03
4.992116708308458328e-03
4.937891848385334015e-03
5.151925608515739441e-03
5.214222706854343414e-03
5.020911805331707001e-03
5.001274868845939636e-03
5.229234695434570312e-03
5.002474412322044373e-03
4.940133541822433472e-03
5.166747607290744781e-03
4.983953200280666351e-03
5.024791695177555084e-03
5.008872598409652710e-03
4.969837144017219543e-03
5.074826069176197052e-03
5.069621838629245758e-03
4.924646113067865372e-03
5.054639652371406555e-03
4.996688570827245712e-03
5.023479461669921875e-03
4.925729241222143173e-03
5.128026008605957031e-03
5.003991071134805679e-03
5.009519401937723160e-03
4.969637840986251831e-03
5.040891002863645554e-03
4.942071624100208282e-03
4.932033363729715347e-03
5.061364732682704926e-03
4.934364464133977890e-03
4.959755577147006989e-03
5.032733082771301270e-03
5.039317067712545395e-03
5.123189184814691544e-03
4.988248459994792938e-03
4.985746927559375763e-03
5.160839762538671494e-03
4.914788529276847839e-03
4.922072403132915497e-03
5.169213283807039261e-03
5.242348648607730865e-03
5.005549173802137375e-03
5.016941577196121216e-03
4.896328318864107132e-03
5.041873082518577576e-03
4.978478886187076569e-03
5.155577324330806732e-03
5.028972402215003967e-03
4.987214691936969757e-03
4.965185187757015228e-03
5.359475035220384598e-03
5.219017155468463898e-03
5.080232862383127213e-03
4.993450362235307693e-03
5.259326659142971039e-03
4.981802776455879211e-03
5.079336930066347122e-03
5.298413801938295364e-03
5.024173762649297714e-03
5.039059557020664215e-03
5.033727735280990601e-03
4.863924346864223480e-03
5.031309556216001511e-03
5.002464167773723602e-03
5.031824111938476562e-03
5.094451829791069031e-03
4.911869298666715622e-03
4.953087773174047470e-03
4.938408732414245605e-03
4.872014280408620834e-03
5.031268112361431122e-03
4.969699308276176453e-03
5.054472014307975769e-03
4.958439618349075317e-03
4.903062712401151657e-03
4.942505154758691788e-03
4.977368284016847610e-03
4.965299740433692932e-03
5.006069317460060120e-03
4.909645766019821167e-03
5.175500176846981049e-03
5.234410054981708527e-03
5.130986683070659637e-03
4.963837563991546631e-03
4.855376202613115311e-03
4.978810902684926987e-03
4.905396141111850739e-03
4.907911643385887146e-03
5.000452511012554169e-03
4.977656528353691101e-03
5.035679787397384644e-03
4.897112026810646057e-03
4.924871027469635010e-03
5.066729616373777390e-03
5.122120492160320282e-03
5.104537587612867355e-03
5.048679653555154800e-03
4.855600651353597641e-03
4.943426232784986496e-03
4.975412972271442413e-03
4.908583126962184906e-03
5.046619102358818054e-03
5.061493255198001862e-03
5.303189158439636230e-03
5.011776927858591080e-03
5.015819799154996872e-03
4.902038257569074631e-03
5.259755998849868774e-03
5.043230019509792328e-03
4.994553048163652420e-03
5.144692957401275635e-03
4.966221284121274948e-03
5.007605534046888351e-03
4.947771318256855011e-03
5.203060805797576904e-03
4.976733122020959854e-03
5.204963497817516327e-03
4.863715264946222305e-03
5.081248935312032700e-03
5.239965859800577164e-03
4.957840777933597565e-03
4.965174477547407150e-03
5.086886230856180191e-03
4.941749852150678635e-03
4.863210488110780716e-03
5.155758000910282135e-03
5.071518942713737488e-03
5.152034573256969452e-03
4.925011191517114639e-03
5.015922244638204575e-03
5.188318435102701187e-03
5.041732452809810638e-03
4.993351176381111145e-03
5.034241825342178345e-03
5.051576066762208939e-03
4.978605546057224274e-03
5.159792490303516388e-03
4.950687289237976074e-03
5.013691261410713196e-03
5.156373139470815659e-03
4.989226814359426498e-03
5.014303140342235565e-03
5.193112883716821671e-03
5.052961409091949463e-03
5.021394696086645126e-03
5.009740125387907028e-03
4.943080712109804153e-03
5.102849099785089493e-03
4.919493105262517929e-03
4.882691893726587296e-03
4.904299974441528320e-03
4.889329895377159119e-03
5.092797335237264633e-03
4.894231446087360382e-03
4.997047595679759979e-03
5.238142795860767365e-03
4.851072560995817184e-03
4.939433187246322632e-03
5.060405936092138290e-03
5.047039128839969635e-03
5.062439478933811188e-03
5.216009449213743210e-03
5.424634553492069244e-03
5.094035062938928604e-03
4.917489830404520035e-03
4.963645711541175842e-03
5.174702964723110199e-03
5.073858890682458878e-03
5.254759453237056732e-03
5.094636697322130203e-03
4.900622181594371796e-03
5.020640790462493896e-03
5.062278360128402710e-03
5.146353505551815033e-03
5.086086224764585495e-03
4.858876578509807587e-03
4.881008528172969818e-03
4.986810497939586639e-03
5.387660115957260132e-03
5.026608705520629883e-03
4.895335994660854340e-03
4.926376044750213623e-03
5.022105295211076736e-03
5.064771510660648346e-03
5.134960170835256577e-03
5.335433408617973328e-03
5.125850904732942581e-03
4.990788642317056656e-03
5.085109733045101166e-03
5.009171552956104279e-03
4.913960117846727371e-03
4.902052227407693863e-03
4.944258835166692734e-03
5.107258446514606476e-03
5.029029212892055511e-03
5.150754004716873169e-03
4.909888375550508499e-03
5.074187181890010834e-03
5.125785246491432190e-03
4.980487748980522156e-03
4.893345758318901062e-03
5.027285311371088028e-03
5.119314417243003845e-03
4.917916841804981232e-03
5.011138506233692169e-03
5.103669594973325729e-03
5.008352920413017273e-03
5.167254246771335602e-03
5.198045168071985245e-03
5.075235851109027863e-03
5.086314398795366287e-03
4.975611343979835510e-03
5.011621862649917603e-03
5.069158039987087250e-03
4.835986997932195663e-03
4.880400374531745911e-03
5.180469248443841934e-03
5.117904860526323318e-03
5.018352996557950974e-03
5.086877383291721344e-03
4.932700190693140030e-03
5.030552856624126434e-03
4.955812823027372360e-03
4.929656162858009338e-03
5.019432399421930313e-03
4.947824403643608093e-03
5.030723288655281067e-03
5.075685679912567139e-03
4.964386112987995148e-03
4.982226993888616562e-03
4.884026013314723969e-03
4.903501365333795547e-03
4.887192975729703903e-03
5.026316735893487930e-03
4.944423679262399673e-03
5.031752865761518478e-03
4.972973372787237167e-03
5.092647392302751541e-03
5.183779634535312653e-03
5.032848101109266281e-03
5.023634061217308044e-03
4.913679324090480804e-03
4.977561533451080322e-03
4.972986411303281784e-03
4.912802018225193024e-03
5.000791512429714203e-03
5.150048993527889252e-03
5.025549791753292084e-03
4.924129229038953781e-03
4.902946762740612030e-03
5.003968719393014908e-03
5.085086915642023087e-03
4.993555136024951935e-03
5.056015681475400925e-03
4.903007764369249344e-03
4.867184907197952271e-03
4.946442786604166031e-03
4.900212399661540985e-03
4.949257709085941315e-03
5.037223454564809799e-03
5.072534549981355667e-03
4.994866438210010529e-03
5.114474799484014511e-03
5.177803337574005127e-03
5.300426855683326721e-03
5.052558146417140961e-03
5.017037037760019302e-03
4.941145889461040497e-03
5.124561488628387451e-03
4.939791280776262283e-03
4.916457459330558777e-03
5.091091152280569077e-03
5.022551398724317551e-03
4.857028834521770477e-03
5.077808629721403122e-03
5.109701771289110184e-03
5.052789580076932907e-03
4.979223944246768951e-03
5.105172749608755112e-03
5.027829669415950775e-03
5.003437865525484085e-03
5.216537043452262878e-03
5.248201079666614532e-03
4.967567510902881622e-03
4.853731021285057068e-03
4.888405557721853256e-03
4.905463196337223053e-03
5.217301193624734879e-03
5.112201906740665436e-03
4.933688323944807053e-03
5.162114277482032776e-03
5.049005150794982910e-03
5.055635236203670502e-03
4.988471977412700653e-03
5.167547147721052170e-03
4.939218517392873764e-03
4.896036814898252487e-03
5.149199161678552628e-03
4.983750171959400177e-03
5.026149563491344452e-03
4.913460928946733475e-03
4.935744218528270721e-03
4.870347678661346436e-03
4.936149809509515762e-03
4.933601245284080505e-03
5.143036600202322006e-03
4.934584721922874451e-03
5.132919643074274063e-03
4.912964068353176117e-03
4.958927165716886520e-03
4.980624653398990631e-03
5.044800695031881332e-03
4.970392677932977676e-03
4.995140247046947479e-03
5.239864345639944077e-03
5.005603656172752380e-03
4.936546552926301956e-03
4.891912918537855148e-03
4.949133843183517456e-03
4.924588836729526520e-03
5.364439450204372406e-03
5.049395840615034103e-03
4.954217467457056046e-03
4.948630463331937790e-03
5.000957287847995758e-03
4.869706928730010986e-03
4.993896000087261200e-03
5.143269430845975876e-03
5.045987199991941452e-03
4.983070306479930878e-03
5.124180112034082413e-03
5.107213743031024933e-03
5.091692321002483368e-03
5.109615158289670944e-03
4.933608695864677429e-03
4.927437286823987961e-03
5.034728907048702240e-03
4.864015616476535797e-03
4.998377058655023575e-03
4.889699164777994156e-03
5.170695018023252487e-03
5.221729632467031479e-03
5.000747274607419968e-03
4.898884799331426620e-03
5.082001909613609314e-03
5.174850579351186752e-03
5.180435720831155777e-03
5.018414463847875595e-03
4.915367811918258667e-03
4.928817041218280792e-03
4.937895108014345169e-03
4.970454145222902298e-03
4.914217162877321243e-03
5.040070973336696625e-03
5.072882864624261856e-03
4.901059437543153763e-03
5.048753228038549423e-03
5.040406715124845505e-03
4.945601336658000946e-03
4.952880553901195526e-03
4.905106499791145325e-03
4.904494155198335648e-03
5.086574237793684006e-03
4.983962979167699814e-03
5.036732181906700134e-03
5.185613408684730530e-03
4.852782469242811203e-03
4.898282233625650406e-03
5.006426014006137848e-03
4.896994680166244507e-03
4.892881959676742554e-03
4.984704777598381042e-03
5.039874464273452759e-03
5.051939282566308975e-03
5.001990124583244324e-03
4.927882924675941467e-03
5.089852027595043182e-03
4.964054562151432037e-03
5.120372399687767029e-03
5.239561200141906738e-03
5.210820585489273071e-03
5.133750848472118378e-03
5.093564745038747787e-03
4.916463978588581085e-03
4.969675559550523758e-03
4.931875970214605331e-03
5.053040571510791779e-03
5.228506866842508316e-03
5.104801617562770844e-03
4.895969759672880173e-03
4.990169312804937363e-03
5.146820098161697388e-03
5.001034121960401535e-03
4.844932816922664642e-03
4.866428207606077194e-03
4.975199699401855469e-03
4.931608680635690689e-03
4.910252522677183151e-03
5.056701134890317917e-03
5.015922244638204575e-03
4.925347864627838135e-03
4.985804669559001923e-03
5.020656622946262360e-03
4.928824491798877716e-03
4.913480952382087708e-03
4.977747797966003418e-03
5.024286918342113495e-03
5.042802076786756516e-03
4.930190742015838623e-03
5.268780980259180069e-03
4.871708340942859650e-03
5.234527401626110077e-03
5.078711546957492828e-03
5.001147277653217316e-03
5.080042406916618347e-03
4.900809377431869507e-03
5.106008145958185196e-03
5.076898261904716492e-03
5.012813024222850800e-03
5.272540729492902756e-03
5.086316261440515518e-03
5.014055408537387848e-03
4.885450936853885651e-03
4.931846633553504944e-03
5.001220852136611938e-03
4.881337285041809082e-03
4.927465226501226425e-03
4.948986694216728210e-03
4.872633144259452820e-03
5.016085691750049591e-03
4.956841468811035156e-03
4.973133094608783722e-03
4.953737370669841766e-03
5.141731817275285721e-03
5.090969149023294449e-03
4.954435862600803375e-03
4.891969263553619385e-03
4.959352780133485794e-03
4.894721787422895432e-03
4.985026083886623383e-03
4.909122362732887268e-03
4.982521291822195053e-03
4.925084766000509262e-03
4.848228301852941513e-03
5.057878326624631882e-03
4.912294447422027588e-03
4.899232648313045502e-03
5.219735670834779739e-03
5.043571814894676208e-03
4.993597511202096939e-03
4.979990888386964798e-03
5.115647334605455399e-03
4.960508551448583603e-03
4.846463911235332489e-03
5.190947093069553375e-03
5.201791413128376007e-03
5.066059064120054245e-03
4.859163425862789154e-03
4.934774711728096008e-03
4.881510976701974869e-03
4.906789399683475494e-03
5.163340829312801361e-03
4.843319766223430634e-03
4.945804830640554428e-03
4.958950448781251907e-03
5.042554344981908798e-03
5.091570783406496048e-03
4.924199543893337250e-03
4.914736840873956680e-03
4.984157159924507141e-03
4.958992358297109604e-03
4.928682930767536163e-03
4.872022662311792374e-03
5.137186497449874878e-03
4.940501414239406586e-03
4.950739443302154541e-03
5.229418631643056870e-03
4.985881969332695007e-03
5.436961539089679718e-03
5.100089590996503830e-03
4.864848218858242035e-03
5.000304430723190308e-03
4.910619929432868958e-03
5.237971898168325424e-03
4.969882313162088394e-03
4.955955315381288528e-03
5.076175089925527573e-03
4.885834176093339920e-03
4.921762738376855850e-03
5.017150659114122391e-03
5.027781706303358078e-03
4.997579380869865417e-03
5.379087757319211960e-03
4.917459096759557724e-03
5.141307134181261063e-03
4.857527557760477066e-03
5.072115454822778702e-03
5.051961168646812439e-03
4.937169142067432404e-03
4.852066282182931900e-03
4.967419430613517761e-03
4.919735714793205261e-03
4.994288086891174316e-03
4.872867371886968613e-03
4.857895895838737488e-03
4.929027054458856583e-03
4.880324006080627441e-03
4.916581790894269943e-03
5.023058969527482986e-03
5.067019257694482803e-03
5.189497489482164383e-03
4.832195583730936050e-03
5.053614731878042221e-03
5.132913589477539062e-03
5.027214065194129944e-03
4.866379313170909882e-03
4.884367808699607849e-03
5.016312003135681152e-03
5.313040688633918762e-03
5.020751152187585831e-03
5.124963354319334030e-03
4.834192339330911636e-03
5.180873442441225052e-03
5.007219035178422928e-03
4.965350963175296783e-03
4.911533556878566742e-03
5.219956394284963608e-03
4.888711031526327133e-03
4.870875738561153412e-03
4.945776890963315964e-03
4.881852772086858749e-03
4.917606245726346970e-03
4.895495250821113586e-03
4.885523580014705658e-03
4.955394193530082703e-03
5.130097735673189163e-03
4.978979006409645081e-03
5.094951484352350235e-03
4.888723604381084442e-03
5.001663230359554291e-03
5.231967195868492126e-03
4.914003890007734299e-03
5.020619835704565048e-03
5.080569069832563400e-03
4.963604733347892761e-03
4.941794089972972870e-03
4.950334317982196808e-03
5.138759035617113113e-03
4.916709382086992264e-03
5.146061070263385773e-03
4.861253313720226288e-03
4.975341260433197021e-03
5.007100291550159454e-03
4.927434958517551422e-03
5.101756192743778229e-03
4.901010543107986450e-03
4.925085231661796570e-03
5.002032499760389328e-03
5.088259465992450714e-03
4.900157451629638672e-03
5.262661725282669067e-03
4.898427519947290421e-03
4.989394918084144592e-03
4.958946723490953445e-03
4.895683377981185913e-03
4.914770368486642838e-03
5.212527699768543243e-03
5.027010571211576462e-03
5.082164425402879715e-03
4.886013921350240707e-03
5.089303478598594666e-03
5.008186679333448410e-03
4.864118061959743500e-03
4.885823931545019150e-03
4.916527308523654938e-03
5.202901083976030350e-03
4.919249564409255981e-03
4.994061775505542755e-03
5.054503679275512695e-03
5.112944170832633972e-03
5.000376142561435699e-03
4.868546035140752792e-03
5.118329543620347977e-03
4.984930623322725296e-03
5.001627840101718903e-03
5.048715975135564804e-03
4.943481180816888809e-03
4.868724849075078964e-03
5.045447032898664474e-03
5.038187373429536819e-03
4.984299652278423309e-03
5.105209536850452423e-03
4.921162500977516174e-03
4.974280484020709991e-03
5.030132364481687546e-03
4.860937129706144333e-03
5.102045368403196335e-03
4.902522545307874680e-03
5.134963896125555038e-03
4.936069715768098831e-03
4.982320591807365417e-03
5.072703119367361069e-03
4.929249640554189682e-03
4.919433034956455231e-03
4.962724633514881134e-03
5.145988427102565765e-03
5.170649383217096329e-03
4.997632931917905807e-03
5.116245709359645844e-03
4.870148841291666031e-03
4.993123933672904968e-03
4.875069484114646912e-03
4.925678484141826630e-03
5.121303722262382507e-03
5.321012809872627258e-03
5.087728612124919891e-03
4.961248952895402908e-03
4.969898611307144165e-03
5.155996419489383698e-03
5.126496776938438416e-03
4.943654872477054596e-03
4.972259979695081711e-03
5.062710493803024292e-03
4.854004830121994019e-03
4.896097816526889801e-03
4.892581608146429062e-03
4.843104165047407150e-03
4.849668126553297043e-03
5.052881315350532532e-03
4.972632508724927902e-03
4.869664553552865982e-03
4.960870835930109024e-03
5.021240562200546265e-03
4.920346196740865707e-03
5.083800293505191803e-03
4.915451630949974060e-03
4.932530224323272705e-03
5.115353967994451523e-03
4.844537936151027679e-03
4.845984280109405518e-03
4.992853850126266479e-03
5.157073028385639191e-03
4.909366834908723831e-03
5.182906985282897949e-03
4.841337911784648895e-03
4.977759439498186111e-03
4.944689106196165085e-03
5.172792822122573853e-03
5.012333393096923828e-03
5.023873876780271530e-03
4.958641249686479568e-03
4.926594439893960953e-03
4.887537565082311630e-03
4.895857535302639008e-03
4.919477738440036774e-03
5.069510545581579208e-03
4.988270811736583710e-03
5.462836939841508865e-03
4.835227970033884048e-03
4.909656476229429245e-03
4.839623812586069107e-03
4.938476718962192535e-03
4.951449111104011536e-03
4.887588787823915482e-03
5.076711997389793396e-03
5.048513878136873245e-03
4.859560634940862656e-03
5.073797423392534256e-03
5.121634807437658310e-03
4.870401229709386826e-03
4.974993877112865448e-03
5.337944254279136658e-03
4.997344687581062317e-03
5.046137142926454544e-03
4.853964783251285553e-03
4.971392918378114700e-03
4.964614287018775940e-03
4.937501158565282822e-03
4.878373816609382629e-03
5.030667874962091446e-03
5.117950960993766785e-03
4.939701408147811890e-03
4.999153316020965576e-03
5.070763640105724335e-03
5.077915266156196594e-03
5.051350686699151993e-03
4.936911165714263916e-03
4.972473252564668655e-03
5.018895491957664490e-03
5.028852261602878571e-03
4.852150101214647293e-03
4.868299700319766998e-03
4.992186557501554489e-03
4.887283779680728912e-03
4.939532838761806488e-03
5.110624711960554123e-03
4.881050903350114822e-03
5.021485500037670135e-03
5.367648787796497345e-03
5.092385224997997284e-03
4.856783896684646606e-03
5.049188155680894852e-03
4.872258286923170090e-03
4.835160449147224426e-03
4.990464542061090469e-03
5.061001516878604889e-03
5.012739915400743484e-03
5.319111980497837067e-03
5.038427654653787613e-03
4.919701721519231796e-03
4.984050057828426361e-03
4.875227343291044235e-03
5.041038617491722107e-03
4.971745889633893967e-03
4.895963240414857864e-03
4.992200993001461029e-03
4.989132750779390335e-03
4.888737574219703674e-03
4.906981717795133591e-03
5.128833930939435959e-03
5.123008973896503448e-03
5.055921617895364761e-03
4.920980893075466156e-03
4.907579626888036728e-03
5.277158226817846298e-03
5.425784736871719360e-03
5.033109802752733231e-03
4.903443623334169388e-03
4.949484486132860184e-03
4.980929195880889893e-03
5.011306609958410263e-03
4.875766579061746597e-03
4.927820991724729538e-03
4.904923029243946075e-03
5.003816913813352585e-03
4.870184697210788727e-03
5.119657143950462341e-03
4.941701889038085938e-03
4.976174328476190567e-03
4.904849920421838760e-03
5.064261611551046371e-03
4.949752241373062134e-03
4.988531582057476044e-03
5.391851067543029785e-03
4.888075869530439377e-03
5.013435147702693939e-03
4.859645850956439972e-03
5.102941300719976425e-03
5.172054748982191086e-03
4.857900552451610565e-03
5.204182583838701248e-03
4.855647683143615723e-03
5.047808401286602020e-03
4.935936536639928818e-03
4.912526346743106842e-03
5.052948370575904846e-03
4.867556504905223846e-03
4.917767364531755447e-03
4.841766320168972015e-03
4.907781258225440979e-03
4.898748360574245453e-03
4.970600362867116928e-03
5.105347838252782822e-03
5.074945744127035141e-03
5.035424605011940002e-03
5.076175555586814880e-03
4.998522344976663589e-03
5.088924895972013474e-03
4.972079768776893616e-03
5.134300328791141510e-03
4.970427136868238449e-03
5.148759577423334122e-03
4.837024491280317307e-03
4.860162269324064255e-03
5.034411326050758362e-03
5.544183310121297836e-03
5.032400600612163544e-03
5.163411144167184830e-03
5.170820280909538269e-03
4.864105489104986191e-03
5.062256008386611938e-03
5.054309964179992676e-03
5.217530298978090286e-03
5.013006273657083511e-03
4.932403098791837692e-03
5.385357886552810669e-03
4.868771415203809738e-03
4.910600371658802032e-03
4.976676311343908310e-03
5.020350683480501175e-03
4.968837834894657135e-03
4.923859611153602600e-03
4.811938386410474777e-03
4.966869484633207321e-03
4.892652854323387146e-03
4.923249594867229462e-03
5.062863230705261230e-03
4.949410445988178253e-03
5.049098748713731766e-03
4.919146653264760971e-03
4.902373068034648895e-03
4.836618434637784958e-03
5.003527738153934479e-03
5.314056295901536942e-03
4.969009663909673691e-03
4.938321653753519058e-03
5.127592477947473526e-03
4.979248624294996262e-03
4.972479306161403656e-03
4.972518421709537506e-03
4.882027395069599152e-03
5.049619823694229126e-03
4.869543481618165970e-03
4.825983662158250809e-03
5.006071180105209351e-03
4.828792531043291092e-03
4.958768375217914581e-03
5.098291672766208649e-03
5.023349076509475708e-03
4.901736043393611908e-03
4.889424424618482590e-03
4.868395160883665085e-03
5.131835117936134338e-03
4.986890126019716263e-03
4.951170645654201508e-03
4.963637329638004303e-03
5.057187750935554504e-03
5.205397028475999832e-03
5.051666405051946640e-03
5.113209597766399384e-03
4.958425648510456085e-03
4.882173147052526474e-03
5.192653276026248932e-03
4.907397553324699402e-03
4.945056512951850891e-03
4.983138293027877808e-03
4.922618158161640167e-03
4.942612256854772568e-03
4.886289127171039581e-03
4.911231808364391327e-03
4.926576279103755951e-03
4.941565450280904770e-03
4.920339211821556091e-03
4.939151927828788757e-03
4.980028606951236725e-03
4.872227087616920471e-03
4.987687803804874420e-03
5.450155120342969894e-03
4.914272576570510864e-03
4.903933033347129822e-03
4.916294477880001068e-03
4.903240595012903214e-03
5.086811725050210953e-03
4.856316838413476944e-03
4.904280416667461395e-03
4.974572919309139252e-03
4.958818200975656509e-03
4.841754678636789322e-03
5.276584997773170471e-03
5.325511563569307327e-03
5.435020197182893753e-03
4.994419403374195099e-03
4.854927305132150650e-03
4.887993913143873215e-03
4.974043928086757660e-03
4.908269736915826797e-03
4.952160641551017761e-03
5.269450601190328598e-03
5.055619403719902039e-03
4.939075559377670288e-03
4.838938824832439423e-03
4.887996241450309753e-03
4.817161709070205688e-03
4.870134871453046799e-03
4.878808744251728058e-03
4.860153421759605408e-03
4.985977895557880402e-03
4.822990391403436661e-03
4.883158951997756958e-03
4.930069670081138611e-03
5.024435929954051971e-03
5.010218359529972076e-03
4.896023776382207870e-03
5.002768244594335556e-03
4.849684890359640121e-03
5.121403373777866364e-03
4.928578156977891922e-03
5.090883467346429825e-03
4.959963262081146240e-03
4.894579760730266571e-03
4.911006893962621689e-03
4.850330762565135956e-03
5.076193716377019882e-03
4.952257964760065079e-03
5.122743546962738037e-03
5.055193323642015457e-03
4.962300881743431091e-03
4.877180326730012894e-03
5.218998994678258896e-03
4.949189722537994385e-03
4.844783339649438858e-03
4.906428977847099304e-03
4.968882538378238678e-03
4.954730626195669174e-03
4.916415549814701080e-03
4.995116032660007477e-03
4.912481643259525299e-03
5.129183176904916763e-03
4.947578068822622299e-03
4.874639678746461868e-03
4.907570779323577881e-03
4.973417613655328751e-03
5.038023926317691803e-03
4.880954511463642120e-03
4.884623922407627106e-03
5.019058473408222198e-03
5.638175643980503082e-03
5.299364216625690460e-03
4.871374927461147308e-03
4.894960206001996994e-03
4.898446146398782730e-03
4.955966491252183914e-03
4.867622163146734238e-03
5.286261439323425293e-03
5.010392051190137863e-03
5.011961795389652252e-03
4.863843321800231934e-03
4.909417591989040375e-03
4.993155132979154587e-03
4.835645202547311783e-03
4.889092873781919479e-03
4.946511238813400269e-03
4.941544495522975922e-03
4.884471185505390167e-03
4.965019878000020981e-03
4.977040458470582962e-03
4.853476304560899734e-03
4.973696079105138779e-03
5.221629980951547623e-03
4.855361767113208771e-03
4.963736515492200851e-03
4.932780284434556961e-03
4.855624865740537643e-03
4.921170417219400406e-03
5.306163802742958069e-03
5.085882730782032013e-03
5.137760192155838013e-03
4.967595916241407394e-03
5.000663921236991882e-03
5.082563031464815140e-03
4.818216431885957718e-03
4.902650602161884308e-03
4.984649829566478729e-03
5.196800921112298965e-03
4.927041009068489075e-03
4.930127412080764771e-03
4.922595340758562088e-03
4.910508636385202408e-03
5.027850158512592316e-03
4.852390382438898087e-03
5.102382041513919830e-03
4.988287109881639481e-03
4.983401857316493988e-03
5.280136130750179291e-03
5.030389409512281418e-03
4.900910425931215286e-03
4.933702759444713593e-03
4.935848526656627655e-03
4.940640646964311600e-03
4.883263260126113892e-03
4.940937738865613937e-03
4.915966186672449112e-03
4.987364169210195541e-03
4.907585214823484421e-03
4.924271255731582642e-03
4.982415121048688889e-03
4.896507598459720612e-03
5.159883294254541397e-03
5.074717104434967041e-03
4.909056704491376877e-03
5.126892123371362686e-03
4.852851852774620056e-03
4.908058326691389084e-03
4.972545895725488663e-03
4.849055781960487366e-03
5.071073304861783981e-03
4.984847735613584518e-03
4.947151523083448410e-03
4.924050997942686081e-03
5.025886930525302887e-03
5.072034429758787155e-03
5.030204076319932938e-03
5.193213932216167450e-03
4.852953366935253143e-03
4.878753796219825745e-03
4.883386194705963135e-03
4.925924818962812424e-03
4.984105471521615982e-03
4.867363255470991135e-03
5.060654599219560623e-03
4.824203439056873322e-03
5.039187613874673843e-03
4.962415434420108795e-03
5.076486617326736450e-03
5.052204243838787079e-03
4.944195970892906189e-03
4.835571162402629852e-03
5.014766938984394073e-03
4.935499280691146851e-03
4.884453024715185165e-03
4.931917879730463028e-03
5.060368217527866364e-03
4.989897832274436951e-03
4.894777201116085052e-03
4.914166871458292007e-03
5.130852572619915009e-03
4.915659781545400620e-03
4.816298373043537140e-03
4.881783388555049896e-03
5.165741778910160065e-03
4.945748485624790192e-03
4.888155963271856308e-03
4.893102217465639114e-03
5.015523172914981842e-03
4.911468829959630966e-03
4.990431014448404312e-03
4.950535483658313751e-03
4.955225158482789993e-03
4.885610658675432205e-03
5.125737283378839493e-03
5.015627946704626083e-03
4.872236400842666626e-03
4.899072460830211639e-03
4.898223094642162323e-03
5.324031691998243332e-03
4.979758523404598236e-03
4.940649494528770447e-03
4.891953896731138229e-03
5.222438368946313858e-03
5.081439856439828873e-03
4.971481394022703171e-03
4.894318524748086929e-03
4.909629467874765396e-03
4.872466437518596649e-03
5.043010693043470383e-03
4.966729320585727692e-03
4.873973317444324493e-03
4.980952013283967972e-03
5.000158678740262985e-03
4.895944613963365555e-03
4.885469097644090652e-03
4.871271084994077682e-03
4.877679049968719482e-03
5.015200935304164886e-03
5.013252608478069305e-03
4.927477333694696426e-03
4.896575119346380234e-03
4.914192948490381241e-03
4.839792381972074509e-03
5.010845139622688293e-03
4.896007012575864792e-03
4.866419825702905655e-03
4.891587421298027039e-03
4.909768700599670410e-03
4.900550469756126404e-03
4.893897566944360733e-03
4.995856899768114090e-03
4.953030496835708618e-03
5.025414284318685532e-03
5.055852700024843216e-03
5.161961074918508530e-03
5.067130085080862045e-03
5.055826157331466675e-03
4.948545712977647781e-03
4.900404252111911774e-03
4.871611017733812332e-03
4.885087255388498306e-03
4.923443309962749481e-03
4.893146920949220657e-03
5.142284557223320007e-03
5.399337969720363617e-03
5.473592318594455719e-03
4.971155896782875061e-03
5.068517290055751801e-03
5.222863983362913132e-03
4.963167943060398102e-03
5.156386177986860275e-03
4.918754100799560547e-03
4.822821356356143951e-03
4.883293062448501587e-03
4.966982640326023102e-03
4.894207697361707687e-03
4.880343563854694366e-03
4.923988133668899536e-03
4.954954143613576889e-03
4.931684583425521851e-03
4.867754876613616943e-03
4.856625106185674667e-03
4.843296017497777939e-03
5.125189665704965591e-03
5.229939706623554230e-03
4.870924632996320724e-03
5.099722184240818024e-03
5.167121998965740204e-03
4.931581206619739532e-03
4.943259526044130325e-03
4.980918485671281815e-03
5.129148252308368683e-03
5.132308695465326309e-03
4.807035438716411591e-03
4.941763821989297867e-03
4.923128522932529449e-03
4.882522858679294586e-03
4.961468745023012161e-03
5.114868283271789551e-03
5.107623990625143051e-03
4.930280148983001709e-03
4.889964591711759567e-03
4.897440783679485321e-03
4.825069103389978409e-03
4.868113901466131210e-03
5.046442616730928421e-03
5.009906366467475891e-03
4.877656698226928711e-03
4.955817479640245438e-03
5.086267367005348206e-03
5.075068213045597076e-03
4.818120505660772324e-03
4.980085417628288269e-03
5.324151832610368729e-03
5.328830331563949585e-03
4.907159600406885147e-03
4.942909814417362213e-03
5.029748659580945969e-03
4.838123917579650879e-03
4.915129393339157104e-03
4.851464647799730301e-03
5.137441214174032211e-03
5.015177186578512192e-03
4.869344178587198257e-03
4.877390805631875992e-03
5.049339495599269867e-03
5.073244217783212662e-03
4.994118120521306992e-03
5.213580094277858734e-03
5.041286349296569824e-03
4.917248152196407318e-03
4.890504293143749237e-03
5.208173301070928574e-03
4.987519234418869019e-03
4.979170393198728561e-03
5.003237165510654449e-03
4.896268714219331741e-03
4.899756982922554016e-03
4.966808017343282700e-03
4.844415001571178436e-03
5.119000561535358429e-03
5.164482630789279938e-03
5.028202664107084274e-03
4.882714711129665375e-03
4.892645869404077530e-03
5.121581722050905228e-03
4.907353315502405167e-03
4.962101113051176071e-03
4.853955935686826706e-03
4.983401857316493988e-03
4.923918284475803375e-03
4.978843964636325836e-03
5.073634907603263855e-03
4.824933130294084549e-03
5.013576708734035492e-03
4.906401969492435455e-03
4.843162372708320618e-03
4.878424573689699173e-03
4.991106223315000534e-03
4.844548180699348450e-03
4.913088865578174591e-03
4.999116994440555573e-03
4.919669590890407562e-03
4.890649579465389252e-03
4.898001439869403839e-03
4.994574468582868576e-03
4.958163946866989136e-03
5.027887411415576935e-03
4.888982046395540237e-03
4.824764095246791840e-03
4.869317170232534409e-03
4.884362220764160156e-03
4.956428892910480499e-03
4.986333660781383514e-03
4.913901444524526596e-03
4.877747967839241028e-03
4.924302455037832260e-03
4.842906724661588669e-03
4.912464879453182220e-03
4.858989268541336060e-03
5.158484913408756256e-03
4.952893592417240143e-03
5.008031148463487625e-03
4.976117983460426331e-03
4.877672065049409866e-03
4.905338864773511887e-03
4.794614389538764954e-03
4.813079722225666046e-03
5.029540043324232101e-03
4.907180089503526688e-03
4.958294332027435303e-03
4.873996600508689880e-03
5.108464974910020828e-03
4.877394530922174454e-03
4.918794147670269012e-03
4.940378945320844650e-03
5.079160444438457489e-03
4.860239103436470032e-03
4.838929045945405960e-03
4.918183665722608566e-03
5.072018131613731384e-03
5.096791312098503113e-03
5.408763885498046875e-03
4.825234413146972656e-03
4.933043383061885834e-03
4.897201433777809143e-03
5.360417068004608154e-03
4.823086783289909363e-03
4.862974863499403000e-03
4.953526891767978668e-03
4.889094270765781403e-03
4.987689666450023651e-03
4.841196816414594650e-03
4.829129204154014587e-03
4.916967358440160751e-03
4.923271015286445618e-03
4.976046271622180939e-03
4.923408851027488708e-03
4.893485456705093384e-03
4.855934530496597290e-03
4.989974666386842728e-03
4.990762099623680115e-03
5.125789437443017960e-03
4.969207569956779480e-03
5.061339586973190308e-03
4.861149005591869354e-03
4.919403232634067535e-03
4.915926139801740646e-03
4.887360148131847382e-03
4.967754241079092026e-03
5.021486897021532059e-03
5.027980543673038483e-03
5.000365432351827621e-03
4.983658902347087860e-03
4.901447799056768417e-03
4.802417941391468048e-03
4.974824376404285431e-03
4.854631144553422928e-03
5.082614719867706299e-03
4.973215516656637192e-03
4.870564211159944534e-03
5.205488298088312149e-03
4.803443327546119690e-03
4.888435825705528259e-03
4.871640820056200027e-03
4.982850048691034317e-03
4.862834699451923370e-03
4.952685907483100891e-03
4.938084166496992111e-03
4.812021739780902863e-03
5.082398187369108200e-03
4.876396153122186661e-03
4.897207487374544144e-03
4.960989579558372498e-03
4.883605521172285080e-03
4.872841294854879379e-03
4.967414308339357376e-03
5.045242607593536377e-03
4.860703833401203156e-03
5.172631703317165375e-03
4.932690411806106567e-03
4.827988334000110626e-03
5.053054541349411011e-03
5.111475009471178055e-03
4.875765647739171982e-03
4.815564025193452835e-03
4.907457157969474792e-03
4.789891187101602554e-03
5.206634290516376495e-03
4.889130126684904099e-03
5.159523803740739822e-03
5.017029121518135071e-03
5.047697573900222778e-03
4.959153477102518082e-03
5.013244226574897766e-03
5.018062889575958252e-03
4.952309187501668930e-03
4.888388793915510178e-03
4.836328327655792236e-03
5.000803153961896896e-03
4.916407167911529541e-03
4.892133641988039017e-03
5.174315534532070160e-03
5.223410204052925110e-03
4.821470938622951508e-03
4.826365970075130463e-03
4.876513965427875519e-03
4.919684492051601410e-03
4.966460168361663818e-03
5.046791862696409225e-03
5.040244199335575104e-03
4.895060788840055466e-03
4.885890986770391464e-03
4.845013376325368881e-03
5.006723105907440186e-03
5.187818780541419983e-03
4.861847497522830963e-03
5.135562736541032791e-03
4.922821186482906342e-03
5.050316918641328812e-03
5.206984467804431915e-03
4.971588496118783951e-03
5.081465933471918106e-03
4.986387677490711212e-03
4.845396149903535843e-03
5.192392971366643906e-03
4.947490990161895752e-03
4.965362139046192169e-03
4.916654434055089951e-03
5.069242324680089951e-03
4.907349590212106705e-03
4.867579787969589233e-03
4.931362811475992203e-03
4.950289148837327957e-03
4.945979453623294830e-03
4.897781182080507278e-03
4.976428579539060593e-03
5.108573473989963531e-03
4.853432998061180115e-03
5.042388103902339935e-03
4.887318704277276993e-03
4.996341187506914139e-03
4.969209898263216019e-03
4.955412819981575012e-03
5.023431964218616486e-03
5.127910058945417404e-03
4.822259768843650818e-03
5.004995036870241165e-03
4.914533346891403198e-03
5.069209262728691101e-03
4.815055523067712784e-03
4.966855514794588089e-03
5.374601110816001892e-03
4.909175913780927658e-03
4.893953911960124969e-03
4.969157278537750244e-03
4.865168128162622452e-03
4.880118183791637421e-03
4.829299636185169220e-03
5.023180507123470306e-03
5.140640772879123688e-03
4.806265234947204590e-03
4.875198472291231155e-03
5.225456785410642624e-03
4.915174096822738647e-03
4.910532850772142410e-03
4.883729387074708939e-03
4.980652127414941788e-03
5.017796531319618225e-03
4.786634352058172226e-03
5.036165937781333923e-03
5.171515047550201416e-03
4.954661708325147629e-03
4.897970706224441528e-03
4.851487465202808380e-03
4.949687048792839050e-03
4.855780396610498428e-03
4.819317720830440521e-03
4.814070649445056915e-03
4.978445358574390411e-03
4.860813263803720474e-03
4.917383193969726562e-03
4.937046673148870468e-03
4.917677491903305054e-03
5.006102379411458969e-03
5.009093321859836578e-03
5.098129156976938248e-03
5.135122220963239670e-03
4.923859611153602600e-03
4.811584018170833588e-03
4.934378433972597122e-03
4.929607268422842026e-03
4.799950402230024338e-03
4.953205119818449020e-03
4.938483238220214844e-03
4.938704892992973328e-03
5.057901144027709961e-03
4.953298252075910568e-03
4.980885889381170273e-03
4.905236884951591492e-03
5.037134978920221329e-03
4.966543521732091904e-03
4.819653462618589401e-03
4.845125600695610046e-03
5.049183499068021774e-03
5.029201973229646683e-03
4.884989466518163681e-03
5.367546342313289642e-03
4.957125987857580185e-03
4.997564014047384262e-03
4.906297661364078522e-03
5.016856826841831207e-03
4.818092100322246552e-03
4.856450017541646957e-03
4.822154995054006577e-03
4.912732634693384171e-03
5.021319258958101273e-03
4.961071535944938660e-03
4.839017987251281738e-03
5.053004715591669083e-03
4.902967251837253571e-03
5.040023010224103928e-03
4.920659586787223816e-03
5.084299482405185699e-03
4.900100175291299820e-03
4.868911113590002060e-03
4.871070850640535355e-03
4.857396241277456284e-03
4.835607018321752548e-03
4.967398941516876221e-03
5.247422493994235992e-03
4.890266805887222290e-03
5.152278114110231400e-03
4.860209766775369644e-03
4.921501968055963516e-03
4.842130932956933975e-03
4.880495835095643997e-03
4.873697645962238312e-03
5.267205182462930679e-03
4.919019993394613266e-03
4.939835052937269211e-03
4.879836458712816238e-03
4.965064581483602524e-03
4.963814746588468552e-03
4.995695315301418304e-03
4.892743658274412155e-03
5.046371836215257645e-03
5.202190019190311432e-03
4.868309944868087769e-03
4.941702820360660553e-03
4.852399695664644241e-03
4.808173049241304398e-03
4.948378540575504303e-03
5.013584159314632416e-03
4.935027565807104111e-03
4.978639073669910431e-03
4.865234252065420151e-03
4.859587177634239197e-03
4.923451226204633713e-03
4.886878654360771179e-03
5.011191591620445251e-03
5.253439769148826599e-03
4.961581435054540634e-03
5.166089627891778946e-03
5.107205826789140701e-03
4.860166925936937332e-03
4.886157810688018799e-03
4.851731006056070328e-03
5.042046308517456055e-03
4.846373572945594788e-03
4.983421415090560913e-03
4.807356745004653931e-03
4.946026019752025604e-03
4.907965194433927536e-03
5.006600171327590942e-03
4.895081743597984314e-03
4.942097235471010208e-03
4.943843930959701538e-03
5.036106333136558533e-03
4.941290710121393204e-03
4.961554892361164093e-03
4.914112854748964310e-03
4.804644733667373657e-03
4.908790811896324158e-03
5.179005675017833710e-03
4.831641446799039841e-03
4.867515992373228073e-03
5.163602996617555618e-03
4.942816216498613358e-03
4.915315657854080200e-03
4.836848936975002289e-03
5.001816432923078537e-03
4.884161986410617828e-03
5.036899354308843613e-03
4.972772207111120224e-03
5.070068873465061188e-03
4.815024323761463165e-03
4.876325838267803192e-03
4.851369652897119522e-03
5.078654736280441284e-03
4.903413355350494385e-03
5.091262515634298325e-03
4.932242445647716522e-03
4.958754405379295349e-03
4.918727558106184006e-03
4.874738864600658417e-03
4.949371796101331711e-03
4.968930501490831375e-03
4.898678511381149292e-03
4.923907574266195297e-03
5.088675767183303833e-03
4.993548151105642319e-03
4.843850154429674149e-03
4.891574848443269730e-03
4.929968621581792831e-03
4.905031993985176086e-03
5.006334744393825531e-03
4.895087331533432007e-03
5.074509885162115097e-03
4.854678642004728317e-03
4.934949334710836411e-03
4.875404294580221176e-03
5.027236882597208023e-03
4.846584983170032501e-03
4.989311099052429199e-03
5.140116903930902481e-03
4.823844879865646362e-03
4.836800042539834976e-03
4.865533206611871719e-03
4.917734302580356598e-03
4.964706953614950180e-03
4.840373527258634567e-03
4.859286360442638397e-03
4.993394017219543457e-03
4.791242536157369614e-03
4.872235003858804703e-03
4.820759408175945282e-03
4.969351924955844879e-03
4.807590041309595108e-03
4.837688524276018143e-03
4.924770444631576538e-03
4.888572730123996735e-03
4.925289656966924667e-03
4.921024199575185776e-03
5.004428792744874954e-03
4.862888716161251068e-03
5.128992255777120590e-03
5.066897720098495483e-03
5.150808021426200867e-03
4.796992987394332886e-03
5.027315579354763031e-03
5.448667332530021667e-03
4.957810975611209869e-03
4.830467514693737030e-03
4.918574355542659760e-03
5.122500937432050705e-03
4.979549907147884369e-03
5.214100237935781479e-03
4.942092113196849823e-03
4.956333898007869720e-03
5.035255569964647293e-03
4.938792437314987183e-03
5.247424356639385223e-03
5.342727992683649063e-03
5.389003083109855652e-03
5.181693471968173981e-03
4.818915389478206635e-03
4.932852461934089661e-03
5.100729409605264664e-03
4.911263938993215561e-03
4.837729036808013916e-03
5.153116770088672638e-03
4.855853971093893051e-03
4.846164491027593613e-03
4.929002374410629272e-03
4.783275537192821503e-03
5.065735895186662674e-03
4.823696799576282501e-03
4.959934856742620468e-03
4.843420814722776413e-03
4.957572557032108307e-03
4.798659123480319977e-03
4.957818426191806793e-03
4.906490445137023926e-03
4.850391764193773270e-03
5.009209737181663513e-03
4.884332418441772461e-03
4.802383482456207275e-03
4.847987089306116104e-03
5.080507136881351471e-03
4.827904514968395233e-03
4.936714656651020050e-03
4.843158647418022156e-03
5.066684912890195847e-03
4.916848614811897278e-03
4.832077771425247192e-03
4.785906989127397537e-03
5.106467753648757935e-03
4.833799321204423904e-03
5.116314627230167389e-03
4.943722859025001526e-03
4.983649123460054398e-03
4.870161879807710648e-03
5.040076561272144318e-03
4.845710005611181259e-03
5.209127441048622131e-03
4.958837293088436127e-03
4.893685691058635712e-03
5.037270952016115189e-03
4.956307820975780487e-03
4.949274938553571701e-03
5.031544249504804611e-03
5.170072428882122040e-03
4.906042478978633881e-03
5.082535091787576675e-03
4.879711195826530457e-03
4.901310894638299942e-03
4.879876505583524704e-03
5.128384567797183990e-03
4.880564287304878235e-03
4.919451661407947540e-03
4.979288205504417419e-03
4.847052972763776779e-03
4.929617047309875488e-03
4.897767677903175354e-03
4.935162141919136047e-03
4.926357418298721313e-03
4.890202078968286514e-03
4.903780296444892883e-03
4.815448075532913208e-03
4.827895667403936386e-03
4.939600825309753418e-03
4.847445990890264511e-03
4.927539732307195663e-03
4.943682812154293060e-03
4.853419959545135498e-03
4.834761377424001694e-03
4.835811909288167953e-03
4.868834745138883591e-03
4.900146275758743286e-03
4.922481253743171692e-03
5.040712654590606689e-03
5.123041104525327682e-03
5.066041368991136551e-03
4.829613957554101944e-03
4.881877452135086060e-03
5.043515469878911972e-03
4.864247981458902359e-03
5.106977652758359909e-03
4.870631732046604156e-03
5.128956865519285202e-03
5.011047236621379852e-03
4.873568657785654068e-03
5.005799233913421631e-03
5.061917472630739212e-03
4.892372991889715195e-03
4.965959116816520691e-03
4.877903033047914505e-03
5.073624663054943085e-03
5.027510691434144974e-03
5.005900748074054718e-03
4.919262137264013290e-03
4.958042874932289124e-03
4.867085255682468414e-03
5.207482259720563889e-03
5.236725788563489914e-03
5.082478746771812439e-03
4.896298050880432129e-03
5.025630816817283630e-03
4.898814950138330460e-03
4.961610306054353714e-03
5.013389512896537781e-03
4.998898599296808243e-03
4.963107407093048096e-03
4.802134353667497635e-03
4.819164983928203583e-03
4.821491427719593048e-03
5.267369560897350311e-03
5.476812366396188736e-03
5.098872818052768707e-03
4.844426643103361130e-03
4.897721111774444580e-03
5.213626660406589508e-03
4.884975962340831757e-03
4.884112160652875900e-03
4.806528799235820770e-03
4.959925077855587006e-03
4.867212846875190735e-03
5.054477136582136154e-03
4.967920947819948196e-03
4.914879798889160156e-03
5.030438303947448730e-03
4.910315852612257004e-03
4.847840871661901474e-03
4.970430862158536911e-03
5.086563993245363235e-03
5.073362495750188828e-03
5.042501725256443024e-03
5.031564738601446152e-03
5.046989768743515015e-03
4.949377849698066711e-03
4.834605846554040909e-03
4.843547940254211426e-03
4.978283774107694626e-03
4.874899983406066895e-03
5.028421059250831604e-03
4.956228658556938171e-03
5.215060897171497345e-03
4.980685189366340637e-03
4.889412783086299896e-03
5.176434759050607681e-03
5.012618843466043472e-03
4.893003962934017181e-03
4.840274341404438019e-03
4.861648660153150558e-03
4.918038845062255859e-03
4.910264629870653152e-03
4.983675200492143631e-03
4.897243343293666840e-03
4.984389059245586395e-03
4.945242311805486679e-03
4.867705050855875015e-03
5.018029827624559402e-03
5.728807765990495682e-03
5.000058095902204514e-03
4.859355278313159943e-03
4.836066160351037979e-03
4.852038342505693436e-03
4.848621319979429245e-03
4.907551687210798264e-03
4.850078374147415161e-03
4.967180080711841583e-03
5.221446976065635681e-03
4.868172574788331985e-03
5.041094496846199036e-03
4.881102126091718674e-03
4.993284586817026138e-03
4.835674073547124863e-03
4.969451576471328735e-03
5.118331871926784515e-03
4.950379021465778351e-03
4.862077999860048294e-03
4.914682358503341675e-03
4.946989007294178009e-03
4.962879698723554611e-03
4.997680429369211197e-03
5.025465041399002075e-03
4.875772632658481598e-03
4.895094782114028931e-03
5.107148084789514542e-03
4.948163870722055435e-03
4.870670847594738007e-03
4.895666614174842834e-03
4.811005201190710068e-03
4.866889212280511856e-03
4.787099082022905350e-03
4.861730616539716721e-03
4.840546753257513046e-03
4.910765215754508972e-03
4.999135620892047882e-03
4.876771010458469391e-03
4.833451472222805023e-03
4.947147797793149948e-03
4.953962285071611404e-03
5.047294776886701584e-03
4.998973105102777481e-03
4.801142029464244843e-03
5.003304686397314072e-03
5.131954792886972427e-03
5.088460631668567657e-03
5.047463346272706985e-03
4.994382150471210480e-03
5.022432189434766769e-03
4.788969177752733231e-03
4.906591493636369705e-03
4.894685465842485428e-03
5.012189038097858429e-03
4.937675781548023224e-03
4.918870050460100174e-03
5.002368241548538208e-03
5.050881300121545792e-03
4.814649000763893127e-03
4.894890356808900833e-03
5.002671387046575546e-03
4.979589954018592834e-03
4.858905449509620667e-03
4.912557546049356461e-03
4.857442807406187057e-03
4.903983790427446365e-03
5.018147174268960953e-03
4.901418462395668030e-03
4.884381778538227081e-03
4.911763127893209457e-03
4.903492517769336700e-03
4.866436123847961426e-03
4.951900336891412735e-03
4.798402544111013412e-03
4.843125585466623306e-03
4.854025784879922867e-03
4.882251843810081482e-03
4.978489596396684647e-03
4.924196749925613403e-03
4.854151047766208649e-03
4.920187406241893768e-03
4.838473629206418991e-03
5.012093577533960342e-03
4.824953153729438782e-03
4.890711978077888489e-03
4.843361210078001022e-03
4.910042509436607361e-03
4.945599474012851715e-03
5.132318008691072464e-03
4.942949861288070679e-03
5.128278397023677826e-03
4.810800310224294662e-03
5.023634526878595352e-03
4.871882498264312744e-03
4.968331661075353622e-03
4.924163687974214554e-03
4.905313253402709961e-03
4.940210375934839249e-03
4.795793909579515457e-03
4.980574361979961395e-03
4.925019107758998871e-03
4.867586772888898849e-03
5.099013447761535645e-03
5.110717844218015671e-03
5.090156104415655136e-03
5.026374477893114090e-03
4.938008729368448257e-03
5.038929637521505356e-03
4.971898160874843597e-03
4.819133784621953964e-03
4.862025380134582520e-03
4.925199318677186966e-03
5.087541416287422180e-03
4.875589627772569656e-03
5.159813910722732544e-03
4.830075893551111221e-03
4.967438522726297379e-03
4.789264872670173645e-03
4.896814469248056412e-03
4.843396600335836411e-03
5.160053260624408722e-03
5.063298624008893967e-03
4.854785744100809097e-03
4.838668741285800934e-03
4.851816222071647644e-03
4.840687848627567291e-03
4.837500397115945816e-03
4.858070053160190582e-03
4.955488722771406174e-03
5.406281910836696625e-03
4.879157524555921555e-03
5.014877300709486008e-03
5.007074680179357529e-03
4.917694255709648132e-03
4.859571810811758041e-03
4.936223849654197693e-03
4.987644962966442108e-03
4.885561764240264893e-03
4.919782280921936035e-03
4.995966795831918716e-03
4.950539208948612213e-03
5.022374913096427917e-03
4.923937842249870300e-03
5.407322663813829422e-03
4.852626007050275803e-03
5.033942405134439468e-03
4.866742528975009918e-03
5.007807631045579910e-03
5.021386314183473587e-03
5.139607936143875122e-03
5.293167196214199066e-03
4.893343895673751831e-03
4.823671188205480576e-03
4.820579662919044495e-03
4.776631016284227371e-03
4.914903081953525543e-03
5.170543678104877472e-03
5.061290692538022995e-03
5.200481507927179337e-03
4.988206550478935242e-03
4.896801430732011795e-03
5.004439502954483032e-03
4.896382801234722137e-03
5.157609470188617706e-03
4.991057328879833221e-03
4.815931431949138641e-03
5.010698921978473663e-03
4.872092511504888535e-03
4.816119559109210968e-03
4.832375794649124146e-03
5.018093157559633255e-03
4.936815239489078522e-03
5.123951006680727005e-03
4.802029579877853394e-03
4.988917149603366852e-03
4.974989220499992371e-03
4.959005396813154221e-03
4.898688290268182755e-03
4.889781586825847626e-03
4.861608613282442093e-03
4.855751059949398041e-03
5.114982835948467255e-03
5.017569754272699356e-03
4.921739920973777771e-03
4.810923244804143906e-03
4.929002840071916580e-03
4.814066924154758453e-03
4.930173978209495544e-03
5.037676077336072922e-03
4.988634958863258362e-03
4.861852154135704041e-03
4.803007468581199646e-03
4.895407240837812424e-03
4.875663202255964279e-03
4.918840248137712479e-03
4.841992631554603577e-03
5.193186923861503601e-03
4.977170377969741821e-03
4.892603028565645218e-03
4.823256283998489380e-03
4.878296051174402237e-03
4.808959085494279861e-03
4.841677378863096237e-03
4.821512382477521896e-03
4.859343636780977249e-03
4.882967565208673477e-03
5.118018481880426407e-03
5.234076175838708878e-03
4.832584876567125320e-03
4.924376495182514191e-03
5.072203930467367172e-03
4.923583939671516418e-03
4.824358969926834106e-03
4.942459519952535629e-03
5.001890938729047775e-03
4.913066513836383820e-03
5.037421826273202896e-03
4.832949955016374588e-03
4.843883216381072998e-03
4.828738979995250702e-03
4.791275132447481155e-03
5.082385614514350891e-03
4.872696939855813980e-03
4.826394841074943542e-03
5.168749485164880753e-03
5.036063492298126221e-03
4.789480939507484436e-03
4.834532737731933594e-03
4.977840464562177658e-03
4.908279981464147568e-03
5.164660047739744186e-03
5.002868361771106720e-03
5.219000391662120819e-03
4.969336558133363724e-03
5.059042479842901230e-03
4.861071705818176270e-03
4.878834821283817291e-03
4.841426387429237366e-03
5.097748711705207825e-03
4.883613903075456619e-03
4.856279119849205017e-03
4.919202998280525208e-03
5.002540536224842072e-03
5.022410769015550613e-03
4.903436172753572464e-03
4.916490055620670319e-03
4.944969899952411652e-03
5.126722157001495361e-03
5.031178705394268036e-03
5.050597246736288071e-03
5.139105021953582764e-03
4.932852461934089661e-03
4.772888030856847763e-03
4.938654135912656784e-03
4.815071355551481247e-03
4.839191678911447525e-03
4.993852227926254272e-03
4.902223590761423111e-03
5.057151895016431808e-03
4.959402605891227722e-03
5.258489400148391724e-03
5.062336102128028870e-03
5.024795420467853546e-03
4.846594296395778656e-03
5.098020192235708237e-03
4.818454850465059280e-03
4.962718114256858826e-03
5.064098164439201355e-03
4.955239593982696533e-03
4.938824567943811417e-03
4.852480255067348480e-03
5.247707478702068329e-03
4.879656713455915451e-03
4.903390537947416306e-03
4.908253904432058334e-03
5.174540448933839798e-03
4.851380363106727600e-03
4.887726157903671265e-03
4.965123254805803299e-03
4.956563469022512436e-03
4.957913886755704880e-03
4.947937093675136566e-03
4.898379091173410416e-03
5.197931081056594849e-03
4.933616612106561661e-03
4.814343992620706558e-03
4.909500479698181152e-03
5.054939538240432739e-03
4.816875793039798737e-03
4.864890594035387039e-03
4.914555232971906662e-03
5.014112684875726700e-03
5.119794514030218124e-03
4.800166934728622437e-03
4.831835161894559860e-03
4.904154688119888306e-03
4.962762817740440369e-03
4.973623901605606079e-03
5.018006078898906708e-03
5.222436040639877319e-03
4.878776613622903824e-03
4.831231199204921722e-03
4.951112903654575348e-03
4.919688217341899872e-03
4.917131736874580383e-03
4.828529898077249527e-03
4.882831126451492310e-03
4.914359655231237411e-03
4.843451548367738724e-03
4.895276390016078949e-03
4.970020614564418793e-03
4.947017412632703781e-03
4.835550207644701004e-03
4.971106071025133133e-03
4.820039495825767517e-03
4.963164683431386948e-03
5.222648847848176956e-03
5.211974028497934341e-03
4.964856430888175964e-03
5.448685958981513977e-03
4.943845327943563461e-03
5.152218043804168701e-03
5.381389986723661423e-03
5.191524513065814972e-03
4.984004423022270203e-03
5.113998427987098694e-03
4.956158343702554703e-03
4.836204927414655685e-03
4.910836461931467056e-03
4.871501587331295013e-03
4.911245312541723251e-03
4.940761253237724304e-03
4.904226865619421005e-03
4.897728096693754196e-03
5.002938210964202881e-03
5.052966531366109848e-03
4.779824987053871155e-03
5.063320044428110123e-03
4.824399016797542572e-03
4.928284324705600739e-03
4.774967674165964127e-03
4.804325755685567856e-03
4.983712919056415558e-03
4.853350576013326645e-03
5.197445396333932877e-03
5.055744200944900513e-03
4.816800355911254883e-03
4.924087319523096085e-03
4.893674980849027634e-03
4.981985315680503845e-03
4.905086476355791092e-03
5.000690463930368423e-03
4.847753327339887619e-03
4.879724234342575073e-03
5.250505637377500534e-03
4.882956389337778091e-03
5.055755376815795898e-03
4.883002489805221558e-03
4.941144026815891266e-03
4.853158257901668549e-03
4.862028174102306366e-03
4.843221046030521393e-03
4.881278611719608307e-03
4.994011484086513519e-03
4.834384657442569733e-03
4.909167066216468811e-03
4.929871764034032822e-03
4.935548640787601471e-03
5.114491563290357590e-03
4.805285017937421799e-03
4.863579291850328445e-03
4.983251448720693588e-03
5.089228041470050812e-03
5.193646531552076340e-03
4.872417077422142029e-03
5.143440328538417816e-03
4.908340517431497574e-03
5.014444701373577118e-03
4.934410564601421356e-03
5.053805653005838394e-03
4.826337564736604691e-03
4.993445705622434616e-03
5.065830890089273453e-03
4.974521696567535400e-03
5.108300130814313889e-03
4.844568204134702682e-03
4.923852626234292984e-03
4.940467886626720428e-03
5.078519694507122040e-03
5.074016284197568893e-03
5.006140563637018204e-03
4.884434398263692856e-03
4.907962400466203690e-03
4.991636611521244049e-03
5.056289024651050568e-03
4.956352058798074722e-03
4.837095737457275391e-03
4.813167732208967209e-03
4.847222473472356796e-03
4.941611085087060928e-03
4.947209730744361877e-03
4.962954204529523849e-03
5.006028804928064346e-03
4.819013178348541260e-03
4.843458533287048340e-03
5.000590812414884567e-03
4.914420191198587418e-03
4.986546002328395844e-03
4.938941448926925659e-03
5.169349256902933121e-03
5.000560544431209564e-03
4.933693446218967438e-03
4.987013060599565506e-03
4.833349026739597321e-03
4.796138033270835876e-03
4.860138520598411560e-03
4.883506335318088531e-03
4.889079369604587555e-03
4.775425419211387634e-03
4.826021846383810043e-03
5.014935508370399475e-03
4.923572763800621033e-03
5.109028425067663193e-03
4.994361661374568939e-03
4.964438732713460922e-03
5.056329537183046341e-03
4.901937209069728851e-03
5.075868684798479080e-03
5.124275572597980499e-03
4.977940581738948822e-03
4.795066080987453461e-03
4.856695886701345444e-03
4.920670762658119202e-03
4.960591904819011688e-03
5.016439594328403473e-03
4.841500427573919296e-03
4.935381468385457993e-03
5.108235869556665421e-03
4.986205138266086578e-03
4.861205350607633591e-03
4.847681149840354919e-03
4.887788090854883194e-03
4.959237761795520782e-03
4.922764841467142105e-03
5.203867796808481216e-03
4.886411130428314209e-03
4.791883286088705063e-03
4.883102606981992722e-03
4.971561022102832794e-03
5.027846898883581161e-03
4.773685708642005920e-03
4.948385059833526611e-03
4.947058390825986862e-03
5.106834229081869125e-03
4.989209119230508804e-03
4.995248280465602875e-03
4.918831866234540939e-03
4.886900540441274643e-03
4.932041279971599579e-03
4.771620035171508789e-03
4.989634267985820770e-03
5.029633175581693649e-03
4.919265862554311752e-03
4.954000934958457947e-03
4.943340085446834564e-03
4.953844007104635239e-03
4.982774145901203156e-03
5.155697930604219437e-03
5.115014966577291489e-03
4.874488338828086853e-03
4.964702297002077103e-03
4.869065247476100922e-03
4.929554648697376251e-03
4.863297566771507263e-03
4.913258831948041916e-03
4.982818383723497391e-03
5.008538253605365753e-03
4.812460858374834061e-03
4.868288990110158920e-03
4.867626354098320007e-03
4.863958805799484253e-03
4.987634718418121338e-03
4.904384259134531021e-03
4.794076085090637207e-03
4.877997562289237976e-03
5.059554241597652435e-03
4.859543405473232269e-03
4.934937693178653717e-03
4.788539838045835495e-03
4.828641656786203384e-03
4.963351413607597351e-03
4.896136466413736343e-03
4.947321023792028427e-03
4.963234066963195801e-03
4.866846371442079544e-03
4.926039371639490128e-03
4.850331228226423264e-03
5.029351450502872467e-03
4.964726977050304413e-03
4.969187080860137939e-03
4.932767711579799652e-03
4.976256750524044037e-03
5.080202128738164902e-03
4.921169020235538483e-03
4.960250575095415115e-03
4.788080696016550064e-03
5.058005452156066895e-03
5.208228249102830887e-03
5.140006076544523239e-03
4.993949085474014282e-03
4.877876024693250656e-03
4.810447804629802704e-03
4.788792692124843597e-03
4.796784836798906326e-03
4.897926934063434601e-03
4.861624911427497864e-03
4.866908304393291473e-03
4.911655560135841370e-03
4.902028944343328476e-03
4.926081746816635132e-03
5.152380093932151794e-03
4.966855049133300781e-03
4.881326109170913696e-03
5.105764139443635941e-03
4.906105343252420425e-03
4.849878605455160141e-03
4.901616834104061127e-03
4.990357439965009689e-03
4.916443489491939545e-03
4.908092319965362549e-03
4.879757761955261230e-03
4.873193334788084030e-03
5.411892663687467575e-03
5.049641244113445282e-03
4.803480580449104309e-03
4.926778376102447510e-03
5.038145929574966431e-03
4.825416952371597290e-03
5.199295002967119217e-03
5.074236541986465454e-03
4.982690326869487762e-03
4.864518065005540848e-03
4.875432699918746948e-03
4.880459979176521301e-03
4.944236949086189270e-03
4.980456549674272537e-03
4.809814505279064178e-03
4.936068318784236908e-03
4.802151117473840714e-03
4.923760890960693359e-03
4.852274432778358459e-03
4.936310928314924240e-03
4.966048523783683777e-03
4.806246142834424973e-03
4.985037725418806076e-03
4.842718131840229034e-03
4.934757482260465622e-03
4.940530285239219666e-03
4.832449834793806076e-03
4.949097055941820145e-03
4.853537306189537048e-03
4.841341637074947357e-03
4.987796302884817123e-03
4.990167915821075439e-03
4.844559356570243835e-03
4.800396505743265152e-03
4.882017150521278381e-03
4.878398030996322632e-03
4.906181711703538895e-03
4.954304080456495285e-03
4.924846347421407700e-03
5.156026687473058701e-03
4.919793922454118729e-03
4.825472831726074219e-03
4.899398889392614365e-03
4.957549273967742920e-03
5.021648947149515152e-03
4.969255067408084869e-03
4.990360699594020844e-03
4.857474472373723984e-03
4.809617530554533005e-03
4.884906113147735596e-03
4.904911853373050690e-03
4.867093171924352646e-03
5.038158968091011047e-03
5.243692081421613693e-03
5.062322597950696945e-03
4.885558038949966431e-03
4.879191517829895020e-03
5.064504221081733704e-03
5.163538269698619843e-03
4.930799826979637146e-03
4.794848617166280746e-03
4.832160659134387970e-03
4.777417518198490143e-03
5.033801775425672531e-03
4.782354459166526794e-03
4.952258896082639694e-03
4.943115636706352234e-03
4.963896702975034714e-03
4.891432821750640869e-03
4.849156364798545837e-03
4.793043714016675949e-03
4.883324727416038513e-03
4.869147669523954391e-03
4.829188343137502670e-03
4.993678536266088486e-03
4.884772934019565582e-03
4.829362966120243073e-03
4.988105967640876770e-03
4.995842929929494858e-03
4.898765124380588531e-03
4.983226303011178970e-03
5.020692478865385056e-03
4.823468159884214401e-03
4.976376425474882126e-03
4.943148698657751083e-03
4.925799556076526642e-03
4.776549059897661209e-03
4.807082936167716980e-03
4.911474417895078659e-03
4.902134183794260025e-03
5.157548002898693085e-03
5.026134196668863297e-03
5.074569955468177795e-03
4.913895856589078903e-03
4.811207763850688934e-03
4.767063073813915253e-03
4.792705178260803223e-03
4.952822346240282059e-03
4.875582642853260040e-03
5.110940895974636078e-03
4.968135152012109756e-03
5.066789686679840088e-03
5.016271024942398071e-03
4.867678042501211166e-03
4.965144675225019455e-03
4.909079987555742264e-03
4.868646617978811264e-03
5.145562347024679184e-03
4.950636997818946838e-03
4.828443750739097595e-03
5.189105402678251266e-03
5.181696731597185135e-03
4.871077369898557663e-03
5.036360118538141251e-03
4.789738915860652924e-03
4.856716841459274292e-03
4.796504974365234375e-03
4.947219043970108032e-03
4.869132768362760544e-03
4.892277996987104416e-03
4.838019609451293945e-03
5.280292592942714691e-03
4.989524371922016144e-03
4.814406856894493103e-03
4.810209851711988449e-03
4.831606056541204453e-03
4.948835819959640503e-03
4.923931788653135300e-03
4.932890646159648895e-03
4.883570130914449692e-03
4.985496867448091507e-03
4.812185652554035187e-03
4.907818976789712906e-03
4.840904846787452698e-03
4.905813373625278473e-03
5.007252562791109085e-03
4.869235679507255554e-03
4.800712224096059799e-03
4.943887703120708466e-03
4.884977359324693680e-03
4.794513341039419174e-03
4.916463047266006470e-03
4.835879430174827576e-03
4.825536161661148071e-03
4.947993438690900803e-03
4.898076411336660385e-03
4.945992026478052139e-03
5.227311048656702042e-03
4.933024290949106216e-03
4.903921857476234436e-03
5.176783539354801178e-03
4.878646228462457657e-03
4.922006279230117798e-03
4.854725208133459091e-03
4.914017859846353531e-03
4.797061905264854431e-03
4.837606567889451981e-03
4.776197485625743866e-03
4.949356894940137863e-03
4.922743886709213257e-03
4.870684351772069931e-03
5.027392413467168808e-03
5.020799580961465836e-03
5.114773288369178772e-03
4.998364020138978958e-03
5.111975595355033875e-03
4.808021709322929382e-03
4.915565252304077148e-03
4.923036321997642517e-03
5.086203105747699738e-03
5.056831985712051392e-03
5.270240362733602524e-03
4.933138843625783920e-03
4.963632673025131226e-03
5.091093946248292923e-03
4.991532769054174423e-03
5.026182159781455994e-03
5.039996933192014694e-03
4.811335355043411255e-03
4.966081585735082626e-03
5.045716650784015656e-03
4.966967739164829254e-03
4.803617484867572784e-03
4.912561737000942230e-03
4.890690557658672333e-03
4.847902804613113403e-03
4.810796119272708893e-03
4.833320621401071548e-03
4.806631244719028473e-03
4.938478115946054459e-03
4.889205563813447952e-03
4.856024868786334991e-03
5.040660500526428223e-03
4.827848635613918304e-03
5.012332927435636520e-03
4.905892536044120789e-03
4.950110334903001785e-03
4.800020717084407806e-03
4.779560025781393051e-03
4.795660264790058136e-03
4.785501863807439804e-03
4.804138559848070145e-03
4.996452014893293381e-03
4.839218221604824066e-03
5.043930839747190475e-03
4.868117626756429672e-03
5.004676990211009979e-03
4.817484412342309952e-03
4.875117912888526917e-03
4.897343460470438004e-03
4.862310830503702164e-03
4.890948999673128128e-03
4.817427601665258408e-03
4.892722703516483307e-03
4.950033966451883316e-03
5.023114383220672607e-03
5.115846171975135803e-03
5.043241195380687714e-03
5.080603063106536865e-03
4.861090332269668579e-03
4.903869703412055969e-03
5.124629940837621689e-03
4.981841426342725754e-03
4.803953226655721664e-03
4.861884750425815582e-03
5.211462266743183136e-03
5.067272577434778214e-03
4.922408610582351685e-03
5.373313091695308685e-03
4.939582198858261108e-03
5.239938385784626007e-03
4.870357457548379898e-03
4.817272070795297623e-03
4.854579456150531769e-03
4.899001214653253555e-03
4.905188456177711487e-03
5.051745101809501648e-03
4.761478397995233536e-03
4.830327816307544708e-03
4.910158924758434296e-03
4.856850486248731613e-03
4.841770976781845093e-03
4.814548883587121964e-03
4.979730583727359772e-03
4.904237110167741776e-03
4.825467709451913834e-03
4.872139543294906616e-03
4.944777116179466248e-03
4.990046843886375427e-03
5.127995740622282028e-03
4.835102241486310959e-03
4.916056059300899506e-03
4.884706344455480576e-03
4.799945279955863953e-03
4.774961620569229126e-03
4.790222737938165665e-03
4.775087814778089523e-03
4.825897049158811569e-03
4.903968889266252518e-03
4.956930410116910934e-03
4.988506436347961426e-03
5.171218886971473694e-03
4.855940118432044983e-03
4.949559457600116730e-03
4.881538450717926025e-03
4.767590202391147614e-03
4.848330747336149216e-03
4.932848736643791199e-03
4.899963270872831345e-03
4.819362889975309372e-03
4.983208142220973969e-03
4.868777003139257431e-03
4.987809807062149048e-03
5.046126432716846466e-03
4.811405669897794724e-03
4.888133145868778229e-03
4.998657386749982834e-03
4.833548795431852341e-03
4.790844861418008804e-03
4.827727098017930984e-03
5.026383325457572937e-03
4.879293497651815414e-03
4.840214736759662628e-03
4.840384237468242645e-03
4.882760345935821533e-03
4.880598746240139008e-03
4.838849417865276337e-03
5.007723346352577209e-03
4.872974473983049393e-03
4.868927877396345139e-03
4.946542903780937195e-03
5.086416844278573990e-03
4.877152852714061737e-03
4.876608960330486298e-03
4.906901624053716660e-03
4.853132180869579315e-03
4.846458788961172104e-03
4.807330667972564697e-03
4.996628966182470322e-03
5.239888094365596771e-03
5.019920878112316132e-03
4.854721017181873322e-03
4.952283110469579697e-03
4.907323047518730164e-03
4.840190056711435318e-03
4.931739065796136856e-03
4.953825380653142929e-03
4.835425876080989838e-03
4.966603126376867294e-03
4.798648413270711899e-03
4.935922101140022278e-03
4.797757137566804886e-03
4.980535712093114853e-03
4.817795939743518829e-03
5.111697595566511154e-03
4.863623995333909988e-03
4.958205390721559525e-03
4.872470628470182419e-03
4.987334366887807846e-03
4.767650738358497620e-03
4.793400876224040985e-03
5.025551188737154007e-03
4.778847564011812210e-03
4.859701264649629593e-03
5.137634929269552231e-03
4.992092959582805634e-03
4.829308018088340759e-03
4.886522889137268066e-03
4.864875227212905884e-03
4.841454327106475830e-03
4.776252433657646179e-03
4.988532047718763351e-03
5.076517816632986069e-03
4.946322180330753326e-03
4.773787688463926315e-03
4.791510757058858871e-03
4.946659319102764130e-03
4.846294876188039780e-03
4.963307641446590424e-03
4.950325936079025269e-03
4.843980073928833008e-03
4.816764965653419495e-03
4.899708554148674011e-03
4.999603610485792160e-03
4.908517003059387207e-03
5.176423583179712296e-03
4.784961231052875519e-03
5.304989404976367950e-03
5.079236812889575958e-03
4.980180412530899048e-03
4.959470592439174652e-03
4.911408293992280960e-03
4.960467573255300522e-03
4.870013333857059479e-03
5.208996590226888657e-03
4.915097262710332870e-03
5.250344984233379364e-03
5.110884550958871841e-03
4.807665944099426270e-03
4.794432781636714935e-03
4.795577377080917358e-03
4.842154216021299362e-03
4.905948881059885025e-03
5.044613033533096313e-03
4.912745207548141479e-03
5.010793451219797134e-03
4.991380497813224792e-03
4.899217281490564346e-03
4.845069721341133118e-03
4.868337884545326233e-03
4.796329420059919357e-03
4.900099709630012512e-03
4.927420988678932190e-03
4.915645346045494080e-03
4.769094754010438919e-03
4.757575690746307373e-03
4.793229512870311737e-03
5.263903178274631500e-03
5.086161196231842041e-03
4.956658463925123215e-03
4.812027327716350555e-03
4.885516129434108734e-03
5.100959911942481995e-03
5.160377360880374908e-03
4.811328370124101639e-03
4.845987539738416672e-03
4.852371755987405777e-03
4.903737921267747879e-03
4.861414898186922073e-03
4.899571184068918228e-03
5.103444214910268784e-03
4.955120384693145752e-03
4.909654147922992706e-03
4.930660594254732132e-03
4.818350542336702347e-03
4.806150682270526886e-03
4.773646127432584763e-03
4.850632976740598679e-03
5.106019321829080582e-03
4.913264885544776917e-03
5.090731661766767502e-03
5.017504561692476273e-03
4.821459762752056122e-03
4.806510638445615768e-03
4.810213111340999603e-03
4.920593928545713425e-03
4.802776500582695007e-03
4.916497506201267242e-03
4.888039547950029373e-03
4.843793343752622604e-03
4.832131322473287582e-03
5.080169066786766052e-03
5.342232529073953629e-03
4.881275817751884460e-03
4.785253666341304779e-03
4.992379806935787201e-03
4.927518311887979507e-03
4.851436242461204529e-03
4.751721862703561783e-03
4.938921425491571426e-03
4.952408373355865479e-03
4.933935590088367462e-03
4.792328923940658569e-03
5.327760707587003708e-03
4.872480873018503189e-03
4.812599159777164459e-03
5.055709276348352432e-03
4.841201007366180420e-03
4.928964190185070038e-03
4.799823742359876633e-03
4.818434361368417740e-03
4.814584739506244659e-03
4.854355473071336746e-03
4.822727292776107788e-03
5.009952001273632050e-03
4.783418960869312286e-03
4.920863080769777298e-03
4.894983489066362381e-03
5.117230117321014404e-03
5.207765381783246994e-03
4.932059440761804581e-03
4.888279363512992859e-03
4.828391131013631821e-03
4.867803305387496948e-03
4.884986206889152527e-03
5.037630442529916763e-03
4.900849889963865280e-03
4.795140121132135391e-03
5.012820940464735031e-03
5.011731758713722229e-03
4.939645994454622269e-03
4.928834270685911179e-03
4.796102177351713181e-03
4.963880870491266251e-03
4.753233864903450012e-03
4.802900366485118866e-03
4.931834992021322250e-03
4.844919778406620026e-03
4.898183513432741165e-03
4.884740803390741348e-03
4.879091866314411163e-03
4.886905197054147720e-03
4.921112675219774246e-03
4.908560309559106827e-03
5.029049701988697052e-03
4.814983811229467392e-03
4.843540024012327194e-03
4.870577249675989151e-03
5.112563725560903549e-03
4.901049658656120300e-03
4.901107866317033768e-03
4.825048614293336868e-03
4.880579188466072083e-03
4.786391742527484894e-03
5.344416946172714233e-03
4.928507842123508453e-03
4.919512663036584854e-03
5.061065778136253357e-03
4.929212853312492371e-03
4.936102777719497681e-03
4.830655176192522049e-03
4.949388559907674789e-03
4.751839209347963333e-03
4.782758187502622604e-03
4.919366911053657532e-03
4.817881155759096146e-03
4.862735047936439514e-03
4.902641288936138153e-03
4.870870150625705719e-03
4.800084512680768967e-03
4.859155975282192230e-03
4.830665886402130127e-03
4.961247555911540985e-03
4.899709019809961319e-03
4.910293035209178925e-03
4.846666008234024048e-03
5.158862099051475525e-03
4.929430317133665085e-03
4.925139248371124268e-03
4.843141417950391769e-03
4.879532381892204285e-03
4.821695853024721146e-03
4.990628454834222794e-03
4.991948604583740234e-03
4.981575533747673035e-03
4.878581501543521881e-03
4.832314327359199524e-03
4.890311509370803833e-03
4.984544590115547180e-03
4.757445305585861206e-03
4.825793206691741943e-03
4.877931438386440277e-03
4.793110303580760956e-03
5.114517174661159515e-03
5.097096320241689682e-03
5.049306899309158325e-03
4.915045108646154404e-03
4.902064800262451172e-03
4.765395540744066238e-03
4.755978472530841827e-03
4.914854187518358231e-03
4.940194077789783478e-03
5.245995707809925079e-03
4.819707944989204407e-03
4.804312717169523239e-03
4.804671742022037506e-03
4.947616253048181534e-03
5.074994638562202454e-03
4.916298668831586838e-03
4.923529457300901413e-03
4.831424448639154434e-03
4.818540997803211212e-03
4.813366103917360306e-03
5.138596054166555405e-03
4.846538882702589035e-03
4.903321154415607452e-03
4.894144833087921143e-03
4.913554526865482330e-03
4.985321313142776489e-03
4.915118217468261719e-03
5.118297878652811050e-03
4.920993931591510773e-03
4.922097083181142807e-03
5.025306250900030136e-03
4.867176990956068039e-03
4.940963350236415863e-03
4.864841699600219727e-03
4.953067284077405930e-03
4.897297825664281845e-03
4.819749388843774796e-03
4.903271794319152832e-03
4.818629939109086990e-03
4.840841051191091537e-03
4.839548375457525253e-03
4.896759521216154099e-03
5.236198659986257553e-03
5.131715908646583557e-03
4.976251162588596344e-03
4.994393792003393173e-03
4.802218172699213028e-03
4.890270065516233444e-03
4.983173217624425888e-03
4.942978266626596451e-03
5.244471598416566849e-03
4.936132114380598068e-03
4.907456226646900177e-03
4.967981949448585510e-03
4.921560641378164291e-03
5.039703566581010818e-03
4.832431208342313766e-03
4.933199379593133926e-03
4.950511269271373749e-03
4.856758285313844681e-03
4.874286241829395294e-03
4.765577614307403564e-03
4.841196350753307343e-03
5.041986703872680664e-03
4.886932205408811569e-03
5.062623880803585052e-03
5.018621217459440231e-03
4.960547666996717453e-03
4.881620407104492188e-03
4.799819085747003555e-03
4.979909863322973251e-03
4.904752131551504135e-03
5.056349094957113266e-03
4.917205777019262314e-03
4.841936286538839340e-03
4.927173256874084473e-03
5.004649050533771515e-03
5.044313613325357437e-03
4.895147867500782013e-03
4.844147246330976486e-03
5.000878591090440750e-03
4.801315255463123322e-03
5.039311945438385010e-03
4.951000679284334183e-03
4.995848517864942551e-03
5.247010383754968643e-03
4.984388127923011780e-03
4.772402811795473099e-03
4.906800575554370880e-03
4.816321656107902527e-03
5.029728636145591736e-03
5.111404694616794586e-03
4.999526776373386383e-03
5.079444497823715210e-03
4.978235810995101929e-03
4.976865835487842560e-03
4.834512248635292053e-03
4.773998167365789413e-03
4.926771391183137894e-03
4.915095865726470947e-03
4.758185241371393204e-03
4.992382600903511047e-03
4.935767967253923416e-03
4.920374136418104172e-03
4.748768638819456100e-03
4.833212122321128845e-03
4.900191910564899445e-03
4.874475765973329544e-03
4.937390796840190887e-03
4.836660809814929962e-03
5.057391710579395294e-03
4.872049205005168915e-03
4.855588078498840332e-03
5.140292458236217499e-03
5.163314286619424820e-03
4.963563289493322372e-03
4.872370511293411255e-03
4.856493789702653885e-03
5.086250603199005127e-03
4.993592388927936554e-03
4.895608406513929367e-03
4.912125878036022186e-03
4.830222576856613159e-03
4.849135410040616989e-03
4.795411601662635803e-03
4.928207024931907654e-03
4.817137029021978378e-03
4.963821265846490860e-03
4.739707801491022110e-03
4.815327003598213196e-03
4.761343821883201599e-03
5.165845621377229691e-03
4.931476898491382599e-03
4.935542587190866470e-03
4.964462481439113617e-03
4.838536493480205536e-03
4.946604371070861816e-03
4.815797321498394012e-03
4.832335747778415680e-03
4.754040390253067017e-03
4.848047625273466110e-03
4.882197361439466476e-03
4.993973299860954285e-03
4.904317669570446014e-03
4.803960211575031281e-03
5.016644019633531570e-03
4.985225386917591095e-03
4.888464696705341339e-03
4.840455483645200729e-03
4.838428925722837448e-03
4.793289117515087128e-03
4.805480130016803741e-03
4.755734931677579880e-03
4.914952442049980164e-03
4.934978671371936798e-03
5.362909752875566483e-03
4.878879990428686142e-03
4.759097471833229065e-03
4.856405314058065414e-03
4.890413489192724228e-03
4.910851363092660904e-03
4.770690109580755234e-03
5.046848207712173462e-03
4.919306375086307526e-03
4.979097284376621246e-03
4.979137796908617020e-03
4.828353412449359894e-03
4.887389484792947769e-03
4.995381459593772888e-03
4.864831920713186264e-03
5.019331816583871841e-03
4.781442694365978241e-03
4.825854208320379257e-03
4.924338310956954956e-03
4.962248262017965317e-03
4.830445628613233566e-03
4.809702280908823013e-03
4.897748585790395737e-03
4.930838476866483688e-03
4.967804532498121262e-03
4.885889124125242233e-03
4.891595803201198578e-03
4.807775840163230896e-03
4.833634011447429657e-03
4.983228165656328201e-03
4.948663525283336639e-03
4.745108541101217270e-03
4.878704436123371124e-03
4.752163309603929520e-03
4.739690572023391724e-03
4.905841778963804245e-03
4.849544260650873184e-03
4.777628462761640549e-03
4.798335023224353790e-03
4.856205079704523087e-03
4.818777088075876236e-03
5.032042972743511200e-03
4.970213863998651505e-03
4.883920773863792419e-03
4.850056953728199005e-03
4.973002243787050247e-03
4.864010959863662720e-03
4.831442609429359436e-03
4.806635901331901550e-03
4.883193410933017731e-03
4.923065192997455597e-03
4.838074091821908951e-03
5.195651203393936157e-03
5.019199103116989136e-03
4.783790092915296555e-03
4.967003129422664642e-03
4.850442986935377121e-03
4.838300403207540512e-03
4.928556270897388458e-03
4.831424914300441742e-03
4.911435768008232117e-03
4.885203205049037933e-03
4.931493662297725677e-03
4.879599437117576599e-03
4.755733534693717957e-03
4.750561434775590897e-03
5.035249050706624985e-03
4.861163906753063202e-03
4.898779094219207764e-03
5.008800420910120010e-03
5.103120580315589905e-03
4.988695494830608368e-03
4.818466491997241974e-03
5.749493837356567383e-03
4.987139720469713211e-03
4.955347627401351929e-03
4.785108380019664764e-03
4.858406260609626770e-03
4.850785247981548309e-03
4.879017360508441925e-03
4.895946476608514786e-03
4.908482078462839127e-03
4.808496683835983276e-03
4.892697557806968689e-03
4.815950524061918259e-03
5.062066018581390381e-03
4.840863402932882309e-03
4.853141959756612778e-03
4.913957789540290833e-03
4.859515000134706497e-03
4.819820635020732880e-03
4.873520694673061371e-03
4.819552414119243622e-03
4.790225066244602203e-03
4.749372601509094238e-03
4.803464282304048538e-03
4.944890271872282028e-03
4.752982873469591141e-03
4.818775691092014313e-03
4.843478091061115265e-03
4.934224300086498260e-03
4.874072968959808350e-03
5.021180491894483566e-03
4.776765126734972000e-03
4.858997184783220291e-03
5.129534285515546799e-03
4.751704633235931396e-03
4.846244119107723236e-03
4.911951255053281784e-03
4.931854549795389175e-03
4.848555661737918854e-03
4.849521443247795105e-03
5.035488866269588470e-03
4.939496517181396484e-03
4.930388182401657104e-03
4.820077214390039444e-03
4.823056980967521667e-03
5.016013979911804199e-03
4.835437517613172531e-03
4.786757286638021469e-03
4.784905817359685898e-03
4.793487489223480225e-03
5.070040468126535416e-03
4.883469082415103912e-03
4.967858549207448959e-03
5.112089216709136963e-03
5.041903350502252579e-03
4.896836355328559875e-03
4.796614404767751694e-03
4.755659960210323334e-03
4.790769424289464951e-03
5.156580358743667603e-03
4.881912842392921448e-03
4.807250574231147766e-03
4.981696605682373047e-03
4.831805825233459473e-03
4.787414334714412689e-03
4.774836823344230652e-03
5.225223489105701447e-03
4.957941826432943344e-03
5.038465838879346848e-03
4.841266199946403503e-03
4.858575761318206787e-03
4.790641833096742630e-03
4.930558614432811737e-03
4.730877932161092758e-03
4.780293907970190048e-03
4.966070875525474548e-03
5.015166942030191422e-03
4.995505791157484055e-03
4.928497131913900375e-03
4.769959487020969391e-03
4.776788875460624695e-03
4.877207800745964050e-03
4.821736831218004227e-03
4.821089562028646469e-03
4.790272563695907593e-03
5.015991628170013428e-03
4.910940304398536682e-03
4.847067408263683319e-03
4.780187737196683884e-03
4.832567647099494934e-03
4.960247781127691269e-03
5.115271080285310745e-03
4.885373637080192566e-03
4.843283910304307938e-03
4.845391493290662766e-03
4.953128285706043243e-03
4.902017302811145782e-03
4.811575636267662048e-03
4.901187494397163391e-03
4.874848295003175735e-03
4.840232897549867630e-03
4.743852652609348297e-03
4.866127390414476395e-03
4.886018112301826477e-03
4.883291199803352356e-03
4.964135121554136276e-03
4.764629062265157700e-03
4.933624062687158585e-03
4.837961401790380478e-03
4.948344081640243530e-03
4.917670972645282745e-03
4.960555583238601685e-03
4.835634957998991013e-03
4.859390202909708023e-03
5.038304720073938370e-03
4.918296821415424347e-03
5.021726712584495544e-03
4.821442067623138428e-03
4.930043127387762070e-03
4.926743917167186737e-03
4.824292846024036407e-03
4.857282619923353195e-03
4.944432992488145828e-03
4.838414490222930908e-03
4.840903449803590775e-03
4.990087356418371201e-03
5.112675484269857407e-03
4.824059549719095230e-03
4.885382484644651413e-03
4.911727271974086761e-03
4.791540559381246567e-03
4.832316655665636063e-03
4.759852774441242218e-03
4.847082309424877167e-03
4.891294054687023163e-03
5.047537386417388916e-03
4.771871957927942276e-03
4.947386216372251511e-03
5.379636306315660477e-03
4.965713713318109512e-03
4.892799537628889084e-03
4.814060870558023453e-03
4.755169618874788284e-03
4.774118307977914810e-03
5.064948461949825287e-03
5.378152243793010712e-03
5.110839847475290298e-03
5.083093885332345963e-03
4.940839484333992004e-03
4.974252544343471527e-03
4.883182700723409653e-03
4.862832371145486832e-03
4.902182612568140030e-03
4.874805919826030731e-03
4.828167613595724106e-03
5.057741887867450714e-03
4.884291440248489380e-03
4.959132056683301926e-03
5.014827940613031387e-03
5.121713969856500626e-03
5.005152896046638489e-03
5.216241814196109772e-03
5.141016561537981033e-03
4.843535367399454117e-03
4.960441496223211288e-03
4.887255374342203140e-03
5.073070060461759567e-03
5.251806695014238358e-03
4.906292539089918137e-03
4.818457644432783127e-03
4.873821046203374863e-03
4.851280711591243744e-03
4.774716682732105255e-03
4.849322605878114700e-03
4.904149100184440613e-03
4.789750091731548309e-03
4.923353437334299088e-03
4.878444131463766098e-03
4.842757247388362885e-03
4.836457781493663788e-03
5.097450688481330872e-03
4.886189009994268417e-03
4.829037003219127655e-03
5.050580948591232300e-03
5.040623247623443604e-03
4.783357027918100357e-03
5.134931299835443497e-03
4.952254705131053925e-03
5.120587069541215897e-03
4.775517154484987259e-03
4.894040524959564209e-03
4.765796475112438202e-03
4.849378019571304321e-03
4.772787448018789291e-03
4.809961188584566116e-03
4.863214679062366486e-03
4.788793157786130905e-03
4.870936274528503418e-03
5.073869600892066956e-03
4.960072226822376251e-03
4.907314665615558624e-03
4.960156977176666260e-03
4.997581709176301956e-03
4.981589503586292267e-03
5.030104424804449081e-03
4.773512482643127441e-03
4.739611875265836716e-03
4.819522146135568619e-03
4.804951138794422150e-03
4.905885551124811172e-03
4.769259132444858551e-03
4.792057443410158157e-03
4.882855806499719620e-03
4.938646219670772552e-03
4.918676335364580154e-03
4.901187028735876083e-03
4.974181763827800751e-03
4.819259047508239746e-03
4.847714677453041077e-03
4.854643717408180237e-03
4.825301002711057663e-03
4.838719964027404785e-03
4.844938404858112335e-03
4.747405648231506348e-03
4.964112769812345505e-03
4.927122965455055237e-03
4.891766235232353210e-03
4.852938465774059296e-03
4.870111588388681412e-03
4.772314801812171936e-03
5.002148449420928955e-03
5.011179018765687943e-03
5.016242619603872299e-03
4.808878526091575623e-03
4.920504055917263031e-03
4.829979501664638519e-03
4.802874289453029633e-03
4.814466461539268494e-03
4.790868144482374191e-03
4.839977715164422989e-03
4.844395909458398819e-03
5.012040026485919952e-03
4.791898187249898911e-03
4.913845099508762360e-03
4.782740492373704910e-03
4.992535337805747986e-03
4.851682111620903015e-03
5.049609113484621048e-03
5.109754856675863266e-03
4.906606394797563553e-03
4.763394594192504883e-03
4.804049152880907059e-03
4.915609490126371384e-03
4.976329393684864044e-03
4.924432840198278427e-03
4.835160449147224426e-03
4.805934615433216095e-03
4.839717410504817963e-03
4.765794146806001663e-03
4.764546640217304230e-03
4.813994746655225754e-03
4.760311916470527649e-03
5.077471490949392319e-03
4.791139625012874603e-03
4.892029333859682083e-03
4.882084205746650696e-03
4.800735041499137878e-03
4.791541025042533875e-03
4.857322201132774353e-03
4.802106413990259171e-03
4.932616371661424637e-03
5.039489828050136566e-03
4.776697605848312378e-03
4.852912854403257370e-03
4.902834072709083557e-03
5.009365268051624298e-03
4.970823880285024643e-03
5.034569650888442993e-03
4.892587196081876755e-03
4.983001854270696640e-03
4.878314677625894547e-03
4.989936947822570801e-03
4.890184383839368820e-03
5.111068952828645706e-03
4.871476907283067703e-03
4.810569807887077332e-03
4.820612259209156036e-03
4.868893884122371674e-03
4.895954858511686325e-03
4.801698960363864899e-03
4.779645241796970367e-03
5.081087816506624222e-03
4.864818416535854340e-03
4.766151309013366699e-03
4.795175977051258087e-03
5.168288480490446091e-03
4.979844670742750168e-03
4.891465418040752411e-03
4.860814195126295090e-03
4.840567708015441895e-03
4.842525813728570938e-03
4.949436523020267487e-03
4.976241383701562881e-03
4.788732156157493591e-03
5.042513832449913025e-03
4.778085276484489441e-03
4.890314768999814987e-03
4.757527727633714676e-03
5.203342065215110779e-03
4.898877348750829697e-03
5.167271010577678680e-03
4.795494489371776581e-03
4.826889373362064362e-03
4.984441213309764862e-03
4.808118101209402084e-03
4.837642423808574677e-03
4.758688155561685562e-03
4.954572301357984543e-03
4.898828454315662384e-03
4.980131983757019043e-03
4.888548981398344040e-03
4.862186033278703690e-03
4.756004549562931061e-03
4.849465098232030869e-03
4.762026015669107437e-03
4.836589097976684570e-03
4.872714169323444366e-03
4.827193915843963623e-03
4.770221654325723648e-03
4.817157052457332611e-03
4.756203852593898773e-03
5.070290993899106979e-03
4.990656860172748566e-03
4.987384192645549774e-03
4.927777685225009918e-03
4.851190373301506042e-03
4.917837679386138916e-03
4.826791584491729736e-03
5.112561397254467010e-03
5.039501935243606567e-03
4.756589885801076889e-03
4.854233469814062119e-03
4.968583118170499802e-03
4.820533096790313721e-03
4.925279412418603897e-03
4.859100095927715302e-03
4.818256944417953491e-03
4.837563261389732361e-03
5.032246001064777374e-03
4.887099377810955048e-03
4.948308225721120834e-03
5.172311328351497650e-03
4.864324349910020828e-03
4.868373274803161621e-03
4.796965047717094421e-03
5.045771133154630661e-03
4.859067499637603760e-03
4.985031671822071075e-03
5.034814588725566864e-03
4.914242308586835861e-03
4.832845646888017654e-03
4.789097700268030167e-03
4.761996679008007050e-03
4.805976524949073792e-03
4.879841115325689316e-03
4.825580399483442307e-03
4.730796441435813904e-03
4.958146717399358749e-03
4.839154891669750214e-03
4.770627245306968689e-03
4.744858480989933014e-03
4.874823614954948425e-03
4.908616654574871063e-03
4.957525525242090225e-03
5.007555708289146423e-03
4.830344580113887787e-03
4.877529572695493698e-03
4.809084814041852951e-03
4.791025072336196899e-03
4.773439373821020126e-03
4.825373180210590363e-03
4.757388029247522354e-03
4.850714467465877533e-03
4.839548375457525253e-03
4.785888828337192535e-03
5.082935560494661331e-03
4.788262769579887390e-03
4.840659908950328827e-03
4.824287258088588715e-03
4.814755171537399292e-03
4.852552898228168488e-03
5.060390569269657135e-03
4.998190328478813171e-03
4.827773198485374451e-03
4.908718168735504150e-03
4.860849119722843170e-03
4.919201601296663284e-03
4.946908913552761078e-03
5.153549835085868835e-03
4.907451104372739792e-03
4.842110909521579742e-03
4.759367555379867554e-03
4.886026959866285324e-03
4.832784645259380341e-03
4.914013203233480453e-03
5.041697993874549866e-03
4.938927479088306427e-03
4.773299675434827805e-03
4.795180168002843857e-03
5.083155818283557892e-03
4.904967732727527618e-03
4.844196606427431107e-03
4.865703638643026352e-03
4.896389320492744446e-03
4.912103991955518723e-03
4.957689438015222549e-03
4.757579881697893143e-03
4.811504390090703964e-03
4.778892267495393753e-03
4.801170900464057922e-03
4.936028271913528442e-03
4.786355420947074890e-03
4.826414398849010468e-03
5.433295853435993195e-03
5.052933469414710999e-03
4.942715633660554886e-03
4.892525263130664825e-03
4.803181625902652740e-03
4.879163112491369247e-03
4.869800526648759842e-03
4.773925524204969406e-03
4.747424740344285965e-03
4.907258320599794388e-03
4.824755713343620300e-03
4.770077764987945557e-03
4.747719503939151764e-03
4.759792238473892212e-03
4.964098334312438965e-03
4.855372942984104156e-03
4.921193700283765793e-03
4.810879472643136978e-03
4.811509978026151657e-03
4.978611599653959274e-03
4.952494986355304718e-03
4.811984486877918243e-03
4.791322164237499237e-03
4.876345861703157425e-03
4.968960303813219070e-03
4.786516539752483368e-03
4.767057951539754868e-03
5.156077444553375244e-03
5.090138409286737442e-03
4.731649998575448990e-03
4.807200748473405838e-03
4.820526577532291412e-03
4.803681746125221252e-03
4.874631296843290329e-03
5.033163819462060928e-03
5.106772296130657196e-03
4.856623709201812744e-03
4.800888244062662125e-03
4.913762211799621582e-03
4.770265426486730576e-03
5.020655225962400436e-03
4.866664763540029526e-03
4.829821176826953888e-03
4.748902749270200729e-03
4.800713155418634415e-03
4.962225910276174545e-03
4.996860865503549576e-03
4.897812847048044205e-03
4.825555719435214996e-03
4.942254163324832916e-03
4.959929734468460083e-03
4.812996368855237961e-03
4.797196015715599060e-03
4.832384642213582993e-03
4.978524986654520035e-03
5.346163641661405563e-03
4.984064027667045593e-03
4.771902225911617279e-03
4.813816398382186890e-03
4.850303754210472107e-03
4.838350694626569748e-03
4.777354188263416290e-03
4.984111990779638290e-03
4.769860766828060150e-03
5.016045644879341125e-03
5.150506272912025452e-03
4.907835274934768677e-03
4.792052321135997772e-03
4.751836415380239487e-03
5.001769866794347763e-03
4.838773515075445175e-03
4.860259126871824265e-03
4.916819743812084198e-03
4.821372218430042267e-03
4.960154648870229721e-03
4.814801272004842758e-03
4.861993715167045593e-03
5.021582357585430145e-03
4.858279600739479065e-03
5.047453101724386215e-03
4.943676758557558060e-03
4.846322350203990936e-03
4.833254031836986542e-03
4.795144312083721161e-03
4.896790254861116409e-03
4.747579805552959442e-03
4.896899685263633728e-03
4.830690566450357437e-03
4.766561090946197510e-03
4.841713700443506241e-03
5.103439092636108398e-03
4.901796579360961914e-03
4.738251678645610809e-03
4.946819972246885300e-03
4.755961708724498749e-03
5.006774794310331345e-03
5.117259919643402100e-03
4.903789609670639038e-03
4.843376576900482178e-03
4.810420796275138855e-03
5.008916370570659637e-03
4.945105873048305511e-03
4.988601896911859512e-03
4.843336995691061020e-03
5.096687935292720795e-03
4.964503459632396698e-03
4.951203241944313049e-03
4.904503468424081802e-03
4.854242317378520966e-03
5.033451598137617111e-03
5.050741601735353470e-03
4.828341305255889893e-03
4.753247834742069244e-03
4.902895539999008179e-03
4.994707182049751282e-03
4.864160902798175812e-03
4.738866351544857025e-03
4.808542318642139435e-03
4.885706584900617599e-03
4.892958328127861023e-03
4.817472305148839951e-03
4.995353519916534424e-03
4.762169905006885529e-03
4.773544147610664368e-03
4.831688012927770615e-03
4.933402407914400101e-03
4.927976988255977631e-03
4.872352816164493561e-03
4.844497889280319214e-03
4.955484997481107712e-03
4.825095646083354950e-03
4.769352730363607407e-03
4.819995258003473282e-03
4.773201886564493179e-03
4.961274564266204834e-03
4.851632285863161087e-03
4.827395547181367874e-03
4.887001123279333115e-03
4.730664193630218506e-03
4.821412730962038040e-03
4.941460676491260529e-03
5.011624190956354141e-03
5.127434153109788895e-03
4.991470370441675186e-03
4.910464398562908173e-03
4.910593386739492416e-03
4.824093542993068695e-03
4.884682130068540573e-03
4.746577236801385880e-03
4.866257775574922562e-03
4.888063762336969376e-03
4.865358117967844009e-03
4.849947057664394379e-03
4.841256886720657349e-03
4.818132147192955017e-03
4.808926023542881012e-03
4.996926523745059967e-03
4.878715611994266510e-03
4.801030270755290985e-03
4.835789091885089874e-03
5.028846208006143570e-03
4.793275613337755203e-03
4.854368511587381363e-03
4.973634146153926849e-03
4.783095326274633408e-03
4.895540419965982437e-03
4.833938553929328918e-03
5.016473121941089630e-03
4.974699113517999649e-03
4.973094444721937180e-03
4.806359764188528061e-03
4.968025721609592438e-03
4.941365681588649750e-03
4.910001531243324280e-03
4.891058430075645447e-03
4.949287977069616318e-03
4.759050905704498291e-03
4.988878965377807617e-03
4.851284436881542206e-03
4.940669983625411987e-03
4.841410554945468903e-03
4.882931243628263474e-03
5.053590983152389526e-03
4.855711478739976883e-03
4.720670171082019806e-03
4.853084683418273926e-03
4.957274068146944046e-03
4.784684628248214722e-03
4.872561898082494736e-03
4.816606640815734863e-03
4.770406987518072128e-03
4.804722499102354050e-03
4.766157362610101700e-03
4.899319261312484741e-03
4.979900084435939789e-03
4.884788300842046738e-03
5.045979749411344528e-03
4.763043019920587540e-03
4.835810512304306030e-03
5.011206492781639099e-03
4.785772878676652908e-03
4.779060371220111847e-03
4.857630468904972076e-03
4.818648099899291992e-03
4.816752858459949493e-03
4.857771564275026321e-03
4.845655057579278946e-03
4.745813552290201187e-03
4.805378150194883347e-03
4.909901414066553116e-03
4.930709488689899445e-03
4.820381756871938705e-03
4.875221289694309235e-03
4.798636771738529205e-03
4.853898193687200546e-03
4.984045401215553284e-03
5.020005162805318832e-03
4.891902208328247070e-03
4.795553162693977356e-03
4.747063852846622467e-03
4.840255714952945709e-03
4.979555960744619370e-03
4.898278973996639252e-03
4.977735225111246109e-03
4.824262112379074097e-03
4.869912285357713699e-03
4.886521957814693451e-03
4.827279131859540939e-03
4.859021399170160294e-03
4.800512455403804779e-03
4.996403120458126068e-03
4.925102926790714264e-03
4.854515194892883301e-03
4.825072363018989563e-03
4.739891272038221359e-03
4.830408841371536255e-03
5.036118905991315842e-03
4.983539693057537079e-03
4.921118728816509247e-03
4.934083204716444016e-03
4.895039368420839310e-03
4.817050416022539139e-03
4.838436376303434372e-03
4.892502911388874054e-03
4.832936916500329971e-03
5.174588412046432495e-03
4.761863499879837036e-03
4.767387174069881439e-03
4.886829294264316559e-03
4.755554720759391785e-03
4.781793802976608276e-03
4.891129676252603531e-03
5.108877085149288177e-03
4.885444417595863342e-03
4.903065506368875504e-03
4.793626721948385239e-03
4.881104454398155212e-03
4.899711813777685165e-03
4.956291522830724716e-03
4.860939923673868179e-03
4.883924499154090881e-03
4.774071276187896729e-03
5.124561954289674759e-03
4.826911259442567825e-03
4.828895907849073410e-03
4.952726420015096664e-03
5.235468503087759018e-03
5.080619361251592636e-03
4.781280178576707840e-03
4.865701310336589813e-03
4.866408649832010269e-03
4.773649387061595917e-03
4.775291774421930313e-03
4.821851849555969238e-03
4.964007064700126648e-03
4.892014432698488235e-03
4.841721151024103165e-03
4.758459981530904770e-03
4.772960208356380463e-03
4.794814158231019974e-03
4.777191672474145889e-03
4.786208737641572952e-03
5.278745666146278381e-03
4.966155625879764557e-03
4.851896315813064575e-03
4.823415540158748627e-03
4.868004471063613892e-03
4.785960074514150620e-03
4.975167103111743927e-03
4.768511746078729630e-03
5.050728563219308853e-03
4.939566832035779953e-03
4.755071830004453659e-03
4.855591803789138794e-03
4.772479180246591568e-03
4.771617241203784943e-03
4.880739841610193253e-03
4.805142991244792938e-03
4.873374011367559433e-03
4.936317913234233856e-03
4.762474913150072098e-03
5.034171510487794876e-03
4.962026141583919525e-03
4.871758166700601578e-03
5.080270580947399139e-03
4.859723150730133057e-03
4.782254341989755630e-03
4.838529974222183228e-03
4.924687556922435760e-03
5.068654660135507584e-03
4.840929992496967316e-03
4.738992080092430115e-03
4.887277260422706604e-03
4.822143353521823883e-03
4.804972093552350998e-03
4.902279470115900040e-03
4.852584563195705414e-03
4.836205858737230301e-03
4.825553856790065765e-03
4.776793997734785080e-03
4.778059199452400208e-03
4.919840022921562195e-03
5.068629048764705658e-03
4.854852799326181412e-03
4.762615077197551727e-03
4.837653599679470062e-03
4.958161152899265289e-03
5.139601882547140121e-03
4.897686187177896500e-03
4.883197601884603500e-03
4.948169458657503128e-03
4.979634657502174377e-03
4.789640195667743683e-03
4.986800253391265869e-03
4.746783059090375900e-03
4.796976689249277115e-03
4.969051107764244080e-03
4.776496440172195435e-03
4.909261129796504974e-03
4.892008844763040543e-03
5.002807825803756714e-03
4.846214316785335541e-03
4.889331758022308350e-03
4.791376180946826935e-03
4.919765982776880264e-03
5.256905686110258102e-03
5.199768114835023880e-03
4.893541336059570312e-03
4.829318728297948837e-03
4.787851590663194656e-03
4.781397990882396698e-03
4.883095622062683105e-03
4.920687060803174973e-03
4.797389730811119080e-03
4.789000842720270157e-03
4.742381162941455841e-03
5.017686169594526291e-03
5.007144529372453690e-03
4.829907789826393127e-03
4.807963036000728607e-03
4.919056314975023270e-03
4.863818176090717316e-03
4.770516417920589447e-03
4.837569314986467361e-03
4.784767515957355499e-03
4.807209130376577377e-03
4.874526523053646088e-03
4.818794317543506622e-03
4.809259437024593353e-03
5.373122170567512512e-03
4.996881820261478424e-03
4.943044390529394150e-03
4.763506352901458740e-03
4.821355920284986496e-03
4.869025200605392456e-03
4.899176768958568573e-03
4.776289220899343491e-03
4.810982849448919296e-03
4.776825662702322006e-03
4.824209492653608322e-03
4.819792695343494415e-03
4.827030003070831299e-03
4.848121665418148041e-03
4.767805803567171097e-03
4.824595060199499130e-03
4.981119185686111450e-03
4.904237110167741776e-03
4.861215595155954361e-03
4.950642585754394531e-03
5.101530812680721283e-03
4.941175691783428192e-03
4.839030560106039047e-03
4.847210831940174103e-03
4.894841928035020828e-03
4.964011255651712418e-03
4.851674661040306091e-03
4.785567056387662888e-03
5.138038191944360733e-03
4.846161231398582458e-03
4.840041976422071457e-03
5.174190737307071686e-03
4.863184411078691483e-03
4.949506837874650955e-03
4.912128206342458725e-03
4.872530233114957809e-03
4.742554854601621628e-03
4.993354901671409607e-03
4.833312705159187317e-03
4.768624436110258102e-03
4.864776041358709335e-03
4.865247756242752075e-03
5.227216985076665878e-03
5.034649744629859924e-03
4.815774038434028625e-03
4.953713621944189072e-03
4.806780721992254257e-03
4.873310215771198273e-03
5.078259389847517014e-03
4.992242436856031418e-03
5.068954546004533768e-03
5.144330672919750214e-03
5.023263394832611084e-03
4.780609160661697388e-03
5.023089703172445297e-03
4.792265594005584717e-03
4.952927120029926300e-03
4.878305830061435699e-03
4.812836647033691406e-03
4.785592667758464813e-03
4.815160296857357025e-03
4.844148643314838409e-03
4.883070476353168488e-03
4.811713937669992447e-03
4.848567768931388855e-03
4.827669356018304825e-03
4.861786495894193649e-03
5.060264375060796738e-03
5.009761545807123184e-03
4.879906773567199707e-03
4.805994220077991486e-03
4.929777700453996658e-03
4.881273023784160614e-03
4.746061749756336212e-03
4.852923098951578140e-03
4.827597644180059433e-03
4.835147876292467117e-03
4.746973980218172073e-03
4.836629144847393036e-03
4.761403892189264297e-03
4.873773083090782166e-03
5.018223542720079422e-03
4.895358346402645111e-03
4.814431536942720413e-03
4.930103663355112076e-03
4.863690119236707687e-03
4.771269857883453369e-03
5.134279374033212662e-03
5.073851905763149261e-03
4.877231549471616745e-03
4.829791374504566193e-03
4.885017406195402145e-03
4.787188488990068436e-03
4.943768959492444992e-03
4.923380911350250244e-03
4.819157067686319351e-03
4.824148491024971008e-03
4.729168489575386047e-03
4.900302272289991379e-03
4.950903356075286865e-03
4.822056274861097336e-03
4.984363447874784470e-03
4.819197580218315125e-03
5.018075462430715561e-03
4.799618851393461227e-03
5.032506305724382401e-03
5.120974965393543243e-03
4.953021649271249771e-03
4.871766548603773117e-03
4.976349882781505585e-03
4.830104298889636993e-03
4.936726298183202744e-03
4.746282938867807388e-03
4.807172808796167374e-03
4.908479284495115280e-03
4.876805935055017471e-03
4.897268954664468765e-03
4.779359791427850723e-03
4.973923321813344955e-03
4.843533039093017578e-03
4.819364752620458603e-03
4.772376734763383865e-03
4.826013930141925812e-03
4.767633043229579926e-03
4.875767044723033905e-03
4.727742634713649750e-03
4.816520027816295624e-03
4.911515396088361740e-03
5.314695183187723160e-03
4.865013994276523590e-03
4.929434508085250854e-03
4.865401424467563629e-03
4.792228806763887405e-03
4.902783315628767014e-03
4.749929998070001602e-03
4.837913438677787781e-03
4.763490054756402969e-03
4.969394300132989883e-03
4.936641547828912735e-03
4.862759262323379517e-03
5.413077771663665771e-03
4.891538526862859726e-03
4.956563469022512436e-03
4.787157289683818817e-03
4.802566487342119217e-03
4.846692085266113281e-03
4.848222713917493820e-03
4.940235521644353867e-03
5.101005081087350845e-03
4.838512744754552841e-03
4.963446874171495438e-03
4.897119943052530289e-03
5.001786164939403534e-03
4.873069468885660172e-03
4.980647470802068710e-03
5.080400500446557999e-03
4.887916613370180130e-03
4.965947475284337997e-03
4.898974671959877014e-03
4.844705108553171158e-03
5.036270711570978165e-03
4.743827506899833679e-03
4.786272067576646805e-03
4.992640111595392227e-03
4.884399473667144775e-03
4.767106845974922180e-03
4.801840055733919144e-03
4.788784775882959366e-03
4.749004263430833817e-03
4.778804257512092590e-03
4.722118843346834183e-03
4.950526170432567596e-03
5.036263260990381241e-03
5.028058309108018875e-03
4.811472259461879730e-03
4.925439134240150452e-03
5.072694271802902222e-03
4.770242609083652496e-03
4.967610351741313934e-03
4.811908584088087082e-03
4.754706751555204391e-03
4.897766746580600739e-03
4.746627528220415115e-03
4.912658594548702240e-03
5.272654816508293152e-03
4.760866053402423859e-03
4.850366152822971344e-03
5.049365572631359100e-03
4.919101484119892120e-03
5.090868100523948669e-03
4.955602809786796570e-03
4.814405925571918488e-03
4.819833207875490189e-03
5.005288403481245041e-03
4.999048076570034027e-03
4.849252291023731232e-03
4.887181799858808517e-03
4.801091272383928299e-03
4.824591800570487976e-03
4.876112565398216248e-03
4.815340507775545120e-03
5.125754978507757187e-03
4.977008327841758728e-03
4.985187668353319168e-03
4.931716248393058777e-03
4.759192932397127151e-03
4.781372379511594772e-03
4.904545377939939499e-03
4.784645978361368179e-03
4.908112809062004089e-03
4.929613322019577026e-03
4.922345280647277832e-03
4.883164074271917343e-03
4.856736864894628525e-03
4.924574866890907288e-03
4.822057671844959259e-03
4.805434495210647583e-03
4.777438472956418991e-03
5.033717025071382523e-03
4.821283742785453796e-03
4.826141986995935440e-03
4.922106862068176270e-03
4.855333827435970306e-03
4.856250714510679245e-03
4.881708417087793350e-03
4.802627488970756531e-03
4.941573832184076309e-03
4.785605706274509430e-03
4.748127888888120651e-03
4.834777675569057465e-03
4.917240235954523087e-03
4.855534993112087250e-03
4.825499374419450760e-03
4.866888280957937241e-03
4.828446079045534134e-03
5.000823643058538437e-03
4.801456350833177567e-03
4.969208501279354095e-03
4.861785098910331726e-03
4.784021992236375809e-03
4.803820047527551651e-03
4.893984645605087280e-03
5.030159372836351395e-03
4.882630892097949982e-03
4.989234264940023422e-03
4.822757560759782791e-03
4.900198895484209061e-03
4.788452293723821640e-03
5.051422864198684692e-03
4.816247615963220596e-03
4.750099033117294312e-03
4.899866878986358643e-03
4.882602486759424210e-03
4.773737397044897079e-03
5.050336942076683044e-03
4.902478773146867752e-03
5.021473392844200134e-03
4.857612773776054382e-03
4.911183845251798630e-03
4.834186285734176636e-03
4.903578199446201324e-03
4.851819481700658798e-03
4.736411385238170624e-03
4.824641626328229904e-03
4.853233695030212402e-03
4.817548207938671112e-03
4.817196633666753769e-03
4.875050857663154602e-03
4.808929283171892166e-03
4.971684888005256653e-03
4.878131672739982605e-03
4.949991591274738312e-03
5.003719124943017960e-03
4.864092916250228882e-03
4.946400877088308334e-03
4.954203031957149506e-03
4.858371336013078690e-03
4.742433317005634308e-03
4.783382639288902283e-03
4.877013619989156723e-03
5.136684048920869827e-03
5.086194723844528198e-03
4.812758881598711014e-03
4.833964630961418152e-03
4.800538998097181320e-03
4.800418391823768616e-03
4.761121235787868500e-03
4.903239198029041290e-03
4.932003561407327652e-03
4.774912260472774506e-03
4.947439767420291901e-03
4.954013042151927948e-03
4.804437980055809021e-03
4.946799017488956451e-03
4.983653780072927475e-03
4.803623072803020477e-03
5.039141047745943069e-03
4.784303251653909683e-03
5.037820897996425629e-03
4.722524899989366531e-03
4.877896048128604889e-03
4.917420912533998489e-03
4.862522706389427185e-03
4.951694514602422714e-03
4.769000224769115448e-03
5.144273396581411362e-03
4.824646282941102982e-03
4.793998785316944122e-03
4.907126538455486298e-03
4.867431707680225372e-03
4.930260591208934784e-03
4.831121303141117096e-03
5.010300315916538239e-03
4.938908852636814117e-03
4.837695043534040451e-03
4.773165564984083176e-03
5.001945886760950089e-03
4.834304563701152802e-03
4.721357952803373337e-03
4.875140264630317688e-03
5.000907927751541138e-03
4.726456943899393082e-03
4.934372380375862122e-03
4.801496397703886032e-03
5.289640743285417557e-03
4.909234121441841125e-03
4.833512939512729645e-03
4.882058128714561462e-03
4.864825401455163956e-03
4.832307808101177216e-03
4.761384334415197372e-03
4.771664272993803024e-03
4.793305415660142899e-03
4.945136606693267822e-03
4.805423785001039505e-03
4.750428721308708191e-03
4.749018233269453049e-03
4.837198182940483093e-03
4.973750561475753784e-03
4.758587572723627090e-03
4.754891153424978256e-03
4.965691827237606049e-03
4.812473431229591370e-03
5.054274108260869980e-03
4.759633447974920273e-03
4.811904393136501312e-03
5.014977417886257172e-03
4.888416733592748642e-03
4.808114375919103622e-03
4.877012688666582108e-03
4.755110479891300201e-03
5.051748827099800110e-03
4.986271727830171585e-03
4.907630383968353271e-03
4.920498933643102646e-03
4.800386261194944382e-03
4.991567227989435196e-03
4.871456418186426163e-03
4.842787981033325195e-03
4.894781392067670822e-03
4.743465222418308258e-03
4.874881822615861893e-03
4.756606183946132660e-03
4.908221308141946793e-03
4.827874712646007538e-03
4.818719811737537384e-03
5.187052302062511444e-03
4.837634507566690445e-03
4.852763842791318893e-03
4.753637593239545822e-03
4.816295579075813293e-03
4.756962880492210388e-03
4.906313959509134293e-03
5.059211514890193939e-03
5.038052331656217575e-03
4.770699422806501389e-03
4.773837048560380936e-03
4.812151193618774414e-03
4.844051785767078400e-03
5.104663781821727753e-03
4.811292514204978943e-03
4.885566886514425278e-03
4.913426470011472702e-03
4.873014986515045166e-03
4.781485069543123245e-03
4.717377480119466782e-03
4.763214848935604095e-03
4.806596785783767700e-03
4.905663430690765381e-03
4.916731733828783035e-03
4.836935549974441528e-03
4.793376196175813675e-03
4.883659537881612778e-03
4.748092032968997955e-03
4.851034842431545258e-03
4.906015470623970032e-03
4.838592372834682465e-03
4.972471855580806732e-03
4.808687604963779449e-03
4.807861521840095520e-03
4.916247911751270294e-03
4.887887276709079742e-03
4.780857823789119720e-03
4.783534444868564606e-03
4.917448852211236954e-03
4.815620835870504379e-03
4.808799363672733307e-03
4.772819578647613525e-03
4.918128252029418945e-03
4.932991228997707367e-03
4.869963042438030243e-03
4.723549820482730865e-03
4.939388949424028397e-03
4.846775904297828674e-03
4.813677165657281876e-03
5.101841408759355545e-03
4.774091765284538269e-03
4.755648318678140640e-03
4.855781793594360352e-03
4.867251496762037277e-03
4.963114392012357712e-03
5.012812092900276184e-03
4.909757059067487717e-03
4.787291400134563446e-03
4.792700521647930145e-03
4.791793413460254669e-03
4.858861211687326431e-03
4.791565705090761185e-03
4.827848635613918304e-03
4.814101848751306534e-03
4.944325890392065048e-03
4.982566926628351212e-03
4.830522928386926651e-03
4.974346142262220383e-03
4.810764919966459274e-03
4.802903160452842712e-03
4.992025438696146011e-03
4.802964627742767334e-03
4.812182392925024033e-03
4.902793560177087784e-03
4.831237718462944031e-03
4.858400207012891769e-03
4.807464778423309326e-03
4.889980424195528030e-03
5.063662771135568619e-03
4.875432699918746948e-03
4.823917523026466370e-03
4.751283209770917892e-03
4.934492055326700211e-03
5.018739029765129089e-03
5.214544478803873062e-03
4.962905310094356537e-03
5.020291078835725784e-03
4.907302558422088623e-03
4.889979958534240723e-03
4.881987813860177994e-03
4.853365477174520493e-03
4.840122535824775696e-03
4.791954997926950455e-03
4.865492694079875946e-03
4.757119808346033096e-03
4.830671939998865128e-03
4.865570459514856339e-03
4.800024442374706268e-03
4.883966874331235886e-03
4.815234337002038956e-03
4.744453821331262589e-03
4.791340790688991547e-03
4.909310955554246902e-03
4.895510617643594742e-03
4.972022026777267456e-03
4.774377681314945221e-03
4.808485507965087891e-03
4.769439343363046646e-03
4.830126650631427765e-03
4.888513591140508652e-03
4.727417603135108948e-03
5.010416731238365173e-03
4.880457185208797455e-03
5.082931369543075562e-03
5.225884728133678436e-03
4.772017709910869598e-03
4.884745925664901733e-03
4.888874478638172150e-03
4.832967184484004974e-03
4.793111234903335571e-03
4.826477728784084320e-03
4.806008189916610718e-03
4.809234756976366043e-03
4.818308632820844650e-03
4.788108170032501221e-03
5.182049237191677094e-03
4.838936962187290192e-03
4.762801341712474823e-03
4.822605289518833160e-03
4.876638762652873993e-03
4.888712428510189056e-03
5.083573982119560242e-03
5.044620484113693237e-03
4.840707406401634216e-03
4.888559691607952118e-03
4.909474402666091919e-03
4.766073543578386307e-03
4.834671970456838608e-03
4.839167930185794830e-03
4.828045144677162170e-03
4.846223630011081696e-03
4.938413389027118683e-03
4.748801700770854950e-03
4.829451441764831543e-03
4.933251999318599701e-03
4.920607432723045349e-03
4.817397799342870712e-03
4.784244112670421600e-03
4.840349778532981873e-03
4.798524547368288040e-03
4.942151252180337906e-03
4.947412759065628052e-03
4.858066793531179428e-03
5.189294926822185516e-03
4.884801339358091354e-03
5.115878302603960037e-03
4.755753558129072189e-03
4.830451682209968567e-03
4.818736109882593155e-03
4.771032836288213730e-03
4.728628788143396378e-03
4.741708282381296158e-03
5.089138168841600418e-03
4.718293901532888412e-03
4.774189088493585587e-03
4.804629366844892502e-03
4.829732235521078110e-03
4.811283666640520096e-03
4.736481700092554092e-03
4.815929569303989410e-03
4.785536322742700577e-03
4.770666360855102539e-03
4.784354008734226227e-03
4.785870667546987534e-03
4.878883715718984604e-03
4.787954036146402359e-03
4.943160340189933777e-03
4.782650154083967209e-03
4.758398979902267456e-03
4.823683761060237885e-03
4.809501115232706070e-03
5.159167572855949402e-03
4.763097036629915237e-03
4.829050507396459579e-03
4.775783512741327286e-03
4.899823572486639023e-03
4.808774217963218689e-03
4.843321628868579865e-03
4.753828980028629303e-03
5.004168022423982620e-03
4.734909161925315857e-03
4.899391904473304749e-03
5.079121794551610947e-03
4.915543366223573685e-03
4.907115828245878220e-03
4.879927728325128555e-03
4.867281764745712280e-03
4.751386120915412903e-03
4.898537416011095047e-03
5.102955270558595657e-03
4.930477589368820190e-03
4.770257975906133652e-03
4.898949526250362396e-03
4.932700190693140030e-03
5.199300125241279602e-03
4.912826232612133026e-03
4.781091120094060898e-03
4.778526257723569870e-03
4.839523695409297943e-03
4.834136459976434708e-03
4.738456103950738907e-03
4.762534517794847488e-03
4.773832391947507858e-03
4.829945042729377747e-03
4.886602982878684998e-03
4.886952228844165802e-03
4.927455447614192963e-03
4.798837006092071533e-03
4.805881995707750320e-03
4.776299931108951569e-03
4.848211538046598434e-03
4.939119331538677216e-03
4.839568864554166794e-03
4.794432781636714935e-03
4.783483687788248062e-03
4.835644271224737167e-03
4.811973311007022858e-03
4.853094927966594696e-03
4.816388245671987534e-03
4.767165984958410263e-03
4.914373625069856644e-03
4.711427725851535797e-03
4.931611474603414536e-03
4.847930744290351868e-03
4.767737817019224167e-03
4.912833683192729950e-03
4.761062096804380417e-03
4.944737534970045090e-03
4.822464194148778915e-03
4.786311648786067963e-03
4.728465806692838669e-03
5.274582654237747192e-03
4.809538368135690689e-03
4.775350913405418396e-03
4.794280044734477997e-03
4.819419234991073608e-03
4.810850135982036591e-03
5.025841295719146729e-03
4.827178083360195160e-03
4.769878927618265152e-03
4.793966189026832581e-03
4.821616690605878830e-03
4.826783202588558197e-03
5.026958882808685303e-03
4.750677384436130524e-03
4.809502977877855301e-03
4.768593236804008484e-03
4.774458240717649460e-03
4.830829333513975143e-03
4.988646600395441055e-03
4.808592144399881363e-03
4.820331465452909470e-03
4.802289418876171112e-03
4.814324900507926941e-03
4.833789542317390442e-03
4.998106975108385086e-03
4.739587660878896713e-03
4.876448772847652435e-03
4.846065305173397064e-03
4.823954775929450989e-03
5.118256900459527969e-03
4.813508130609989166e-03
4.726835060864686966e-03
4.956861957907676697e-03
5.055257584899663925e-03
4.830899648368358612e-03
4.881535191088914871e-03
4.784066230058670044e-03
4.905830603092908859e-03
4.961249884217977524e-03
4.888398107141256332e-03
4.756947048008441925e-03
4.838224966078996658e-03
4.807677585631608963e-03
4.756900481879711151e-03
4.766429308801889420e-03
4.766340367496013641e-03
4.789981059730052948e-03
4.892416298389434814e-03
5.044340621680021286e-03
4.821263719350099564e-03
4.833398386836051941e-03
4.779731389135122299e-03
5.057473201304674149e-03
4.836344625800848007e-03
4.882523324340581894e-03
4.898641724139451981e-03
4.815634805709123611e-03
4.753212910145521164e-03
4.879428073763847351e-03
4.749349318444728851e-03
4.777490627020597458e-03
4.780398216098546982e-03
4.862521309405565262e-03
4.863240290433168411e-03
4.797474015504121780e-03
4.779561422765254974e-03
5.022994708269834518e-03
5.021069198846817017e-03
4.795385990291833878e-03
4.946423228830099106e-03
4.907301161438226700e-03
4.787655081599950790e-03
4.917338956147432327e-03
4.947694484144449234e-03
4.747839644551277161e-03
4.728527739644050598e-03
5.085607990622520447e-03
4.767598584294319153e-03
4.733209032565355301e-03
4.880081396549940109e-03
4.777708556503057480e-03
4.909442272037267685e-03
5.137341562658548355e-03
5.059127230197191238e-03
5.294061731547117233e-03
4.956005141139030457e-03
4.746719263494014740e-03
4.730731714516878128e-03
4.811573773622512817e-03
4.981389269232749939e-03
4.902086220681667328e-03
4.764446057379245758e-03
4.806078504770994186e-03
4.920171573758125305e-03
4.798591136932373047e-03
4.723001737147569656e-03
4.824423696845769882e-03
4.813073668628931046e-03
4.803883377462625504e-03
4.887712188065052032e-03
4.811082966625690460e-03
4.825479350984096527e-03
4.745950922369956970e-03
4.875076469033956528e-03
4.911419935524463654e-03
4.836181178689002991e-03
5.339228082448244095e-03
5.068843252956867218e-03
4.947162233293056488e-03
4.774959292262792587e-03
4.903530236333608627e-03
4.986272193491458893e-03
4.844698589295148849e-03
4.711152520030736923e-03
4.762995988130569458e-03
4.985713399946689606e-03
4.803159274160861969e-03
4.840125329792499542e-03
4.938528873026371002e-03
4.811434075236320496e-03
4.774031694978475571e-03
4.937383811920881271e-03
4.845526069402694702e-03
4.757675342261791229e-03
4.934854339808225632e-03
4.758733790367841721e-03
4.907496273517608643e-03
4.736452829092741013e-03
4.790936596691608429e-03
4.801466595381498337e-03
4.827001597732305527e-03
4.903578665107488632e-03
4.793153144419193268e-03
4.782734904438257217e-03
4.747401457279920578e-03
4.842953290790319443e-03
4.717762116342782974e-03
4.839762113988399506e-03
4.785411991178989410e-03
4.742839839309453964e-03
4.713176749646663666e-03
4.863529466092586517e-03
4.843136761337518692e-03
4.847217351198196411e-03
4.712818190455436707e-03
4.835932049900293350e-03
4.853272344917058945e-03
4.957933444529771805e-03
5.021046847105026245e-03
4.727691877633333206e-03
4.800095222890377045e-03
4.894895479083061218e-03
5.064716096967458725e-03
4.912913311272859573e-03
4.994167480617761612e-03
4.749155603349208832e-03
4.854268860071897507e-03
5.012871697545051575e-03
4.978006705641746521e-03
4.888734314590692520e-03
4.767745267599821091e-03
4.776596091687679291e-03
4.880622494965791702e-03
4.928622860461473465e-03
4.810239654034376144e-03
4.774405155330896378e-03
4.769344348460435867e-03
4.936041776090860367e-03
5.185755901038646698e-03
4.803634248673915863e-03
4.848509095609188080e-03
4.988371394574642181e-03
4.994931165128946304e-03
4.796686116605997086e-03
4.881783854216337204e-03
4.977412056177854538e-03
4.829742945730686188e-03
4.889808595180511475e-03
4.976239986717700958e-03
5.013664253056049347e-03
4.945938009768724442e-03
4.794019740074872971e-03
4.757265560328960419e-03
4.781743045896291733e-03
4.738381598144769669e-03
4.755334462970495224e-03
4.833109676837921143e-03
4.810255020856857300e-03
4.727251362055540085e-03
4.740762058645486832e-03
4.790404811501502991e-03
4.836384672671556473e-03
4.725865088403224945e-03
4.810909274965524673e-03
4.861774388700723648e-03
4.810890648514032364e-03
5.116486456245183945e-03
4.874501843005418777e-03
5.097564309835433960e-03
5.193681921809911728e-03
5.127987358719110489e-03
4.750921856611967087e-03
4.818635527044534683e-03
5.056375171989202499e-03
4.867202136665582657e-03
4.810944199562072754e-03
4.840002395212650299e-03
4.921317100524902344e-03
4.749867133796215057e-03
4.834830760955810547e-03
4.812152124941349030e-03
4.851136356592178345e-03
4.889424424618482590e-03
4.815505817532539368e-03
4.955346696078777313e-03
4.833859857171773911e-03
4.766313824802637100e-03
4.828807432204484940e-03
4.724435042589902878e-03
4.875034093856811523e-03
4.748906474560499191e-03
4.747197497636079788e-03
4.893450532108545303e-03
4.841586109250783920e-03
4.735835362225770950e-03
4.784806165844202042e-03
4.851494450122117996e-03
4.860814660787582397e-03
4.736519418656826019e-03
4.899994935840368271e-03
4.804805386811494827e-03
4.763320088386535645e-03
4.760136827826499939e-03
4.870366305112838745e-03
4.742965102195739746e-03
4.816100001335144043e-03
4.807656630873680115e-03
4.947862122207880020e-03
4.909578245133161545e-03
5.085287615656852722e-03
5.019099451601505280e-03
4.978715442121028900e-03
4.831027239561080933e-03
4.795421380549669266e-03
4.869392141699790955e-03
4.869816824793815613e-03
4.856000654399394989e-03
4.843239672482013702e-03
4.835591651499271393e-03
4.802138078957796097e-03
4.733187146484851837e-03
4.777748137712478638e-03
4.845404997467994690e-03
4.895553458482027054e-03
4.817952401936054230e-03
4.724770784378051758e-03
4.797676578164100647e-03
4.781574476510286331e-03
4.887687042355537415e-03
4.731699358671903610e-03
4.784453194588422775e-03
4.739250056445598602e-03
4.836463835090398788e-03
4.872854799032211304e-03
4.842360969632863998e-03
4.995011258870363235e-03
4.937526769936084747e-03
4.878934938460588455e-03
4.764634184539318085e-03
4.796183202415704727e-03
4.848309792578220367e-03
4.815055523067712784e-03
4.814281594008207321e-03
4.984386265277862549e-03
4.872198682278394699e-03
4.920075181871652603e-03
5.177441518753767014e-03
4.912749864161014557e-03
4.938539583235979080e-03
4.900726489722728729e-03
4.975048825144767761e-03
4.873584955930709839e-03
4.777772352099418640e-03
4.920492414385080338e-03
4.913623444736003876e-03
4.830755293369293213e-03
5.065225996077060699e-03
4.991788417100906372e-03
4.872598685324192047e-03
4.915349185466766357e-03
4.899642895907163620e-03
4.980097524821758270e-03
4.896097816526889801e-03
4.819328896701335907e-03
4.957835655659437180e-03
4.900757223367691040e-03
4.902681335806846619e-03
4.811094608157873154e-03
4.944462329149246216e-03
4.802980460226535797e-03
4.708282183855772018e-03
4.830988589674234390e-03
4.874566569924354553e-03
4.751883447170257568e-03
4.782356787472963333e-03
4.810161888599395752e-03
4.739385563880205154e-03
4.794829059392213821e-03
4.748694598674774170e-03
4.797710105776786804e-03
4.749450832605361938e-03
4.812506493180990219e-03
4.854402039200067520e-03
4.820427391678094864e-03
4.789194092154502869e-03
4.747211001813411713e-03
4.823906812816858292e-03
4.794019740074872971e-03
4.968995228409767151e-03
4.800620023161172867e-03
4.770654719322919846e-03
4.723786842077970505e-03
4.859145265072584152e-03
4.783105570822954178e-03
4.713987931609153748e-03
4.868282936513423920e-03
4.870802164077758789e-03
4.690355621278285980e-03
4.760967101901769638e-03
4.699858371168375015e-03
4.825023934245109558e-03
4.796215333044528961e-03
4.893412347882986069e-03
4.888526629656553268e-03
4.831076133996248245e-03
4.905841313302516937e-03
4.843437578529119492e-03
4.752831067889928818e-03
5.056342110037803650e-03
4.739673808217048645e-03
4.818564746528863907e-03
4.901821259409189224e-03
4.835853818804025650e-03
4.861280787736177444e-03
4.781354684382677078e-03
5.127566866576671600e-03
4.845104180276393890e-03
5.130517762154340744e-03
4.899142775684595108e-03
4.746272228658199310e-03
4.772947635501623154e-03
4.814187996089458466e-03
4.898842889815568924e-03
4.904869943857192993e-03
4.816843196749687195e-03
4.908265080302953720e-03
4.807859193533658981e-03
4.950029309839010239e-03
4.851108882576227188e-03
5.139511078596115112e-03
5.097558721899986267e-03
4.752234555780887604e-03
4.726424813270568848e-03
4.738138057291507721e-03
4.810665734112262726e-03
4.708215594291687012e-03
4.791177343577146530e-03
4.716053139418363571e-03
4.864557180553674698e-03
4.856809042394161224e-03
4.842693917453289032e-03
5.095716100186109543e-03
4.995722789317369461e-03
4.801402334123849869e-03
4.863939248025417328e-03
4.705653525888919830e-03
4.759760573506355286e-03
4.760519601404666901e-03
4.758351948112249374e-03
4.883534274995326996e-03
4.780209157615900040e-03
4.843960516154766083e-03
4.821388516575098038e-03
4.984207917004823685e-03
4.773121327161788940e-03
4.885133355855941772e-03
4.964918829500675201e-03
5.068929400295019150e-03
4.834598861634731293e-03
4.950809758156538010e-03
4.929875954985618591e-03
4.813568200916051865e-03
4.730548243969678879e-03
4.799203947186470032e-03
4.984511528164148331e-03
4.995400086045265198e-03
4.843672737479209900e-03
4.938616883009672165e-03
4.918171092867851257e-03
4.709172993898391724e-03
5.165664013475179672e-03
4.797047469764947891e-03
4.792941734194755554e-03
4.790858365595340729e-03
4.792225081473588943e-03
5.157132167369127274e-03
4.890023265033960342e-03
4.853705875575542450e-03
5.219090264290571213e-03
4.996848292648792267e-03
4.917585290968418121e-03
4.717872943729162216e-03
4.931288305670022964e-03
4.811554681509733200e-03
4.863398615270853043e-03
4.695788491517305374e-03
4.956390243023633957e-03
4.873681813478469849e-03
4.811554681509733200e-03
4.817874170839786530e-03
4.786509554833173752e-03
4.728955216705799103e-03
4.994358401745557785e-03
4.873977974057197571e-03
4.870773758739233017e-03
4.924042616039514542e-03
4.778220318257808685e-03
4.949691239744424820e-03
4.814909305423498154e-03
4.790687467902898788e-03
4.812392871826887131e-03
4.742534831166267395e-03
4.790325649082660675e-03
4.804206080734729767e-03
4.834128543734550476e-03
4.794064443558454514e-03
4.912239499390125275e-03
4.984844010323286057e-03
4.769590217620134354e-03
4.926217719912528992e-03
4.761885851621627808e-03
4.762478172779083252e-03
4.740155301988124847e-03
4.794324282556772232e-03
4.960014950484037399e-03
4.899710882455110550e-03
4.767436068505048752e-03
4.901000298559665680e-03
4.815323278307914734e-03
4.971835296601057053e-03
4.833818413317203522e-03
4.784259013831615448e-03
4.882097244262695312e-03
4.849021323025226593e-03
5.009800195693969727e-03
4.875331651419401169e-03
4.788830410689115524e-03
4.708672873675823212e-03
4.796216730028390884e-03
4.802215378731489182e-03
4.778600297868251801e-03
4.857547115534543991e-03
5.017517600208520889e-03
4.809511825442314148e-03
5.092447623610496521e-03
4.746866878122091293e-03
4.919337108731269836e-03
4.750259220600128174e-03
4.818323999643325806e-03
4.814457613974809647e-03
4.860804416239261627e-03
4.757899791002273560e-03
4.829912912100553513e-03
4.826246760785579681e-03
4.902808461338281631e-03
4.981592297554016113e-03
4.853447899222373962e-03
4.722360055893659592e-03
4.834536463022232056e-03
5.111507140100002289e-03
4.780724644660949707e-03
4.768682643771171570e-03
4.726895131170749664e-03
4.917120561003684998e-03
4.994899965822696686e-03
4.909452050924301147e-03
4.972683265805244446e-03
4.835362546145915985e-03
4.860142711549997330e-03
4.975254181772470474e-03
4.730177111923694611e-03
4.817553330212831497e-03
4.783894401043653488e-03
4.722315352410078049e-03
4.922065418213605881e-03
4.850794095546007156e-03
4.857330117374658585e-03
4.748333711177110672e-03
4.854741971939802170e-03
4.743821918964385986e-03
4.747168626636266708e-03
4.767527338117361069e-03
4.854308906942605972e-03
4.851055797189474106e-03
4.750023130327463150e-03
4.771335981786251068e-03
4.733472596853971481e-03
4.812738392502069473e-03
5.150089971721172333e-03
4.961943719536066055e-03
4.962318111211061478e-03
4.882974550127983093e-03
5.026134196668863297e-03
4.928112030029296875e-03
4.839670378714799881e-03
4.745281767100095749e-03
5.022673401981592178e-03
4.744774196296930313e-03
4.832401871681213379e-03
4.866505973041057587e-03
4.711489658802747726e-03
4.836274776607751846e-03
4.890126641839742661e-03
4.863670095801353455e-03
4.872563760727643967e-03
4.905621986836194992e-03
4.877322353422641754e-03
4.830813966691493988e-03
4.755104891955852509e-03
4.806178621947765350e-03
4.838342312723398209e-03
5.119146313518285751e-03
4.845237825065851212e-03
4.931662697345018387e-03
4.818685818463563919e-03
4.815756808966398239e-03
4.798009060323238373e-03
4.752963315695524216e-03
4.836488049477338791e-03
4.834749735891819000e-03
4.711528774350881577e-03
4.743912722915410995e-03
4.786978475749492645e-03
4.754810128360986710e-03
4.922647494822740555e-03
4.865811672061681747e-03
5.021532066166400909e-03
4.827571101486682892e-03
4.763078875839710236e-03
4.827926866710186005e-03
4.803066607564687729e-03
4.863579291850328445e-03
4.743478260934352875e-03
4.787710960954427719e-03
4.959562793374061584e-03
4.919889383018016815e-03
4.811361432075500488e-03
4.984396975487470627e-03
4.786828067153692245e-03
4.750522784888744354e-03
4.858988337218761444e-03
4.701577592641115189e-03
4.766756668686866760e-03
4.919727332890033722e-03
4.745124373584985733e-03
4.767699167132377625e-03
4.773227497935295105e-03
4.803954623639583588e-03
4.786006174981594086e-03
4.705901257693767548e-03
4.953180439770221710e-03
4.830447025597095490e-03
4.798446316272020340e-03
4.805082455277442932e-03
4.846307914704084396e-03
4.732054658234119415e-03
5.078724585473537445e-03
4.808797501027584076e-03
4.976158030331134796e-03
4.865684546530246735e-03
4.788382444530725479e-03
4.773097578436136246e-03
4.825821146368980408e-03
4.704275168478488922e-03
4.781814757734537125e-03
4.744135774672031403e-03
4.996879026293754578e-03
4.855092614889144897e-03
4.740754142403602600e-03
4.773986525833606720e-03
4.956156946718692780e-03
5.053080618381500244e-03
4.972519818693399429e-03
5.021943245083093643e-03
4.758242517709732056e-03
4.983431659638881683e-03
4.723350051790475845e-03
4.817567765712738037e-03
5.058369133621454239e-03
4.761605989187955856e-03
4.780931398272514343e-03
4.807067569345235825e-03
4.863520152866840363e-03
4.880297463387250900e-03
4.734415560960769653e-03
4.857715684920549393e-03
4.778317641466856003e-03
4.716016817837953568e-03
5.072404630482196808e-03
4.883185960352420807e-03
4.967981949448585510e-03
4.799056798219680786e-03
4.832119680941104889e-03
4.717834759503602982e-03
4.778170492500066757e-03
4.975056741386651993e-03
4.992934875190258026e-03
5.006670951843261719e-03
4.919850733131170273e-03
4.766927100718021393e-03
4.814723506569862366e-03
4.928037058562040329e-03
4.734268877655267715e-03
4.858554340898990631e-03
4.741309676319360733e-03
4.821708425879478455e-03
4.985787440091371536e-03
4.805193748325109482e-03
4.730761051177978516e-03
4.879071377217769623e-03
5.017940420657396317e-03
5.036740098148584366e-03
4.808790516108274460e-03
4.762258846312761307e-03
4.777914378792047501e-03
4.798504523932933807e-03
4.729316569864749908e-03
4.783911164849996567e-03
4.877471365034580231e-03
4.771212115883827209e-03
4.789533093571662903e-03
4.935161676257848740e-03
4.863840527832508087e-03
4.841892980039119720e-03
4.776405636221170425e-03
4.760439042001962662e-03
4.856153391301631927e-03
4.766325466334819794e-03
4.712649155408143997e-03
4.959641955792903900e-03
4.730108194053173065e-03
4.756694193929433823e-03
4.734837915748357773e-03
4.815995227545499802e-03
4.834442399442195892e-03
5.148402415215969086e-03
4.821533802896738052e-03
4.898505751043558121e-03
4.764302168041467667e-03
4.834598861634731293e-03
4.709779750555753708e-03
4.736126866191625595e-03
4.935889039188623428e-03
4.935495089739561081e-03
4.748888779431581497e-03
4.952295217663049698e-03
4.815821535885334015e-03
4.794306587427854538e-03
4.782916046679019928e-03
4.891624208539724350e-03
4.729501437395811081e-03
5.087355617433786392e-03
4.913986194878816605e-03
4.935108590871095657e-03
4.845757037401199341e-03
4.817847628146409988e-03
4.870950710028409958e-03
4.840536508709192276e-03
4.978270735591650009e-03
4.927110392600297928e-03
4.759996663779020309e-03
4.831803031265735626e-03
4.786418750882148743e-03
4.789656493812799454e-03
4.834221675992012024e-03
4.861716181039810181e-03
4.851533100008964539e-03
4.733340349048376083e-03
4.913251847028732300e-03
4.724493715912103653e-03
4.784831311553716660e-03
4.724917467683553696e-03
4.761917982250452042e-03
5.008600186556577682e-03
4.784258548170328140e-03
4.926798865199089050e-03
4.729839973151683807e-03
5.039425101131200790e-03
4.933225456625223160e-03
4.989338107407093048e-03
4.774051718413829803e-03
5.019707139581441879e-03
5.073096137493848801e-03
4.807590972632169724e-03
4.833640065044164658e-03
4.829567857086658478e-03
4.826454911381006241e-03
4.730121698230504990e-03
4.849421791732311249e-03
4.736085887998342514e-03
4.775143694132566452e-03
5.105065181851387024e-03
4.835929721593856812e-03
4.830438178032636642e-03
4.890980664640665054e-03
4.828104749321937561e-03
4.857249092310667038e-03
4.782306496053934097e-03
4.886571783572435379e-03
4.848849494010210037e-03
4.793785046786069870e-03
4.847397096455097198e-03
4.872553981840610504e-03
5.127070005983114243e-03
4.857020918279886246e-03
4.766656085848808289e-03
4.931423347443342209e-03
4.817031789571046829e-03
5.055326037108898163e-03
4.780822433531284332e-03
4.761055111885070801e-03
4.729499574750661850e-03
4.729142412543296814e-03
4.890084266662597656e-03
4.851638805121183395e-03
4.733735695481300354e-03
5.015031434595584869e-03
4.866576753556728363e-03
4.882030189037322998e-03
4.762812051922082901e-03
4.794332664459943771e-03
4.849111661314964294e-03
4.940374754369258881e-03
4.932157695293426514e-03
4.997907206416130066e-03
5.034747533500194550e-03
5.019030999392271042e-03
4.759026225656270981e-03
4.784501623362302780e-03
4.871365148574113846e-03
4.722674377262592316e-03
4.782587755471467972e-03
4.848274402320384979e-03
4.902757704257965088e-03
4.885020665824413300e-03
4.915895871818065643e-03
4.701925441622734070e-03
4.968244582414627075e-03
4.887411836534738541e-03
4.949548747390508652e-03
4.740973934531211853e-03
4.793479107320308685e-03
4.978946875780820847e-03
4.950264468789100647e-03
4.791057202965021133e-03
4.905560053884983063e-03
4.708166699856519699e-03
4.756185691803693771e-03
4.770521074533462524e-03
4.768954124301671982e-03
4.982633516192436218e-03
4.767626058310270309e-03
4.815192893147468567e-03
4.951070528477430344e-03
4.746108315885066986e-03
4.788422025740146637e-03
4.695645533502101898e-03
4.774177912622690201e-03
4.765294957906007767e-03
4.769021179527044296e-03
4.775833804160356522e-03
4.701460245996713638e-03
4.822783637791872025e-03
4.886468406766653061e-03
4.864742513746023178e-03
4.734408110380172729e-03
4.924101755023002625e-03
4.713905043900012970e-03
4.706912674009799957e-03
4.840819165110588074e-03
5.061313975602388382e-03
4.741927608847618103e-03
4.781242460012435913e-03
4.808858502656221390e-03
4.862193018198013306e-03
4.880725871771574020e-03
4.689781460911035538e-03
4.925329238176345825e-03
4.732165485620498657e-03
4.854522179812192917e-03
5.006419494748115540e-03
4.810795653611421585e-03
4.948221147060394287e-03
4.933770745992660522e-03
4.992916248738765717e-03
4.943359643220901489e-03
4.769815132021903992e-03
4.708406049758195877e-03
4.851066973060369492e-03
4.844901617616415024e-03
4.849798046052455902e-03
4.810359328985214233e-03
4.755049012601375580e-03
4.979904741048812866e-03
4.822063259780406952e-03
4.856457002460956573e-03
4.816739354282617569e-03
4.790433682501316071e-03
4.748788662254810333e-03
4.844513721764087677e-03
4.903729073703289032e-03
4.880715161561965942e-03
4.762757103890180588e-03
4.702095873653888702e-03
4.885684233158826828e-03
4.923055414110422134e-03
4.782133735716342926e-03
4.792211577296257019e-03
4.943197593092918396e-03
4.900502040982246399e-03
4.793707747012376785e-03
4.748160950839519501e-03
4.806393291801214218e-03
4.982084501534700394e-03
4.820528440177440643e-03
4.694521427154541016e-03
4.874193109571933746e-03
4.935731180012226105e-03
4.830607678741216660e-03
4.827423952519893646e-03
4.835356026887893677e-03
4.696384072303771973e-03
5.440226290374994278e-03
4.784652963280677795e-03
4.805653821676969528e-03
4.806916229426860809e-03
4.752689041197299957e-03
4.821405746042728424e-03
4.751577973365783691e-03
4.897229839116334915e-03
4.867125768214464188e-03
4.804762080311775208e-03
4.751778673380613327e-03
4.909173119813203812e-03
4.903265740722417831e-03
4.917655605822801590e-03
4.857597872614860535e-03
4.753740038722753525e-03
4.807915072888135910e-03
4.797215573489665985e-03
4.798006732016801834e-03
4.882195498794317245e-03
5.054645240306854248e-03
4.754409193992614746e-03
4.832916427403688431e-03
4.754498135298490524e-03
4.830865655094385147e-03
4.860131070017814636e-03
4.998540505766868591e-03
4.824779927730560303e-03
4.847520962357521057e-03
4.741454496979713440e-03
4.728528670966625214e-03
4.849523305892944336e-03
4.757470451295375824e-03
4.779438953846693039e-03
5.032373126596212387e-03
4.781391005963087082e-03
4.891010466963052750e-03
4.873306956142187119e-03
4.812220111489295959e-03
4.854610655456781387e-03
4.806243814527988434e-03
4.766095895320177078e-03
4.843159113079309464e-03
4.735626280307769775e-03
4.769907332956790924e-03
5.138217005878686905e-03
4.799672868102788925e-03
4.879619460552930832e-03
4.798511043190956116e-03
4.730263259261846542e-03
4.773193039000034332e-03
4.743394441902637482e-03
4.832478240132331848e-03
4.953906871378421783e-03
4.965718369930982590e-03
4.766967613250017166e-03
4.877971950918436050e-03
4.817922599613666534e-03
4.865083377808332443e-03
4.952605348080396652e-03
4.801571834832429886e-03
4.853577353060245514e-03
4.811415448784828186e-03
4.886105656623840332e-03
4.806356504559516907e-03
4.903807304799556732e-03
4.740505479276180267e-03
4.751984495669603348e-03
4.832569975405931473e-03
4.724071826785802841e-03
4.981508478522300720e-03
4.717901814728975296e-03
4.790096543729305267e-03
4.822994116693735123e-03
4.754994064569473267e-03
5.046602338552474976e-03
4.837556742131710052e-03
4.852950572967529297e-03
4.941450897604227066e-03
4.762480501085519791e-03
4.759271629154682159e-03
4.806949291378259659e-03
4.830137826502323151e-03
4.736129194498062134e-03
4.778825677931308746e-03
4.883387591689825058e-03
4.895655438303947449e-03
4.876575432717800140e-03
4.883244633674621582e-03
4.797015804797410965e-03
4.713552072644233704e-03
4.896280355751514435e-03
4.873417783528566360e-03
4.728907719254493713e-03
4.780574236065149307e-03
4.721853882074356079e-03
4.714737646281719208e-03
5.078794900327920914e-03
4.870983306318521500e-03
4.802994430065155029e-03
4.814060404896736145e-03
4.962475504726171494e-03
4.806385841220617294e-03
4.813392646610736847e-03
4.839750938117504120e-03
4.915724042803049088e-03
4.942845553159713745e-03
4.784855991601943970e-03
4.810239654034376144e-03
4.789016209542751312e-03
4.792388528585433960e-03
4.833999089896678925e-03
4.832940641790628433e-03
4.914138931781053543e-03
4.812926985323429108e-03
4.697480238974094391e-03
4.719967488199472427e-03
4.763397388160228729e-03
4.742088261991739273e-03
4.811496939510107040e-03
4.802579525858163834e-03
4.755705129355192184e-03
4.816851112991571426e-03
4.741583019495010376e-03
4.743841476738452911e-03
4.724169149994850159e-03
4.795506596565246582e-03
4.746105987578630447e-03
4.789871163666248322e-03
4.799860995262861252e-03
4.792341496795415878e-03
5.117457360029220581e-03
4.819823894649744034e-03
4.789365455508232117e-03
4.888446535915136337e-03
4.734987393021583557e-03
4.812981002032756805e-03
4.792261403053998947e-03
4.761512856930494308e-03
4.861592315137386322e-03
4.946411121636629105e-03
5.070023238658905029e-03
4.872139543294906616e-03
4.932222887873649597e-03
4.876663442701101303e-03
4.804160445928573608e-03
4.789945669472217560e-03
4.759041126817464828e-03
4.821496084332466125e-03
4.711269866675138474e-03
4.812267143279314041e-03
5.003681872040033340e-03
5.126795731484889984e-03
5.016049835830926895e-03
4.766208585351705551e-03
4.768019076436758041e-03
4.900451283901929855e-03
5.015800707042217255e-03
4.895336460322141647e-03
4.820318426936864853e-03
4.715052898973226547e-03
4.905551206320524216e-03
4.835902713239192963e-03
4.787109792232513428e-03
4.710906650871038437e-03
4.936305806040763855e-03
4.768484272062778473e-03
4.849166609346866608e-03
4.761940333992242813e-03
4.802241921424865723e-03
4.913269076496362686e-03
4.834514111280441284e-03
4.841657821089029312e-03
4.816272761672735214e-03
4.728676285594701767e-03
4.735106602311134338e-03
4.820093978196382523e-03
4.838805645704269409e-03
4.825223702937364578e-03
4.781582392752170563e-03
4.791324492543935776e-03
4.802521783858537674e-03
4.750668536871671677e-03
4.914248362183570862e-03
4.835547879338264465e-03
4.842957947403192520e-03
4.771006759256124496e-03
4.851832054555416107e-03
4.757277667522430420e-03
4.856230691075325012e-03
4.718986805528402328e-03
4.951923619955778122e-03
4.808368161320686340e-03
4.846084397286176682e-03
4.871045704931020737e-03
4.745205398648977280e-03
4.768683575093746185e-03
4.775540903210639954e-03
4.735196940600872040e-03
4.778492264449596405e-03
4.806192126125097275e-03
4.854582715779542923e-03
4.712339956313371658e-03
4.816466476768255234e-03
4.701755009591579437e-03
4.810436163097620010e-03
4.747834522277116776e-03
4.902188200503587723e-03
4.729894921183586121e-03
4.919110331684350967e-03
4.856915213167667389e-03
4.757884889841079712e-03
4.749566782265901566e-03
4.997531417757272720e-03
4.920931998640298843e-03
5.034989211708307266e-03
4.907326307147741318e-03
4.787801299244165421e-03
4.885202739387750626e-03
4.821662791073322296e-03
5.008053965866565704e-03
4.876689054071903229e-03
4.907497204840183258e-03
4.829606972634792328e-03
5.153912585228681564e-03
4.824868869036436081e-03
4.858681932091712952e-03
4.837501328438520432e-03
4.802742507308721542e-03
4.788074176758527756e-03
4.766694270074367523e-03
4.753310699015855789e-03
4.731426946818828583e-03
4.756443668156862259e-03
4.733972251415252686e-03
4.930675029754638672e-03
4.762812051922082901e-03
4.696208517998456955e-03
4.737102892249822617e-03
4.973794799298048019e-03
4.909776151180267334e-03
4.857811611145734787e-03
5.141968373209238052e-03
4.797697532922029495e-03
4.716147202998399734e-03
4.750511609017848969e-03
4.867501556873321533e-03
4.833912476897239685e-03
5.116944666951894760e-03
4.784058313816785812e-03
4.829351790249347687e-03
4.722580313682556152e-03
4.898368846625089645e-03
4.999410361051559448e-03
5.056638736277818680e-03
4.835296422243118286e-03
4.940816666930913925e-03
4.717295989394187927e-03
4.803532268851995468e-03
4.761673044413328171e-03
4.848240874707698822e-03
4.712858702987432480e-03
4.791134037077426910e-03
4.820739384740591049e-03
5.019073840230703354e-03
4.810566548258066177e-03
4.718363750725984573e-03
4.754942376166582108e-03
4.794782958924770355e-03
4.927080590277910233e-03
4.941526800394058228e-03
4.926418419927358627e-03
4.734791349619626999e-03
4.751862026751041412e-03
5.063011310994625092e-03
4.826896358281373978e-03
4.699170589447021484e-03
4.778674803674221039e-03
4.736833274364471436e-03
4.769140388816595078e-03
4.838836845010519028e-03
4.906523507088422775e-03
4.994031507521867752e-03
4.770554602146148682e-03
4.869595170021057129e-03
4.783516749739646912e-03
4.812154453247785568e-03
4.744471982121467590e-03
4.806715995073318481e-03
5.052176304161548615e-03
4.851801320910453796e-03
4.942906554788351059e-03
4.798172041773796082e-03
4.967217799276113510e-03
4.845388699322938919e-03
4.831007216125726700e-03
4.862091038376092911e-03
4.851414356380701065e-03
4.836556036025285721e-03
4.919881001114845276e-03
4.905306734144687653e-03
4.839480854570865631e-03
4.772476386278867722e-03
4.905365873128175735e-03
5.063954740762710571e-03
4.902569111436605453e-03
4.797478672116994858e-03
4.857166670262813568e-03
4.736938048154115677e-03
4.751200787723064423e-03
4.779256414622068405e-03
4.750939551740884781e-03
4.824895411729812622e-03
4.934459459036588669e-03
4.862377420067787170e-03
4.709921777248382568e-03
4.817246459424495697e-03
4.713013768196105957e-03
4.791174083948135376e-03
4.862684756517410278e-03
4.735060036182403564e-03
4.861092660576105118e-03
4.778910428285598755e-03
4.850487690418958664e-03
4.915530793368816376e-03
4.853306338191032410e-03
4.864223767071962357e-03
4.849826917052268982e-03
5.001060198992490768e-03
4.788879305124282837e-03
4.861355293542146683e-03
4.735415801405906677e-03
4.703504964709281921e-03
4.753362853080034256e-03
4.902707878500223160e-03
4.748526494950056076e-03
4.836244042962789536e-03
4.727881867438554764e-03
4.758735187351703644e-03
4.765092395246028900e-03
4.854277707636356354e-03
4.865340888500213623e-03
4.761019255965948105e-03
4.915824625641107559e-03
4.841196816414594650e-03
4.797825589776039124e-03
4.775694571435451508e-03
4.773508291691541672e-03
4.781709052622318268e-03
4.798234440386295319e-03
4.847180098295211792e-03
4.983483348041772842e-03
4.952461924403905869e-03
4.843418952077627182e-03
4.842135589569807053e-03
4.813326988369226456e-03
4.751529078930616379e-03
4.791707731783390045e-03
4.933938849717378616e-03
4.888284020125865936e-03
4.737707320600748062e-03
5.462276283651590347e-03
5.323046352714300156e-03
4.869002383202314377e-03
4.866497591137886047e-03
4.791894461959600449e-03
4.860514774918556213e-03
4.819860681891441345e-03
4.827048163861036301e-03
4.790300037711858749e-03
4.748584702610969543e-03
4.755107685923576355e-03
4.812317434698343277e-03
4.855542443692684174e-03
4.731434397399425507e-03
4.791903309524059296e-03
4.759834147989749908e-03
4.836450796574354172e-03
4.879988729953765869e-03
4.794224631041288376e-03
4.868292249739170074e-03
4.830108024179935455e-03
4.778711590915918350e-03
4.837044980376958847e-03
4.754851572215557098e-03
4.715331830084323883e-03
4.777234047651290894e-03
4.780366085469722748e-03
4.715783521533012390e-03
4.721768200397491455e-03
4.717836156487464905e-03
4.795461893081665039e-03
4.953596740961074829e-03
4.761120770126581192e-03
4.891103133559226990e-03
4.950753413140773773e-03
4.811809398233890533e-03
4.757415503263473511e-03
4.728262312710285187e-03
4.746375139802694321e-03
4.802008625119924545e-03
4.813824780285358429e-03
4.995845723897218704e-03
4.906619433313608170e-03
4.851153586059808731e-03
4.794998094439506531e-03
4.775272682309150696e-03
4.697680473327636719e-03
4.926162306219339371e-03
4.879849031567573547e-03
4.981559701263904572e-03
4.802849609404802322e-03
4.962743725627660751e-03
4.939063452184200287e-03
5.154703743755817413e-03
4.901255015283823013e-03
4.724455531686544418e-03
5.031662993133068085e-03
4.767355509102344513e-03
4.937951453030109406e-03
4.744605161249637604e-03
4.832166712731122971e-03
4.815904423594474792e-03
4.955735057592391968e-03
4.856992512941360474e-03
4.832837730646133423e-03
4.789203871041536331e-03
4.781375639140605927e-03
4.789949860423803329e-03
4.901360720396041870e-03
4.803358111530542374e-03
4.823687486350536346e-03
4.928332753479480743e-03
4.721500445157289505e-03
4.802440293133258820e-03
4.842677619308233261e-03
4.918148741126060486e-03
4.869226831942796707e-03
4.731981549412012100e-03
4.706196486949920654e-03
4.704567603766918182e-03
4.979199729859828949e-03
4.767622798681259155e-03
4.961320199072360992e-03
4.806138575077056885e-03
4.722684156149625778e-03
4.724226891994476318e-03
4.896617960184812546e-03
4.758100025355815887e-03
4.801707342267036438e-03
4.856262821704149246e-03
4.777877591550350189e-03
4.785754717886447906e-03
4.918797872960567474e-03
5.025273654609918594e-03
4.786890465766191483e-03
4.825344309210777283e-03
4.888008814305067062e-03
4.992788657546043396e-03
4.735886584967374802e-03
4.745752085000276566e-03
4.867088049650192261e-03
4.740116186439990997e-03
4.814434330910444260e-03
4.728721920400857925e-03
4.712230060249567032e-03
4.813409410417079926e-03
4.744304809719324112e-03
5.024336278438568115e-03
4.889925010502338409e-03
4.793937318027019501e-03
4.990587942302227020e-03
4.771526437252759933e-03
4.751560743898153305e-03
4.811107646673917770e-03
4.819881636649370193e-03
4.832147620618343353e-03
4.886129405349493027e-03
4.897674079984426498e-03
4.825129173696041107e-03
4.775898996740579605e-03
4.908307455480098724e-03
4.775183741003274918e-03
4.910515155643224716e-03
4.748933017253875732e-03
4.752718843519687653e-03
4.879328887909650803e-03
4.759184084832668304e-03
4.720622207969427109e-03
4.738098476082086563e-03
4.714273381978273392e-03
4.985037259757518768e-03
4.908932372927665710e-03
4.722537007182836533e-03
4.996391944587230682e-03
4.807300865650177002e-03
4.853815771639347076e-03
4.940958693623542786e-03
4.749364685267210007e-03
4.843786824494600296e-03
4.909652750939130783e-03
4.812910221517086029e-03
4.974924493581056595e-03
5.298725329339504242e-03
4.870344419032335281e-03
5.051351152360439301e-03
4.905818961560726166e-03
4.817411303520202637e-03
4.859081003814935684e-03
4.785677883774042130e-03
4.814167972654104233e-03
4.769233055412769318e-03
4.892721772193908691e-03
4.937022458761930466e-03
4.888755269348621368e-03
4.725176375359296799e-03
4.774584900587797165e-03
4.799360875040292740e-03
4.998768679797649384e-03
4.919076804071664810e-03
4.826373886317014694e-03
4.749387502670288086e-03
4.785293713212013245e-03
4.926434252411127090e-03
4.792285151779651642e-03
4.694266710430383682e-03
4.904043395072221756e-03
4.746750928461551666e-03
4.873821511864662170e-03
4.731236025691032410e-03
4.701505415141582489e-03
4.943309351801872253e-03
4.775381181389093399e-03
4.739068448543548584e-03
4.795813467353582382e-03
4.916678182780742645e-03
4.731819499284029007e-03
4.777868278324604034e-03
4.720927681773900986e-03
4.819527734071016312e-03
4.855357576161623001e-03
4.689102526754140854e-03
4.767936188727617264e-03
4.810553975403308868e-03
4.815624095499515533e-03
4.825960844755172729e-03
4.934422671794891357e-03
4.858891945332288742e-03
4.853023216128349304e-03
4.926935303956270218e-03
4.768216051161289215e-03
4.818049725145101547e-03
4.729050211608409882e-03
4.726263228803873062e-03
4.742546472698450089e-03
4.804947413504123688e-03
4.795440472662448883e-03
5.022723227739334106e-03
4.739943891763687134e-03
4.806284792721271515e-03
4.794429987668991089e-03
4.825869575142860413e-03
4.808092489838600159e-03
4.857250954955816269e-03
4.857635591179132462e-03
4.826135467737913132e-03
4.837594926357269287e-03
4.802244715392589569e-03
4.725577775388956070e-03
4.759042058140039444e-03
4.816401284188032150e-03
4.831778816878795624e-03
4.828189965337514877e-03
4.769735038280487061e-03
4.754721187055110931e-03
4.877454135566949844e-03
4.788567777723073959e-03
4.725760314613580704e-03
4.915395751595497131e-03
4.815549589693546295e-03
4.951943643391132355e-03
4.695686511695384979e-03
4.826998338103294373e-03
4.897285252809524536e-03
4.845505580306053162e-03
4.688511136919260025e-03
4.873777739703655243e-03
4.764163400977849960e-03
4.879763349890708923e-03
4.731268621981143951e-03
4.742752760648727417e-03
4.859650041908025742e-03
4.847304895520210266e-03
4.769068211317062378e-03
4.822212737053632736e-03
4.785303492099046707e-03
4.927520640194416046e-03
4.786084871739149094e-03
4.869059659540653229e-03
4.750955849885940552e-03
5.359084345400333405e-03
4.807926714420318604e-03
4.786341916769742966e-03
4.744573030620813370e-03
4.744955338537693024e-03
4.774771165102720261e-03
4.737820476293563843e-03
4.696927964687347412e-03
4.735638387501239777e-03
4.685034509748220444e-03
4.806007258594036102e-03
4.768120590597391129e-03
4.725937265902757645e-03
4.735065158456563950e-03
4.705338273197412491e-03
4.976334515959024429e-03
4.896430298686027527e-03
4.733961075544357300e-03
4.908244591206312180e-03
4.765564110130071640e-03
4.852950572967529297e-03
4.802038893103599548e-03
4.852818790823221207e-03
5.045492202043533325e-03
4.798836540430784225e-03
4.767642356455326080e-03
4.825577139854431152e-03
4.844455048441886902e-03
4.737828858196735382e-03
5.000864621251821518e-03
4.781455732882022858e-03
4.780811723321676254e-03
4.843022674322128296e-03
4.875638522207736969e-03
4.838900640606880188e-03
4.704826977103948593e-03
4.761737305670976639e-03
4.987338092178106308e-03
4.836012143641710281e-03
4.864501766860485077e-03
4.965488333255052567e-03
4.814987536519765854e-03
4.849422723054885864e-03
4.857686813920736313e-03
4.759544041007757187e-03
4.807230085134506226e-03
4.808587022125720978e-03
5.166541319340467453e-03
4.836439155042171478e-03
4.713041707873344421e-03
4.737052600830793381e-03
4.906498361378908157e-03
4.772293381392955780e-03
4.852725658565759659e-03
4.799473099410533905e-03
4.765677265822887421e-03
4.897824954241514206e-03
4.753315821290016174e-03
4.941256716847419739e-03
5.054533015936613083e-03
4.904312081634998322e-03
4.767594393342733383e-03
4.717445001006126404e-03
4.906901158392429352e-03
4.726533312350511551e-03
4.944030195474624634e-03
4.949883092194795609e-03
5.064529366791248322e-03
4.874708130955696106e-03
4.811732564121484756e-03
4.718403797596693039e-03
4.773098044097423553e-03
4.820493515580892563e-03
4.873461090028285980e-03
4.857331048697233200e-03
4.782824777066707611e-03
4.850306548178195953e-03
4.788998048752546310e-03
4.793155472725629807e-03
4.800845403224229813e-03
4.872468765825033188e-03
4.721413832157850266e-03
4.754472989588975906e-03
4.851874895393848419e-03
4.776033107191324234e-03
4.770944826304912567e-03
4.715217277407646179e-03
4.720446188002824783e-03
4.821651615202426910e-03
4.730364773422479630e-03
4.804009106010198593e-03
4.812627565115690231e-03
5.163771100342273712e-03
4.880931228399276733e-03
4.717228002846240997e-03
4.767959006130695343e-03
4.773530643433332443e-03
4.723375663161277771e-03
4.896200727671384811e-03
4.926767200231552124e-03
4.955213982611894608e-03
4.835305735468864441e-03
4.935943055897951126e-03
4.850744735449552536e-03
4.759670700877904892e-03
4.751417785882949829e-03
4.710374865680932999e-03
4.760719835758209229e-03
4.704267252236604691e-03
4.848308861255645752e-03
4.766139667481184006e-03
4.763092845678329468e-03
4.729418549686670303e-03
4.843778908252716064e-03
4.739085212349891663e-03
4.671258851885795593e-03
4.935907199978828430e-03
4.896339960396289825e-03
4.851461388170719147e-03
4.863904789090156555e-03
4.716695286333560944e-03
4.939863458275794983e-03
4.812612198293209076e-03
4.909919574856758118e-03
4.895396996289491653e-03
4.902128595858812332e-03
4.744787234812974930e-03
4.782651085406541824e-03
4.782335832715034485e-03
4.748865030705928802e-03
4.734903108328580856e-03
4.730076063424348831e-03
4.831975325942039490e-03
4.834010731428861618e-03
4.710938781499862671e-03
4.861450754106044769e-03
4.889519419521093369e-03
4.895192570984363556e-03
5.008319392800331116e-03
4.926770459860563278e-03
4.859158769249916077e-03
4.796755965799093246e-03
4.771469160914421082e-03
4.719972610473632812e-03
4.959630779922008514e-03
4.783592652529478073e-03
4.972916562110185623e-03
5.024030804634094238e-03
4.752669017761945724e-03
4.852796904742717743e-03
4.899928346276283264e-03
5.338183138519525528e-03
4.893037956207990646e-03
4.986786283552646637e-03
4.786570090800523758e-03
4.845204297453165054e-03
4.750948864966630936e-03
4.810770042240619659e-03
4.932239651679992676e-03
4.739152267575263977e-03
4.749180283397436142e-03
4.997803829610347748e-03
4.780739545822143555e-03
4.864683374762535095e-03
4.989188164472579956e-03
4.827572498470544815e-03
4.796464461833238602e-03
4.772435873746871948e-03
4.728303756564855576e-03
4.841702990233898163e-03
4.991831723600625992e-03
4.933199845254421234e-03
4.889251664280891418e-03
4.771651700139045715e-03
4.691717214882373810e-03
4.949314054101705551e-03
4.718407988548278809e-03
4.951312206685543060e-03
5.020516924560070038e-03
5.053064785897731781e-03
4.754504654556512833e-03
4.779828712344169617e-03
4.717223811894655228e-03
5.102696828544139862e-03
4.892514087259769440e-03
4.923610482364892960e-03
4.771688021719455719e-03
4.916803445667028427e-03
4.793569911271333694e-03
4.768016282469034195e-03
4.723240621387958527e-03
4.827666562050580978e-03
4.771515727043151855e-03
4.888462368398904800e-03
4.801893141120672226e-03
4.700785502791404724e-03
4.763141740113496780e-03
4.826525226235389709e-03
4.785014316439628601e-03
4.873369820415973663e-03
4.684488754719495773e-03
4.749121144413948059e-03
4.884955473244190216e-03
4.792889580130577087e-03
4.700541030615568161e-03
4.790080711245536804e-03
4.779479932039976120e-03
4.889806732535362244e-03
4.708144348114728928e-03
4.795251879841089249e-03
4.771521314978599548e-03
4.812404979020357132e-03
4.799136891961097717e-03
4.780892748385667801e-03
4.729131236672401428e-03
4.854000173509120941e-03
4.826974123716354370e-03
4.751471802592277527e-03
4.822887014597654343e-03
4.981672856956720352e-03
4.830087535083293915e-03
4.795949906110763550e-03
4.836183506995439529e-03
4.763410426676273346e-03
4.895695019513368607e-03
4.752458538860082626e-03
4.737160168588161469e-03
4.721414763480424881e-03
4.704664926975965500e-03
4.902337677776813507e-03
4.749202635139226913e-03
4.987727385014295578e-03
4.782877396792173386e-03
4.719157703220844269e-03
4.845802672207355499e-03
4.753287415951490402e-03
4.818770568817853928e-03
4.791834857314825058e-03
4.818860441446304321e-03
4.772532265633344650e-03
4.731884226202964783e-03
4.878405015915632248e-03
4.685282241553068161e-03
4.770969506353139877e-03
4.711999557912349701e-03
4.874907899647951126e-03
4.762991331517696381e-03
4.783779382705688477e-03
4.805019125342369080e-03
4.768032114952802658e-03
4.836910404264926910e-03
4.822315648198127747e-03
4.933033138513565063e-03
4.859204869717359543e-03
4.725987091660499573e-03
4.717939067631959915e-03
5.048267543315887451e-03
4.842345137149095535e-03
4.818792920559644699e-03
5.013503599911928177e-03
5.138265900313854218e-03
4.731226246803998947e-03
4.759346600621938705e-03
4.836166277527809143e-03
5.047296639531850815e-03
4.814618267118930817e-03
4.795301239937543869e-03
4.724055528640747070e-03
4.805601667612791061e-03
4.902975168079137802e-03
4.725183825939893723e-03
4.827331285923719406e-03
4.830103367567062378e-03
4.766623489558696747e-03
4.832086618989706039e-03
5.027365405112504959e-03
4.987001884728670120e-03
4.788502119481563568e-03
4.875448532402515411e-03
4.725465551018714905e-03
4.748747684061527252e-03
4.729397129267454147e-03
4.708465654402971268e-03
4.852274898439645767e-03
4.811163060367107391e-03
4.790349863469600677e-03
4.847079049795866013e-03
4.756554029881954193e-03
4.763986915349960327e-03
4.770001396536827087e-03
4.777108319103717804e-03
5.153003148734569550e-03
4.922508727759122849e-03
4.725147504359483719e-03
5.039749201387166977e-03
4.971507005393505096e-03
5.018965806812047958e-03
4.865524359047412872e-03
4.845065996050834656e-03
4.689854104071855545e-03
4.760972689837217331e-03
4.958553705364465714e-03
4.888927098363637924e-03
4.711988382041454315e-03
4.806389100849628448e-03
4.696761723607778549e-03
4.708373453468084335e-03
4.714049398899078369e-03
4.722534213215112686e-03
4.911520052701234818e-03
4.731440916657447815e-03
4.799082875251770020e-03
4.764467477798461914e-03
4.825952462852001190e-03
4.904155153781175613e-03
4.796327091753482819e-03
4.788131918758153915e-03
4.772509913891553879e-03
4.864115733653306961e-03
4.910226445645093918e-03
4.726357292383909225e-03
4.808797966688871384e-03
4.804991185665130615e-03
4.988758359104394913e-03
5.108751822263002396e-03
4.845755174756050110e-03
4.784931428730487823e-03
4.816001281142234802e-03
4.697896540164947510e-03
4.831681028008460999e-03
4.739275667816400528e-03
4.889434203505516052e-03
4.895815625786781311e-03
4.834071733057498932e-03
4.937015008181333542e-03
4.802577197551727295e-03
4.694501869380474091e-03
4.926643799990415573e-03
4.771163687109947205e-03
4.854701925069093704e-03
4.891127347946166992e-03
4.745568148791790009e-03
4.808645229786634445e-03
4.801906645298004150e-03
4.772027023136615753e-03
4.737839102745056152e-03
4.901890177279710770e-03
4.712750203907489777e-03
4.785024560987949371e-03
4.828562494367361069e-03
4.982725251466035843e-03
4.913612268865108490e-03
4.678877536207437515e-03
4.746420308947563171e-03
4.830762743949890137e-03
4.845968447625637054e-03
4.862361587584018707e-03
4.835966508835554123e-03
4.815386142581701279e-03
5.059662740677595139e-03
4.808894358575344086e-03
4.852086305618286133e-03
4.777611698955297470e-03
4.722771234810352325e-03
4.747438244521617889e-03
4.850402008742094040e-03
4.725732840597629547e-03
4.807326942682266235e-03
4.781811032444238663e-03
4.743949044495820999e-03
4.774391651153564453e-03
4.803663119673728943e-03
4.721964243799448013e-03
4.781544208526611328e-03
4.812457133084535599e-03
4.683969076722860336e-03
4.792388062924146652e-03
4.745141603052616119e-03
4.773334600031375885e-03
4.876122809946537018e-03
4.748643375933170319e-03
4.710016306489706039e-03
4.721769131720066071e-03
4.871693905442953110e-03
5.041759926825761795e-03
4.909636452794075012e-03
4.886232782155275345e-03
4.869030322879552841e-03
4.991764202713966370e-03
4.728550091385841370e-03
4.771592095494270325e-03
5.080737639218568802e-03
4.809693433344364166e-03
4.722020588815212250e-03
5.214560776948928833e-03
4.812105093151330948e-03
4.783969838172197342e-03
4.710318055003881454e-03
4.914279095828533173e-03
4.713898524641990662e-03
4.830016754567623138e-03
4.774928092956542969e-03
4.791268147528171539e-03
4.735253285616636276e-03
4.730812739580869675e-03
4.950991366058588028e-03
5.125154275447130203e-03
4.988115280866622925e-03
4.705294035375118256e-03
4.699022043496370316e-03
4.826524294912815094e-03
4.688370972871780396e-03
4.848601762205362320e-03
4.724438302218914032e-03
4.702146630734205246e-03
4.849619232118129730e-03
4.780228249728679657e-03
4.776482004672288895e-03
4.912780597805976868e-03
4.685698542743921280e-03
4.730571061372756958e-03
4.781904164701700211e-03
4.731130786240100861e-03
4.745904356241226196e-03
4.781432449817657471e-03
4.735140595585107803e-03
5.252090282738208771e-03
5.041709169745445251e-03
4.812663421034812927e-03
4.916843492537736893e-03
4.776815418154001236e-03
4.803783260285854340e-03
4.816880915313959122e-03
4.757435992360115051e-03
4.734221845865249634e-03
4.693222232162952423e-03
4.864417947828769684e-03
4.824423231184482574e-03
4.694201517850160599e-03
4.827154334634542465e-03
4.801583942025899887e-03
4.751858301460742950e-03
4.798108711838722229e-03
4.811047576367855072e-03
4.747315309941768646e-03
4.882991779595613480e-03
4.707920365035533905e-03
4.720581229776144028e-03
4.917183890938758850e-03
4.737352486699819565e-03
4.771993495523929596e-03
4.889370873570442200e-03
4.827515687793493271e-03
4.781440831720829010e-03
4.723859950900077820e-03
4.780140705406665802e-03
4.777033813297748566e-03
4.715099930763244629e-03
4.767025355249643326e-03
5.086098797619342804e-03
4.712362773716449738e-03
4.756354261189699173e-03
4.752285778522491455e-03
4.763530567288398743e-03
4.827925004065036774e-03
4.744496196508407593e-03
4.858851432800292969e-03
4.807920195162296295e-03
5.245008505880832672e-03
4.744539037346839905e-03
4.724152386188507080e-03
4.755949601531028748e-03
4.805020987987518311e-03
4.843605216592550278e-03
4.797199741005897522e-03
4.779783077538013458e-03
4.850932862609624863e-03
4.832024686038494110e-03
4.907702561467885971e-03
4.942922387272119522e-03
4.781330004334449768e-03
4.753340035676956177e-03
4.850958939641714096e-03
4.809275735169649124e-03
4.845973569899797440e-03
4.897214937955141068e-03
4.867554642260074615e-03
4.818561021238565445e-03
4.876681137830018997e-03
4.893218632787466049e-03
4.678287543356418610e-03
4.734466783702373505e-03
4.855307750403881073e-03
4.782479256391525269e-03
4.910627845674753189e-03
5.109569523483514786e-03
4.802726674824953079e-03
4.942060913890600204e-03
4.947416484355926514e-03
4.742490593343973160e-03
5.147946067154407501e-03
4.771015141159296036e-03
4.683391191065311432e-03
4.762448370456695557e-03
4.730831831693649292e-03
5.043807439506053925e-03
4.836010746657848358e-03
4.889087751507759094e-03
4.729697480797767639e-03
4.664466250687837601e-03
4.899044986814260483e-03
4.954913631081581116e-03
5.054973065853118896e-03
5.027567967772483826e-03
4.765729419887065887e-03
4.871612880378961563e-03
4.792890977114439011e-03
4.791791550815105438e-03
4.726063460111618042e-03
4.763185512274503708e-03
4.685885272920131683e-03
4.674609284847974777e-03
4.745048005133867264e-03
4.809904843568801880e-03
4.732945468276739120e-03
4.695929121226072311e-03
4.948400892317295074e-03
4.829444922506809235e-03
4.740132018923759460e-03
4.820969887077808380e-03
4.773209802806377411e-03
4.771298263221979141e-03
4.765032790601253510e-03
4.797239787876605988e-03
4.915181081742048264e-03
4.853803664445877075e-03
4.835831932723522186e-03
4.854551516473293304e-03
4.964596126228570938e-03
4.861120600253343582e-03
5.074272397905588150e-03
4.990474320948123932e-03
4.713083617389202118e-03
4.943444393575191498e-03
4.846259485930204391e-03
4.839897155761718750e-03
4.934593103826045990e-03
4.740284755825996399e-03
4.700176417827606201e-03
4.756970796734094620e-03
4.790877923369407654e-03
4.737013019621372223e-03
4.856500308960676193e-03
4.732748027890920639e-03
4.764696583151817322e-03
4.707831889390945435e-03
4.985636100172996521e-03
4.689545370638370514e-03
4.864885006099939346e-03
4.715786315500736237e-03
4.854574333876371384e-03
4.810370970517396927e-03
5.191877949982881546e-03
4.790520295500755310e-03
4.783194512128829956e-03
4.734378308057785034e-03
4.763377364724874496e-03
4.800909198820590973e-03
4.717981442809104919e-03
4.814711399376392365e-03
4.747374914586544037e-03
4.890619311481714249e-03
4.824368283152580261e-03
4.815369844436645508e-03
4.758111666887998581e-03
4.708142485469579697e-03
4.723804537206888199e-03
4.789512604475021362e-03
5.064822267740964890e-03
4.760633688420057297e-03
4.786123987287282944e-03
4.755400121212005615e-03
4.776884336024522781e-03
4.714357666671276093e-03
4.758514929562807083e-03
4.718726035207509995e-03
4.811841528862714767e-03
4.831906408071517944e-03
5.160301923751831055e-03
4.873468540608882904e-03
4.829367157071828842e-03
4.746973514556884766e-03
5.125753581523895264e-03
4.825621377676725388e-03
4.841692280024290085e-03
4.834047053009271622e-03
4.704446531832218170e-03
4.763834644109010696e-03
4.770072177052497864e-03
4.965735599398612976e-03
4.834973718971014023e-03
4.735659342259168625e-03
4.861342255026102066e-03
4.802855197340250015e-03
4.826422315090894699e-03
4.894771613180637360e-03
4.929361864924430847e-03
4.853361286222934723e-03
4.750605672597885132e-03
4.790638107806444168e-03
5.034377798438072205e-03
4.818377550691366196e-03
4.705983214080333710e-03
4.818656481802463531e-03
4.789590835571289062e-03
4.708172287791967392e-03
4.726335871964693069e-03
4.720906261354684830e-03
4.938054829835891724e-03
4.786046687513589859e-03
4.995231982320547104e-03
5.027238745242357254e-03
4.925336688756942749e-03
4.877532366663217545e-03
4.903116729110479355e-03
5.015924107283353806e-03
4.794640000909566879e-03
4.677877295762300491e-03
4.779163748025894165e-03
4.732893314212560654e-03
4.845069721341133118e-03
4.719815216958522797e-03
4.810295999050140381e-03
4.685140680521726608e-03
4.772478714585304260e-03
4.807645455002784729e-03
4.728335421532392502e-03
4.706303589046001434e-03
4.717860836535692215e-03
4.804843105375766754e-03
4.687202628701925278e-03
4.790453705936670303e-03
4.770865663886070251e-03
4.747403785586357117e-03
5.051169078797101974e-03
4.811962135136127472e-03
4.780563060194253922e-03
4.942725412547588348e-03
4.790877457708120346e-03
5.010085646063089371e-03
4.746904596686363220e-03
4.674766678363084793e-03
4.807523451745510101e-03
4.738165996968746185e-03
4.848354030400514603e-03
4.944675136357545853e-03
4.775314126163721085e-03
4.748548381030559540e-03
4.736491478979587555e-03
4.949141759425401688e-03
4.998149815946817398e-03
4.712711554020643234e-03
4.739056341350078583e-03
4.877733998000621796e-03
4.811916500329971313e-03
4.817658104002475739e-03
4.895761143416166306e-03
4.816861357539892197e-03
4.705137107521295547e-03
4.828278440982103348e-03
4.707163665443658829e-03
4.777090623974800110e-03
4.732819274067878723e-03
4.887913819402456284e-03
4.762386903166770935e-03
4.790358245372772217e-03
4.799683112651109695e-03
4.796959459781646729e-03
4.792985040694475174e-03
4.693467635661363602e-03
4.733412526547908783e-03
4.906427115201950073e-03
5.070281215012073517e-03
4.747272934764623642e-03
4.673240240663290024e-03
4.776109475642442703e-03
4.957983735948801041e-03
4.848823882639408112e-03
4.951590672135353088e-03
4.993167705833911896e-03
4.838083405047655106e-03
4.722758661955595016e-03
4.727403633296489716e-03
4.731835331767797470e-03
4.888908937573432922e-03
4.987853113561868668e-03
4.703862126916646957e-03
4.746207967400550842e-03
4.802363459020853043e-03
4.745889455080032349e-03
4.819529131054878235e-03
4.674844443798065186e-03
4.860260989516973495e-03
4.778662696480751038e-03
4.785357508808374405e-03
4.914183635264635086e-03
4.945146385580301285e-03
4.859395790845155716e-03
4.740900825709104538e-03
4.832083825021982193e-03
4.838086199015378952e-03
4.899536259472370148e-03
4.736869595944881439e-03
4.690502304583787918e-03
4.787206649780273438e-03
4.840210080146789551e-03
4.867830779403448105e-03
4.756499547511339188e-03
4.737925715744495392e-03
4.756137728691101074e-03
4.705661442130804062e-03
4.810932092368602753e-03
4.883322399109601974e-03
5.072147119790315628e-03
4.915346857160329819e-03
4.867280367761850357e-03
4.807019140571355820e-03
4.968090914189815521e-03
4.938231781125068665e-03
4.844722338020801544e-03
4.730874672532081604e-03
4.705847240984439850e-03
4.978779237717390060e-03
4.795461893081665039e-03
4.761073272675275803e-03
4.811760969460010529e-03
4.898693878203630447e-03
4.814833868294954300e-03
4.703775979578495026e-03
4.822360351681709290e-03
4.768606740981340408e-03
4.753732122480869293e-03
4.915878176689147949e-03
4.768032114952802658e-03
4.757499322295188904e-03
4.828114062547683716e-03
4.742319229990243912e-03
4.858004394918680191e-03
4.750957246869802475e-03
5.022060126066207886e-03
4.723145160824060440e-03
4.725755192339420319e-03
4.754485096782445908e-03
4.836024716496467590e-03
4.754182416945695877e-03
4.726789426058530807e-03
4.777718801051378250e-03
4.859800916165113449e-03
4.692237358540296555e-03
5.035293754190206528e-03
4.798476584255695343e-03
4.707324784249067307e-03
4.944900050759315491e-03
4.891408141702413559e-03
4.872450139373540878e-03
4.782442003488540649e-03
4.945666529238224030e-03
5.035086069256067276e-03
4.764470271766185760e-03
4.733378533273935318e-03
4.737682640552520752e-03
5.271442234516143799e-03
4.717736504971981049e-03
4.715024027973413467e-03
4.795879591256380081e-03
4.738719668239355087e-03
4.755748435854911804e-03
4.698082804679870605e-03
4.825696349143981934e-03
4.748250357806682587e-03
4.914632532745599747e-03
4.669424612075090408e-03
4.754645284265279770e-03
4.776597954332828522e-03
4.914339631795883179e-03
4.823817405849695206e-03
4.710587207227945328e-03
4.754638765007257462e-03
4.776988644152879715e-03
4.943009465932846069e-03
5.136908497661352158e-03
4.848598036915063858e-03
4.724002443253993988e-03
4.766153637319803238e-03
4.759788978844881058e-03
4.836036358028650284e-03
4.799727816134691238e-03
4.900513682514429092e-03
4.762540571391582489e-03
4.720420576632022858e-03
4.809232894331216812e-03
4.790940787643194199e-03
4.707790445536375046e-03
4.895638208836317062e-03
4.794881213456392288e-03
4.777205642312765121e-03
4.760708659887313843e-03
4.787395242601633072e-03
4.709124099463224411e-03
4.772691056132316589e-03
4.819887224584817886e-03
4.751406144350767136e-03
4.747561179101467133e-03
4.804430529475212097e-03
4.879064392298460007e-03
4.869818687438964844e-03
4.779805429279804230e-03
4.693011753261089325e-03
4.741856828331947327e-03
4.748235922306776047e-03
5.004709586501121521e-03
4.788655322045087814e-03
4.939226899296045303e-03
4.768316633999347687e-03
4.666337277740240097e-03
4.819008987396955490e-03
4.927350208163261414e-03
4.901841748505830765e-03
4.849275574088096619e-03
5.001203622668981552e-03
4.908758681267499924e-03
4.795563872903585434e-03
4.726768936961889267e-03
4.778082948178052902e-03
4.726780578494071960e-03
4.832906648516654968e-03
4.690919071435928345e-03
4.821818321943283081e-03
4.793473053723573685e-03
4.816881846636533737e-03
4.804796539247035980e-03
4.819327965378761292e-03
5.009196233004331589e-03
4.722804296761751175e-03
4.719610791653394699e-03
4.756086040288209915e-03
4.692496731877326965e-03
4.802978131920099258e-03
4.844111390411853790e-03
4.763906821608543396e-03
4.778700415045022964e-03
4.707213491201400757e-03
4.952730610966682434e-03
4.731451161205768585e-03
4.870509728789329529e-03
4.761897027492523193e-03
4.808372817933559418e-03
4.807274788618087769e-03
4.764535464346408844e-03
4.913231357932090759e-03
4.699557088315486908e-03
4.781930241733789444e-03
4.814661573618650436e-03
4.737944807857275009e-03
4.695469047874212265e-03
4.801143426448106766e-03
4.691552836447954178e-03
4.710292909294366837e-03
4.764405079185962677e-03
4.737801849842071533e-03
4.743676632642745972e-03
4.714235197752714157e-03
4.855048842728137970e-03
4.814115818589925766e-03
4.818964283913373947e-03
4.795342218130826950e-03
4.665492102503776550e-03
4.937270656228065491e-03
4.737250972539186478e-03
4.788842983543872833e-03
4.701244179159402847e-03
4.856299143284559250e-03
5.030101165175437927e-03
4.680708050727844238e-03
4.890682641416788101e-03
4.953019320964813232e-03
5.117430817335844040e-03
4.946844186633825302e-03
4.808713681995868683e-03
5.062657874077558517e-03
4.945131484419107437e-03
4.709511529654264450e-03
4.699870012700557709e-03
4.915228113532066345e-03
4.914351273328065872e-03
4.789664410054683685e-03
4.826231859624385834e-03
4.777785856276750565e-03
4.737737122923135757e-03
4.912442993372678757e-03
4.764460027217864990e-03
4.742421209812164307e-03
4.764117766171693802e-03
4.714159294962882996e-03
4.885422997176647186e-03
4.747526254504919052e-03
4.807834047824144363e-03
4.744035657495260239e-03
4.737739451229572296e-03
4.729778971523046494e-03
4.800381138920783997e-03
4.758436232805252075e-03
4.871356301009654999e-03
4.825047217309474945e-03
4.970301408320665359e-03
4.878145176917314529e-03
4.701284226030111313e-03
4.725120496004819870e-03
4.892026074230670929e-03
4.716265015304088593e-03
4.855463746935129166e-03
4.745265468955039978e-03
4.956650082021951675e-03
4.821424838155508041e-03
4.726251587271690369e-03
4.797375295311212540e-03
4.756954964250326157e-03
4.848110023885965347e-03
4.847621545195579529e-03
4.807895049452781677e-03
4.688198212534189224e-03
4.790743347257375717e-03
4.847140517085790634e-03
4.719309508800506592e-03
4.790158476680517197e-03
4.774240776896476746e-03
4.834236577153205872e-03
4.743878729641437531e-03
4.685490857809782028e-03
4.688648972660303116e-03
4.895869176834821701e-03
4.822782240808010101e-03
4.713156260550022125e-03
4.746753256767988205e-03
4.825304262340068817e-03
4.834569059312343597e-03
4.835917614400386810e-03
4.733331501483917236e-03
4.929314367473125458e-03
5.126639269292354584e-03
4.816542379558086395e-03
5.035009235143661499e-03
4.780426621437072754e-03
4.884113557636737823e-03
4.857815802097320557e-03
4.752767737954854965e-03
4.768649116158485413e-03
4.915952216833829880e-03
4.888337571173906326e-03
4.833968821913003922e-03
4.744288511574268341e-03
4.909093491733074188e-03
4.824235104024410248e-03
4.777822177857160568e-03
4.814589396119117737e-03
4.782086238265037537e-03
4.765699151903390884e-03
4.777059424668550491e-03
4.777308553457260132e-03
4.803028889000415802e-03
4.949321970343589783e-03
4.740618634968996048e-03
4.785808734595775604e-03
4.755940288305282593e-03
4.730748943984508514e-03
4.830415826290845871e-03
4.760320764034986496e-03
5.033330526202917099e-03
4.909938666969537735e-03
4.807753954082727432e-03
4.791628569364547729e-03
4.705406725406646729e-03
4.850841127336025238e-03
4.712568596005439758e-03
4.831584170460700989e-03
4.695953335613012314e-03
4.818117711693048477e-03
4.888106137514114380e-03
4.897304344922304153e-03
4.903927445411682129e-03
4.869946744292974472e-03
4.757792688906192780e-03
5.022108554840087891e-03
4.834918305277824402e-03
4.763303324580192566e-03
4.716708790510892868e-03
4.881973844021558762e-03
4.861745052039623260e-03
4.698954988270998001e-03
4.820801317691802979e-03
4.911889787763357162e-03
4.960391204804182053e-03
4.714671522378921509e-03
4.744314588606357574e-03
4.754274152219295502e-03
4.762754309922456741e-03
4.835526924580335617e-03
4.855027887970209122e-03
4.768870770931243896e-03
4.863389302045106888e-03
4.828653763979673386e-03
4.669425543397665024e-03
4.758857656270265579e-03
4.760568495839834213e-03
4.952659830451011658e-03
4.751623608171939850e-03
4.807988647371530533e-03
4.794506821781396866e-03
4.794586915522813797e-03
4.961889237165451050e-03
4.714439157396554947e-03
4.703244194388389587e-03
4.987139254808425903e-03
4.957127384841442108e-03
4.995001479983329773e-03
4.741093143820762634e-03
4.678575322031974792e-03
4.720899742096662521e-03
4.733102861791849136e-03
4.706817679107189178e-03
4.864322021603584290e-03
4.932110663503408432e-03
4.915074910968542099e-03
4.860562272369861603e-03
4.873966798186302185e-03
4.753482528030872345e-03
4.805567208677530289e-03
4.937286023050546646e-03
4.975298885256052017e-03
4.723624326288700104e-03
4.800669383257627487e-03
4.889136180281639099e-03
4.694627597928047180e-03
4.726005718111991882e-03
4.708138294517993927e-03
4.816225729882717133e-03
4.802064038813114166e-03
4.846787080168724060e-03
4.753683228045701981e-03
4.735184833407402039e-03
4.788008518517017365e-03
4.854076541960239410e-03
4.894748330116271973e-03
4.986520390957593918e-03
4.816978704184293747e-03
4.738094285130500793e-03
4.686973523348569870e-03
4.734913818538188934e-03
4.749623127281665802e-03
4.799997434020042419e-03
5.042283795773983002e-03
4.684030544012784958e-03
4.767277743667364120e-03
4.857358988374471664e-03
4.724472295492887497e-03
4.788011778146028519e-03
4.986614454537630081e-03
4.848507698625326157e-03
4.957046825438737869e-03
4.872199147939682007e-03
4.794589709490537643e-03
4.845922347158193588e-03
4.886959213763475418e-03
4.914580844342708588e-03
4.709110595285892487e-03
4.734834190458059311e-03
4.991468042135238647e-03
4.732254892587661743e-03
4.770687781274318695e-03
4.761680494993925095e-03
4.770361352711915970e-03
4.706283099949359894e-03
5.083916708827018738e-03
4.761744756251573563e-03
5.048570688813924789e-03
4.808876663446426392e-03
4.772496875375509262e-03
4.779302049428224564e-03
4.850228782743215561e-03
4.811262711882591248e-03
4.778110422194004059e-03
4.711260087788105011e-03
4.773125052452087402e-03
4.858613479882478714e-03
4.824124276638031006e-03
4.979900084435939789e-03
4.761272575706243515e-03
4.811374004930257797e-03
4.947014153003692627e-03
4.906252492219209671e-03
4.762263502925634384e-03
4.716889001429080963e-03
4.778422415256500244e-03
4.826028365641832352e-03
4.729561507701873779e-03
4.745397251099348068e-03
4.742190707474946976e-03
4.740935750305652618e-03
4.727151710540056229e-03
4.856077488511800766e-03
4.716439638286828995e-03
4.807002376765012741e-03
4.903488792479038239e-03
4.794355947524309158e-03
4.756046924740076065e-03
4.764333833009004593e-03
4.704917781054973602e-03
4.944283515214920044e-03
4.755760077387094498e-03
4.757690709084272385e-03
4.736392758786678314e-03
4.906855989247560501e-03
4.742172081023454666e-03
4.841218702495098114e-03
4.859495442360639572e-03
4.738829564303159714e-03
4.838528577238321304e-03
4.817389883100986481e-03
4.721829202026128769e-03
4.738164134323596954e-03
4.667036235332489014e-03
4.733409266918897629e-03
4.744546022266149521e-03
4.893314559012651443e-03
4.837707150727510452e-03
4.704237449914216995e-03
4.728854168206453323e-03
4.773491527885198593e-03
4.915078636258840561e-03
4.808792378753423691e-03
4.703240469098091125e-03
4.856166429817676544e-03
4.822518676519393921e-03
4.894759040325880051e-03
4.790759645402431488e-03
4.728258121758699417e-03
4.846368450671434402e-03
4.835138563066720963e-03
4.805385600775480270e-03
4.712655674666166306e-03
4.796920809894800186e-03
4.823989234864711761e-03
4.665207117795944214e-03
4.788422025740146637e-03
4.838613793253898621e-03
4.816833883523941040e-03
4.810066893696784973e-03
4.745440557599067688e-03
4.721753299236297607e-03
4.841591697186231613e-03
4.869864322245121002e-03
4.787274170666933060e-03
4.880789201706647873e-03
4.815490450710058212e-03
4.853408783674240112e-03
4.860060289502143860e-03
4.797622561454772949e-03
4.825053736567497253e-03
4.847953561693429947e-03
4.764180630445480347e-03
4.842134192585945129e-03
4.749796353280544281e-03
4.777329042553901672e-03
4.718625452369451523e-03
4.730208776891231537e-03
4.786782432347536087e-03
4.683730192482471466e-03
4.856804385781288147e-03
4.708039108663797379e-03
4.741048905998468399e-03
4.708200693130493164e-03
4.725717939436435699e-03
4.761235788464546204e-03
4.960021469742059708e-03
4.764920100569725037e-03
4.880984313786029816e-03
4.695968236774206161e-03
4.954822361469268799e-03
4.722654819488525391e-03
4.815760534256696701e-03
4.707652609795331955e-03
4.682565573602914810e-03
4.707466345280408859e-03
4.977538250386714935e-03
4.752981010824441910e-03
5.011138506233692169e-03
4.798604175448417664e-03
4.796666558831930161e-03
4.893964622169733047e-03
4.808329511433839798e-03
4.691813606768846512e-03
4.721479956060647964e-03
4.766122903674840927e-03
4.843511153012514114e-03
4.777194932103157043e-03
4.711113404482603073e-03
4.820965696126222610e-03
4.697534721344709396e-03
4.878522828221321106e-03
4.718130920082330704e-03
4.762910772114992142e-03
4.730250220745801926e-03
4.820131231099367142e-03
4.706323612481355667e-03
4.756289999932050705e-03
4.771894775331020355e-03
4.702376201748847961e-03
5.012333393096923828e-03
4.834542516618967056e-03
4.766448866575956345e-03
4.731854423880577087e-03
4.716815892606973648e-03
4.737672396004199982e-03
4.779217764735221863e-03
4.656068980693817139e-03
4.722814075648784637e-03
4.705106839537620544e-03
4.768481478095054626e-03
4.744282457977533340e-03
4.828213248401880264e-03
4.834074992686510086e-03
4.870239179581403732e-03
4.813977051526308060e-03
4.792333580553531647e-03
4.699178505688905716e-03
4.683364182710647583e-03
4.704196471720933914e-03
4.814156331121921539e-03
4.905765876173973083e-03
4.888988099992275238e-03
4.810872022062540054e-03
4.765606019645929337e-03
4.804816562682390213e-03
4.860877525061368942e-03
4.850782919675111771e-03
4.748038947582244873e-03
4.818656947463750839e-03
4.795108921825885773e-03
4.824356175959110260e-03
4.850620403885841370e-03
5.100564099848270416e-03
4.860608838498592377e-03
4.769715946167707443e-03
4.695581272244453430e-03
4.843490198254585266e-03
4.929620772600173950e-03
4.777731839567422867e-03
4.801436327397823334e-03
4.716364201158285141e-03
4.768558312207460403e-03
4.761419259011745453e-03
4.948240704834461212e-03
5.143340211361646652e-03
4.893324803560972214e-03
4.766651894897222519e-03
4.773369524627923965e-03
4.768031183630228043e-03
4.914695862680673599e-03
4.752941429615020752e-03
4.716715775430202484e-03
4.916110076010227203e-03
4.895422141999006271e-03
4.764704033732414246e-03
4.699277225881814957e-03
4.877502098679542542e-03
4.789650440216064453e-03
4.712210502475500107e-03
4.812984727323055267e-03
4.830853082239627838e-03
4.813756793737411499e-03
4.756737034767866135e-03
4.922518972307443619e-03
4.690458532422780991e-03
4.804891068488359451e-03
4.916541278362274170e-03
4.966665524989366531e-03
5.551215726882219315e-03
4.783974960446357727e-03
4.744599573314189911e-03
4.718243610113859177e-03
4.780847579240798950e-03
4.719279240816831589e-03
4.812777508050203323e-03
4.884348716586828232e-03
5.026639904826879501e-03
4.753888119012117386e-03
4.856333136558532715e-03
4.825006704777479172e-03
4.733224865049123764e-03
5.155106075108051300e-03
4.752072505652904510e-03
4.880278836935758591e-03
4.732983186841011047e-03
4.873695783317089081e-03
4.781391005963087082e-03
4.926174879074096680e-03
4.903523251414299011e-03
4.762593656778335571e-03
4.775182809680700302e-03
4.807027056813240051e-03
4.684412386268377304e-03
4.755633417516946793e-03
4.864561371505260468e-03
4.735294263809919357e-03
4.687366075813770294e-03
4.841853864490985870e-03
4.831692203879356384e-03
5.071788560599088669e-03
4.801789764314889908e-03
4.719247110188007355e-03
4.859752021729946136e-03
4.875942599028348923e-03
4.869694355875253677e-03
4.830287769436836243e-03
4.700937774032354355e-03
4.689808469265699387e-03
4.742848221212625504e-03
4.759709816426038742e-03
4.824302159249782562e-03
4.701856523752212524e-03
4.766252357512712479e-03
4.867244977504014969e-03
4.749786574393510818e-03
4.834967665374279022e-03
4.751385655254125595e-03
4.832692909985780716e-03
4.775261972099542618e-03
4.821828100830316544e-03
4.988366272300481796e-03
4.783864133059978485e-03
4.777816124260425568e-03
4.707473330199718475e-03
4.762846510857343674e-03
4.820232745260000229e-03
4.859956912696361542e-03
4.772648215293884277e-03
4.775217734277248383e-03
5.155045539140701294e-03
4.911894910037517548e-03
4.810579121112823486e-03
4.770833067595958710e-03
4.754367750138044357e-03
4.933965858072042465e-03
4.902421031147241592e-03
4.725000821053981781e-03
4.721661563962697983e-03
4.718978423625230789e-03
4.863199777901172638e-03
4.713384434580802917e-03
4.789303056895732880e-03
4.951982758939266205e-03
4.754842724651098251e-03
4.750981461256742477e-03
4.711206536740064621e-03
5.073720589280128479e-03
4.756831098347902298e-03
4.844146780669689178e-03
4.793641157448291779e-03
4.820354282855987549e-03
4.745165817439556122e-03
4.708078689873218536e-03
4.751908592879772186e-03
4.738288465887308121e-03
4.729762207716703415e-03
4.680013284087181091e-03
4.846476484090089798e-03
4.781688563525676727e-03
4.815760999917984009e-03
4.782957490533590317e-03
4.725731443613767624e-03
4.777467809617519379e-03
4.726414103060960770e-03
4.759588744491338730e-03
4.932214040309190750e-03
4.730082582682371140e-03
4.814847372472286224e-03
4.715034272521734238e-03
4.718312993645668030e-03
4.781742114573717117e-03
4.759164527058601379e-03
5.076021887362003326e-03
4.889000672847032547e-03
4.695457406342029572e-03
4.800136666744947433e-03
4.788747057318687439e-03
4.755324684083461761e-03
4.665989894419908524e-03
4.885126836597919464e-03
4.710671026259660721e-03
4.725336562842130661e-03
4.752314649522304535e-03
4.722392186522483826e-03
4.981221165508031845e-03
5.071738734841346741e-03
4.719443619251251221e-03
4.728888627141714096e-03
4.905992187559604645e-03
4.776615183800458908e-03
4.744114819914102554e-03
4.740421660244464874e-03
4.871627781540155411e-03
4.694113042205572128e-03
4.738431423902511597e-03
4.769622348248958588e-03
5.107847042381763458e-03
4.755704663693904877e-03
4.936172161251306534e-03
4.708266817033290863e-03
4.851779900491237640e-03
4.790209233760833740e-03
4.700256045907735825e-03
4.678222350776195526e-03
4.759864415973424911e-03
4.725317470729351044e-03
4.755269270390272141e-03
4.802183713763952255e-03
4.896002821624279022e-03
5.057385656982660294e-03
4.818374291062355042e-03
4.730701912194490433e-03
4.826569464057683945e-03
4.995819181203842163e-03
4.901481326669454575e-03
4.841654095798730850e-03
4.760834854096174240e-03
4.683493170887231827e-03
4.693309310823678970e-03
4.683475010097026825e-03
4.840360954403877258e-03
4.705199506133794785e-03
4.804431460797786713e-03
4.672261886298656464e-03
4.698546603322029114e-03
5.006808787584304810e-03
4.776971880346536636e-03
4.727385006844997406e-03
4.713710397481918335e-03
4.917926620692014694e-03
4.775635898113250732e-03
4.720871802419424057e-03
4.764603916555643082e-03
4.856415092945098877e-03
4.850226454436779022e-03
4.804801195859909058e-03
4.695690236985683441e-03
4.779667593538761139e-03
4.824624396860599518e-03
4.813759587705135345e-03
4.861070774495601654e-03
4.783824551850557327e-03
4.765702877193689346e-03
5.106825847178697586e-03
4.892113618552684784e-03
4.686918575316667557e-03
4.782868083566427231e-03
4.916018806397914886e-03
4.700620193034410477e-03
4.701732192188501358e-03
4.817120730876922607e-03
4.759700503200292587e-03
4.665186163038015366e-03
4.872731398791074753e-03
4.895058926194906235e-03
4.720792174339294434e-03
4.745313432067632675e-03
5.310059059411287308e-03
4.748916253447532654e-03
4.757486749440431595e-03
4.703620448708534241e-03
4.787358455359935760e-03
4.755784757435321808e-03
4.889112897217273712e-03
4.815103486180305481e-03
4.706766922026872635e-03
4.940100014209747314e-03
4.789761267602443695e-03
5.030838306993246078e-03
4.842450842261314392e-03
4.677932243794202805e-03
4.800369031727313995e-03
4.926512483507394791e-03
4.773322027176618576e-03
4.691035021096467972e-03
4.669951740652322769e-03
4.735156428068876266e-03
4.902070853859186172e-03
5.060683470219373703e-03
4.760773386806249619e-03
4.766754806041717529e-03
4.817193839699029922e-03
4.826110787689685822e-03
4.704598337411880493e-03
4.714633338153362274e-03
4.746308084577322006e-03
4.883104935288429260e-03
4.825436044484376907e-03
4.752378910779953003e-03
4.747015889734029770e-03
4.752903245389461517e-03
4.803900141268968582e-03
4.690021276473999023e-03
4.713223315775394440e-03
4.747785162180662155e-03
4.727827850729227066e-03
4.814710468053817749e-03
4.890008829534053802e-03
4.724884871393442154e-03
4.713703878223896027e-03
4.824626259505748749e-03
4.780543036758899689e-03
5.032007582485675812e-03
4.679063335061073303e-03
4.666230175644159317e-03
4.663085099309682846e-03
4.796247463673353195e-03
4.712932277470827103e-03
4.776919260621070862e-03
5.187239497900009155e-03
4.748500417917966843e-03
4.778326489031314850e-03
4.890278447419404984e-03
4.774978384375572205e-03
4.729534499347209930e-03
4.805144388228654861e-03
4.770279861986637115e-03
4.808110650628805161e-03
4.976417403668165207e-03
4.730039741843938828e-03
4.738845396786928177e-03
4.780355375260114670e-03
4.685051739215850830e-03
4.674838390201330185e-03
4.702063743025064468e-03
4.745514597743749619e-03
4.730639979243278503e-03
4.746298305690288544e-03
4.751798696815967560e-03
4.742814227938652039e-03
4.775626119226217270e-03
4.663197789341211319e-03
4.712898749858140945e-03
4.748359322547912598e-03
4.793691914528608322e-03
4.794226493686437607e-03
4.712995141744613647e-03
4.705881699919700623e-03
4.842046648263931274e-03
4.804509691894054413e-03
4.831077530980110168e-03
4.783298820257186890e-03
4.723815247416496277e-03
5.013390444219112396e-03
4.754226654767990112e-03
4.749701358377933502e-03
4.847052507102489471e-03
4.764193668961524963e-03
4.856879822909832001e-03
4.806749988347291946e-03
4.749917425215244293e-03
4.795023705810308456e-03
4.801935516297817230e-03
4.709632135927677155e-03
4.698431119322776794e-03
4.775846842676401138e-03
5.211607087403535843e-03
4.901937209069728851e-03
4.703296348452568054e-03
4.814869258552789688e-03
4.750599619001150131e-03
4.686933476477861404e-03
4.704925697296857834e-03
4.864786285907030106e-03
4.705424420535564423e-03
4.910534247756004333e-03
4.851544741541147232e-03
4.779949318617582321e-03
4.777177236974239349e-03
4.876362625509500504e-03
4.991878755390644073e-03
4.727261606603860855e-03
4.715487360954284668e-03
4.767728503793478012e-03
4.766662139445543289e-03
4.841298796236515045e-03
4.865544848144054413e-03
4.746340680867433548e-03
4.724250640720129013e-03
4.727812483906745911e-03
4.708911757916212082e-03
5.186034832149744034e-03
5.131938029080629349e-03
4.782205447554588318e-03
4.820465110242366791e-03
4.791184328496456146e-03
4.721906036138534546e-03
4.734239075332880020e-03
4.767271690070629120e-03
4.683807026594877243e-03
4.821057897061109543e-03
4.797933623194694519e-03
4.695123061537742615e-03
4.701818805187940598e-03
4.750058986246585846e-03
4.834776744246482849e-03
4.877606872469186783e-03
5.069388542324304581e-03
4.721088334918022156e-03
4.962248262017965317e-03
4.914215765893459320e-03
4.990810994058847427e-03
4.744916688650846481e-03
4.796381108462810516e-03
4.802809096872806549e-03
4.815616644918918610e-03
4.776794929057359695e-03
4.986768122762441635e-03
4.856148734688758850e-03
4.800050985068082809e-03
4.740260541439056396e-03
5.040461663156747818e-03
4.757982213050127029e-03
4.859532229602336884e-03
4.840599838644266129e-03
4.739050753414630890e-03
4.776479676365852356e-03
4.779823124408721924e-03
4.692371468991041183e-03
4.680114332586526871e-03
4.750068299472332001e-03
4.922578111290931702e-03
4.671517293900251389e-03
4.658538848161697388e-03
4.869339987635612488e-03
4.863022826611995697e-03
4.852741025388240814e-03
4.750808235257863998e-03
4.705557599663734436e-03
4.828033968806266785e-03
4.880378022789955139e-03
4.741834476590156555e-03
4.958946723490953445e-03
4.707543179392814636e-03
4.795138724148273468e-03
4.690170753747224808e-03
4.793465137481689453e-03
4.931274335831403732e-03
4.782502539455890656e-03
4.763807635754346848e-03
4.759245086461305618e-03
4.879722371697425842e-03
4.910659976303577423e-03
4.828362260013818741e-03
4.785635974258184433e-03
4.709814675152301788e-03
4.775424487888813019e-03
4.848822019994258881e-03
4.725193604826927185e-03
4.771643783897161484e-03
4.934553988277912140e-03
4.769756458699703217e-03
4.696066025644540787e-03
4.860989749431610107e-03
4.823140799999237061e-03
5.090322811156511307e-03
4.772573243826627731e-03
4.730316344648599625e-03
4.742311779409646988e-03
4.693672060966491699e-03
4.741297103464603424e-03
4.882625769823789597e-03
4.771620035171508789e-03
4.833833314478397369e-03
4.705755971372127533e-03
4.679439589381217957e-03
4.798267036676406860e-03
4.783558193594217300e-03
4.831268452107906342e-03
4.713813308626413345e-03
4.891875665634870529e-03
4.727770108729600906e-03
4.750763066112995148e-03
4.957804922014474869e-03
4.781818483024835587e-03
4.669578280299901962e-03
4.704743158072233200e-03
4.797895904630422592e-03
4.698562435805797577e-03
4.809677600860595703e-03
4.747956991195678711e-03
4.877709783613681793e-03
4.807408899068832397e-03
4.798887763172388077e-03
5.078331567347049713e-03
4.772007931023836136e-03
4.765589255839586258e-03
4.838437307626008987e-03
4.784804768860340118e-03
4.802151583135128021e-03
4.703518468886613846e-03
4.694784525781869888e-03
4.744574427604675293e-03
4.735588561743497849e-03
4.695848561823368073e-03
4.721357952803373337e-03
4.677865654230117798e-03
4.726038780063390732e-03
4.765650723129510880e-03
4.758349154144525528e-03
4.797012545168399811e-03
4.918231628835201263e-03
4.706475418061017990e-03
4.799847956746816635e-03
4.787355195730924606e-03
4.752693697810173035e-03
4.838882945477962494e-03
4.811480641365051270e-03
4.735325463116168976e-03
4.864288028329610825e-03
4.786292091012001038e-03
4.676226526498794556e-03
4.850149620324373245e-03
4.702281672507524490e-03
5.153765901923179626e-03
4.808128811419010162e-03
4.647043533623218536e-03
4.736258182674646378e-03
4.823845811188220978e-03
4.885015543550252914e-03
4.696769174188375473e-03
4.923300351947546005e-03
4.793115425854921341e-03
4.841050598770380020e-03
4.768635146319866180e-03
4.698324482887983322e-03
4.828430246561765671e-03
4.669787827879190445e-03
4.701148252934217453e-03
4.698523320257663727e-03
4.790963139384984970e-03
4.666210152208805084e-03
4.711314570158720016e-03
4.682796541601419449e-03
4.702845122665166855e-03
4.643089137971401215e-03
4.876852966845035553e-03
4.946010652929544449e-03
5.022130906581878662e-03
4.949905909597873688e-03
4.793734289705753326e-03
4.690009634941816330e-03
4.762720782309770584e-03
4.943973384797573090e-03
4.770938307046890259e-03
4.790319595485925674e-03
4.748033359646797180e-03
4.692728631198406219e-03
4.828963894397020340e-03
4.775807727128267288e-03
4.826730582863092422e-03
4.713545087724924088e-03
4.778178408741950989e-03
4.996347241103649139e-03
4.838877823203802109e-03
4.819996189326047897e-03
4.729070235043764114e-03
4.694879986345767975e-03
4.730443935841321945e-03
4.739332012832164764e-03
4.706178326159715652e-03
4.747230559587478638e-03
4.768482875078916550e-03
4.650250077247619629e-03
4.680667072534561157e-03
4.715076182037591934e-03
4.815936088562011719e-03
4.836197011172771454e-03
4.771782085299491882e-03
4.769883584231138229e-03
4.733155015856027603e-03
4.925416782498359680e-03
4.956669174134731293e-03
4.721279256045818329e-03
5.004161503165960312e-03
4.866389092057943344e-03
4.761636722832918167e-03
4.748514387756586075e-03
4.789744503796100616e-03
4.716024734079837799e-03
4.739208612591028214e-03
4.729135893285274506e-03
4.910607356578111649e-03
4.959563259035348892e-03
4.739856347441673279e-03
4.900949075818061829e-03
4.898116923868656158e-03
4.780145362019538879e-03
4.922259133309125900e-03
4.708520602434873581e-03
4.741898272186517715e-03
4.697288386523723602e-03
4.836597945541143417e-03
4.790948703885078430e-03
4.698242526501417160e-03
4.902632441371679306e-03
4.804003518074750900e-03
4.746307618916034698e-03
4.831054247915744781e-03
4.967910703271627426e-03
4.798622336238622665e-03
4.823697265237569809e-03
4.804658237844705582e-03
4.995160736143589020e-03
4.778706934303045273e-03
4.755955189466476440e-03
4.795096348971128464e-03
4.745961166918277740e-03
4.868113901466131210e-03
4.682569764554500580e-03
4.836160689592361450e-03
4.663592670112848282e-03
4.823144525289535522e-03
4.751319065690040588e-03
5.194129422307014465e-03
4.805517848581075668e-03
4.682993050664663315e-03
4.703380633145570755e-03
4.796279594302177429e-03
4.898691549897193909e-03
4.680322483181953430e-03
4.663396626710891724e-03
5.037212278693914413e-03
5.033776629716157913e-03
4.859677515923976898e-03
4.970739129930734634e-03
4.793612286448478699e-03
4.890468437224626541e-03
4.680817481130361557e-03
4.753228276968002319e-03
4.938233643770217896e-03
4.734016954898834229e-03
4.750891122967004776e-03
4.648033995181322098e-03
4.808555357158184052e-03
4.939558450132608414e-03
4.670889582484960556e-03
4.813201259821653366e-03
4.751531407237052917e-03
4.773148801177740097e-03
4.878282546997070312e-03
4.913712851703166962e-03
4.731933586299419403e-03
4.711851943284273148e-03
4.690079949796199799e-03
4.982190672308206558e-03
4.647661000490188599e-03
4.698805045336484909e-03
4.739727824926376343e-03
4.844474606215953827e-03
4.697217606008052826e-03
4.688434768468141556e-03
4.683161620050668716e-03
4.861505702137947083e-03
4.779387731105089188e-03
4.756820853799581528e-03
4.804028198122978210e-03
4.837633110582828522e-03
4.878659266978502274e-03
4.713719245046377182e-03
4.872375633567571640e-03
4.795035813003778458e-03
4.947656299918889999e-03
4.730196204036474228e-03
4.752874840050935745e-03
4.814672283828258514e-03
4.865608643740415573e-03
4.705611616373062134e-03
4.777976777404546738e-03
4.700400400906801224e-03
4.826025571674108505e-03
4.948098212480545044e-03
4.773817490786314011e-03
4.817900247871875763e-03
4.712824709713459015e-03
4.667726811021566391e-03
4.721644800156354904e-03
4.685508087277412415e-03
4.891790915280580521e-03
4.781207535415887833e-03
4.919540602713823318e-03
4.726066719740629196e-03
4.673194605857133865e-03
4.738933872431516647e-03
4.896474536508321762e-03
4.763920325785875320e-03
4.954404197633266449e-03
4.736208356916904449e-03
4.827697761356830597e-03
4.948827903717756271e-03
4.772276151925325394e-03
4.889699630439281464e-03
4.697480238974094391e-03
4.836278501898050308e-03
4.833165556192398071e-03
4.768017213791608810e-03
4.718226380646228790e-03
4.682397935539484024e-03
4.674535710364580154e-03
4.748859442770481110e-03
4.728589672595262527e-03
4.895919468253850937e-03
4.743691068142652512e-03
4.785162862390279770e-03
4.700221121311187744e-03
4.694894887506961823e-03
4.720288794487714767e-03
4.753851797431707382e-03
4.859612323343753815e-03
4.979957360774278641e-03
4.683087114244699478e-03
4.670197609812021255e-03
4.669754300266504288e-03
4.708275664597749710e-03
4.908504430204629898e-03
4.828548990190029144e-03
4.760683048516511917e-03
4.889226052910089493e-03
4.705485887825489044e-03
5.154145415872335434e-03
4.797423258423805237e-03
4.699632525444030762e-03
4.710187669843435287e-03
4.763225559145212173e-03
4.728613421320915222e-03
4.794150125235319138e-03
4.921124782413244247e-03
4.795126616954803467e-03
4.659489728510379791e-03
4.705348517745733261e-03
4.723739810287952423e-03
4.777285270392894745e-03
4.779198206961154938e-03
4.678311292082071304e-03
5.041807424277067184e-03
5.069955252110958099e-03
4.790134262293577194e-03
4.723540507256984711e-03
4.860924091190099716e-03
4.751392174512147903e-03
4.687702283263206482e-03
4.655623342841863632e-03
4.771364852786064148e-03
4.871062003076076508e-03
4.839425440877676010e-03
4.842821508646011353e-03
4.701199941337108612e-03
4.790591541677713394e-03
4.852820187807083130e-03
4.763796459883451462e-03
4.733512643724679947e-03
4.895177669823169708e-03
4.711434245109558105e-03
4.671611357480287552e-03
4.740735050290822983e-03
4.735297057777643204e-03
4.759679548442363739e-03
4.962943959981203079e-03
4.854754544794559479e-03
4.765868652611970901e-03
4.849911667406558990e-03
4.901321139186620712e-03
4.664149135351181030e-03
4.744688514620065689e-03
4.713999107480049133e-03
4.716653376817703247e-03
4.719007760286331177e-03
4.704685881733894348e-03
4.988745320588350296e-03
5.015209317207336426e-03
4.940250422805547714e-03
4.742239136248826981e-03
4.732180852442979813e-03
4.655543249100446701e-03
4.709008149802684784e-03
4.795775748789310455e-03
4.804536700248718262e-03
4.745896439999341965e-03
4.674125462770462036e-03
4.800609778612852097e-03
4.745591431856155396e-03
4.690381698310375214e-03
4.733649548143148422e-03
4.740745294839143753e-03
4.755063448101282120e-03
4.760362207889556885e-03
4.735327791422605515e-03
4.718663636595010757e-03
4.778090864419937134e-03
4.754582419991493225e-03
4.685496445745229721e-03
4.709247965365648270e-03
4.931951407343149185e-03
4.849967546761035919e-03
4.678459372371435165e-03
4.696952179074287415e-03
4.772466607391834259e-03
4.752213135361671448e-03
4.763816483318805695e-03
4.703589715063571930e-03
4.736028611660003662e-03
4.966014996170997620e-03
4.715021234005689621e-03
4.770233295857906342e-03
4.752861801534891129e-03
4.693867638707160950e-03
4.755361005663871765e-03
4.732847213745117188e-03
4.744059406220912933e-03
4.737013485282659531e-03
4.679738078266382217e-03
4.664324689656496048e-03
5.031034816056489944e-03
4.725884646177291870e-03
4.709627944976091385e-03
4.814802668988704681e-03
5.174613557755947113e-03
4.740655887871980667e-03
4.728529136627912521e-03
4.768560640513896942e-03
4.859930370002985001e-03
4.831138998270034790e-03
4.722590092569589615e-03
4.984884988516569138e-03
4.920791834592819214e-03
4.893140401691198349e-03
4.804123193025588989e-03
4.918352235108613968e-03
4.881605971604585648e-03
4.773124121129512787e-03
4.816897213459014893e-03
4.825663287192583084e-03
4.715343937277793884e-03
4.846670664846897125e-03
4.751332104206085205e-03
4.719134885817766190e-03
4.746396094560623169e-03
4.854175262153148651e-03
4.710830748081207275e-03
4.780669696629047394e-03
4.769178573042154312e-03
4.666801076382398605e-03
4.674547817558050156e-03
4.689901135861873627e-03
4.790491890162229538e-03
4.921706393361091614e-03
4.786199424415826797e-03
4.709865432232618332e-03
4.700012039393186569e-03
4.727547522634267807e-03
4.822363611310720444e-03
4.766105208545923233e-03
4.965482279658317566e-03
4.837873391807079315e-03
4.883556626737117767e-03
4.743263591080904007e-03
4.852339159697294235e-03
4.735050257295370102e-03
4.880480002611875534e-03
4.681886639446020126e-03
4.900410771369934082e-03
4.899382125586271286e-03
4.740898497402667999e-03
4.683988168835639954e-03
4.780436400324106216e-03
4.983426537364721298e-03
4.736448638141155243e-03
4.740042611956596375e-03
4.801151808351278305e-03
4.758632741868495941e-03
4.745676182210445404e-03
4.814069252461194992e-03
4.970244597643613815e-03
4.688614048063755035e-03
4.894566722214221954e-03
4.751249216496944427e-03
4.831320606172084808e-03
4.898085724562406540e-03
4.697440657764673233e-03
4.772907122969627380e-03
4.662771709263324738e-03
4.861221183091402054e-03
4.722130484879016876e-03
4.756527952849864960e-03
4.752646200358867645e-03
4.727107007056474686e-03
4.658361431211233139e-03
4.686305765062570572e-03
4.835064988583326340e-03
4.828530363738536835e-03
5.110908765345811844e-03
4.775431938469409943e-03
4.699202254414558411e-03
4.790937528014183044e-03
4.966514185070991516e-03
5.041028372943401337e-03
4.802057985216379166e-03
4.847838077694177628e-03
4.677794408053159714e-03
4.888931289315223694e-03
5.002343561500310898e-03
4.797752480953931808e-03
4.777024034410715103e-03
4.701972939074039459e-03
4.863773006945848465e-03
4.693415481597185135e-03
4.632685799151659012e-03
4.668718669563531876e-03
4.664745181798934937e-03
4.717490635812282562e-03
4.715460352599620819e-03
4.979720339179039001e-03
4.911873489618301392e-03
4.764429293572902679e-03
4.804468713700771332e-03
4.932612646371126175e-03
4.962867591530084610e-03
4.845939110964536667e-03
4.739876836538314819e-03
4.842991940677165985e-03
4.846372175961732864e-03
4.655548371374607086e-03
4.759356845170259476e-03
4.666430409997701645e-03
4.711237736046314240e-03
4.844377283006906509e-03
4.818226210772991180e-03
4.754712339490652084e-03
4.910293966531753540e-03
4.671239294111728668e-03
4.742486868053674698e-03
4.667069297283887863e-03
4.821474663913249969e-03
4.653134383261203766e-03
4.742513876408338547e-03
4.766318947076797485e-03
4.763161297887563705e-03
4.808611702173948288e-03
4.741990007460117340e-03
4.703527782112360001e-03
4.789484664797782898e-03
4.706014413386583328e-03
4.685342777520418167e-03
4.737739916890859604e-03
4.756922367960214615e-03
4.750858526676893234e-03
5.016611423343420029e-03
4.675569944083690643e-03
4.751151893287897110e-03
4.736832808703184128e-03
4.826602060347795486e-03
4.902540706098079681e-03
4.800563212484121323e-03
4.696764051914215088e-03
4.689504858106374741e-03
4.859542474150657654e-03
4.995771218091249466e-03
4.766977392137050629e-03
4.762711469084024429e-03
4.726974293589591980e-03
4.784466698765754700e-03
4.729764070361852646e-03
4.703658167272806168e-03
4.940625745803117752e-03
4.688606131821870804e-03
4.696774296462535858e-03
4.782369360327720642e-03
4.765523597598075867e-03
4.794528242200613022e-03
4.698199220001697540e-03
4.678270779550075531e-03
4.751996602863073349e-03
4.710967652499675751e-03
5.021864082664251328e-03
4.743795841932296753e-03
4.737178795039653778e-03
4.709414206445217133e-03
4.736218601465225220e-03
4.639817401766777039e-03
4.799800924956798553e-03
4.842309746891260147e-03
4.701605997979640961e-03
4.852355457842350006e-03
4.693376366049051285e-03
4.709140397608280182e-03
5.252416711300611496e-03
4.711202811449766159e-03
4.702063743025064468e-03
4.811028949916362762e-03
4.962594714015722275e-03
4.738004878163337708e-03
5.035067908465862274e-03
4.650740884244441986e-03
4.682230763137340546e-03
4.781212657690048218e-03
4.793034400790929794e-03
4.743093159049749374e-03
4.773458465933799744e-03
4.719299729913473129e-03
4.748940467834472656e-03
4.750799387693405151e-03
5.043738055974245071e-03
4.959756508469581604e-03
4.725963342934846878e-03
4.805036354809999466e-03
4.680682905018329620e-03
4.765440709888935089e-03
5.000435747206211090e-03
4.990557208657264709e-03
4.765480756759643555e-03
4.779579117894172668e-03
4.722957964986562729e-03
4.782157950103282928e-03
4.774795845150947571e-03
4.853492137044668198e-03
4.640823695808649063e-03
4.839445464313030243e-03
4.803168121725320816e-03
5.020612850785255432e-03
5.074583925306797028e-03
4.768298007547855377e-03
4.973348695784807205e-03
4.709139931946992874e-03
4.704046994447708130e-03
4.651079420000314713e-03
4.740071482956409454e-03
4.825999494642019272e-03
4.836981184780597687e-03
4.762580618262290955e-03
4.747128114104270935e-03
4.779291804879903793e-03
4.648880101740360260e-03
4.766123834997415543e-03
4.722228739410638809e-03
4.666607826948165894e-03
4.729466047137975693e-03
4.782764706760644913e-03
4.792491905391216278e-03
4.757750313729047775e-03
4.803086165338754654e-03
4.730460233986377716e-03
4.809146281331777573e-03
4.886340815573930740e-03
4.717286676168441772e-03
4.802789539098739624e-03
4.865775350481271744e-03
4.773775581270456314e-03
4.930864088237285614e-03
4.720045719295740128e-03
4.713838919997215271e-03
4.759008996188640594e-03
4.762872587889432907e-03
4.682232625782489777e-03
4.832647740840911865e-03
4.892811644822359085e-03
4.827642813324928284e-03
4.750641994178295135e-03
4.723329562693834305e-03
4.640197381377220154e-03
4.760088864713907242e-03
4.808799363672733307e-03
4.695501178503036499e-03
4.667950794100761414e-03
4.713551606982946396e-03
4.922908265143632889e-03
4.867754876613616943e-03
4.794088657945394516e-03
4.806637763977050781e-03
4.893702920526266098e-03
4.664324223995208740e-03
4.722776822745800018e-03
4.843314178287982941e-03
4.843914415687322617e-03
4.815953783690929413e-03
4.752826411277055740e-03
4.705573897808790207e-03
4.841364454478025436e-03
4.735562484711408615e-03
4.726124461740255356e-03
4.857812076807022095e-03
4.822987597435712814e-03
4.765538033097982407e-03
4.749884363263845444e-03
4.672822542488574982e-03
4.867857787758111954e-03
4.645176697522401810e-03
4.908880684524774551e-03
5.120394751429557800e-03
4.784699529409408569e-03
4.982750397175550461e-03
4.713006783276796341e-03
4.645069129765033722e-03
4.747978877276182175e-03
4.788740538060665131e-03
4.660627804696559906e-03
4.932207986712455750e-03
4.785342607647180557e-03
4.689024761319160461e-03
4.712498281151056290e-03
4.775049630552530289e-03
4.759723786264657974e-03
4.754737019538879395e-03
4.740328993648290634e-03
4.860952030867338181e-03
4.776005633175373077e-03
4.784644115716218948e-03
4.798834677785634995e-03
4.758850671350955963e-03
4.759337287396192551e-03
4.725715611129999161e-03
4.885828588157892227e-03
4.823479801416397095e-03
4.773788154125213623e-03
4.935458302497863770e-03
4.672570154070854187e-03
4.750389605760574341e-03
4.876538645476102829e-03
4.796054214239120483e-03
4.672949668020009995e-03
4.694371484220027924e-03
4.734683781862258911e-03
4.961825907230377197e-03
4.721762146800756454e-03
4.754694178700447083e-03
4.632844589650630951e-03
4.662476014345884323e-03
4.670142196118831635e-03
4.740512464195489883e-03
5.102998111397027969e-03
5.047327373176813126e-03
4.814846441149711609e-03
4.751577042043209076e-03
4.707045853137969971e-03
4.722159821540117264e-03
4.854465369135141373e-03
4.900112748146057129e-03
4.809867590665817261e-03
4.651645198464393616e-03
4.689474124461412430e-03
4.844450857490301132e-03
4.943425767123699188e-03
4.634221084415912628e-03
4.670684225857257843e-03
4.705300554633140564e-03
4.735978785902261734e-03
4.785859491676092148e-03
4.855411127209663391e-03
4.731620196253061295e-03
4.792120773345232010e-03
4.748175852000713348e-03
4.698006436228752136e-03
4.917950835078954697e-03
4.823843948543071747e-03
4.713063593953847885e-03
4.733003675937652588e-03
4.727246239781379700e-03
4.904128145426511765e-03
4.778869450092315674e-03
4.744740668684244156e-03
4.854938946664333344e-03
4.875352140516042709e-03
4.702128935605287552e-03
4.767926875501871109e-03
4.741342738270759583e-03
4.694312345236539841e-03
4.731964319944381714e-03
4.752427339553833008e-03
4.711453337222337723e-03
4.833713639527559280e-03
4.789518192410469055e-03
4.886564798653125763e-03
4.812335595488548279e-03
4.682030994445085526e-03
4.793123807758092880e-03
4.831683821976184845e-03
4.738930612802505493e-03
4.735740367323160172e-03
4.799264948815107346e-03
4.718793556094169617e-03
4.687473643571138382e-03
4.787893965840339661e-03
4.839611239731311798e-03
4.774499684572219849e-03
4.658631980419158936e-03
4.719250369817018509e-03
4.726704210042953491e-03
4.781764000654220581e-03
5.008653737604618073e-03
4.783987067639827728e-03
4.750686232000589371e-03
4.698369652032852173e-03
4.630623850971460342e-03
4.905513953417539597e-03
4.738532938063144684e-03
4.952585324645042419e-03
4.753835964947938919e-03
4.758525174111127853e-03
5.107636563479900360e-03
4.824711009860038757e-03
4.816515371203422546e-03
4.812792874872684479e-03
4.755803383886814117e-03
4.714331123977899551e-03
4.757179878652095795e-03
4.837200976908206940e-03
4.781394265592098236e-03
4.857685416936874390e-03
4.818078596144914627e-03
4.688171204179525375e-03
4.752497188746929169e-03
4.948760382831096649e-03
4.712357651442289352e-03
4.820700734853744507e-03
4.931594245135784149e-03
4.918765276670455933e-03
4.677824676036834717e-03
4.697010852396488190e-03
4.713641013950109482e-03
4.774024244397878647e-03
4.694210365414619446e-03
4.893885925412178040e-03
4.652071278542280197e-03
4.788566846400499344e-03
4.780905786901712418e-03
4.734522663056850433e-03
4.742624703794717789e-03
4.773399326950311661e-03
4.986027255654335022e-03
4.889283794909715652e-03
4.795672371983528137e-03
4.739454016089439392e-03
4.745739977806806564e-03
4.946659784764051437e-03
4.686436615884304047e-03
4.738366696983575821e-03
4.761469550430774689e-03
4.727480933070182800e-03
4.691444337368011475e-03
4.715791437774896622e-03
4.794216714799404144e-03
4.814999178051948547e-03
4.641445353627204895e-03
4.675666801631450653e-03
4.829214885830879211e-03
4.787275567650794983e-03
4.699626937508583069e-03
5.055477377027273178e-03
4.831620492041110992e-03
4.959149751812219620e-03
4.818637855350971222e-03
4.751056898385286331e-03
4.839117173105478287e-03
4.763527773320674896e-03
4.681213293224573135e-03
4.741709213703870773e-03
4.887735936790704727e-03
4.754845984280109406e-03
4.709161818027496338e-03
4.960412159562110901e-03
4.898660816252231598e-03
4.707589279860258102e-03
4.695194307714700699e-03
4.725003149360418320e-03
4.688667133450508118e-03
4.778243135660886765e-03
4.784822929650545120e-03
4.669732414186000824e-03
4.744664765894412994e-03
4.800606053322553635e-03
4.731522407382726669e-03
4.681733902543783188e-03
5.000086966902017593e-03
4.984997212886810303e-03
4.694950301200151443e-03
5.039854906499385834e-03
5.048943217843770981e-03
4.835042171180248260e-03
4.679273348301649094e-03
4.773984663188457489e-03
4.880919586867094040e-03
4.745912738144397736e-03
4.652039147913455963e-03
4.809310194104909897e-03
4.836513195186853409e-03
4.789377097040414810e-03
4.700971767306327820e-03
4.830550868064165115e-03
4.764548968523740768e-03
4.803594201803207397e-03
4.724024794995784760e-03
5.068254191428422928e-03
4.728346131742000580e-03
4.722279030829668045e-03
4.956018179655075073e-03
4.830447491258382797e-03
4.833500366657972336e-03
4.724000580608844757e-03
4.654648713767528534e-03
4.658019170165061951e-03
4.726312588900327682e-03
4.823483992367982864e-03
4.690485075116157532e-03
4.827175755053758621e-03
4.714683163911104202e-03
4.866388626396656036e-03
4.927980247884988785e-03
4.932331852614879608e-03
5.213862750679254532e-03
4.695653449743986130e-03
4.735802300274372101e-03
4.728772211819887161e-03
4.668021108955144882e-03
4.630358889698982239e-03
4.727029241621494293e-03
4.987870343029499054e-03
4.710108973085880280e-03
4.864704329520463943e-03
4.793579224497079849e-03
4.732971545308828354e-03
4.802772309631109238e-03
4.712852649390697479e-03
4.755943547934293747e-03
4.713710397481918335e-03
4.789876285940408707e-03
4.845945630222558975e-03
4.760747309774160385e-03
4.791999701410531998e-03
4.807968623936176300e-03
4.841777030378580093e-03
4.718110896646976471e-03
4.686601925641298294e-03
4.750027786940336227e-03
4.665587097406387329e-03
4.753535613417625427e-03
4.755417350679636002e-03
4.766342230141162872e-03
4.825712647289037704e-03
4.698854405432939529e-03
4.843018017709255219e-03
4.846101626753807068e-03
4.842696245759725571e-03
4.804728087037801743e-03
4.799351096153259277e-03
4.755913279950618744e-03
4.748126026242971420e-03
4.749790299683809280e-03
4.853711463510990143e-03
4.788838792592287064e-03
4.651924595236778259e-03
4.691293928772211075e-03
4.813150037080049515e-03
4.784204997122287750e-03
4.771463572978973389e-03
4.732992034405469894e-03
4.781308118253946304e-03
4.959248006343841553e-03
4.889099393039941788e-03
4.771481268107891083e-03
4.730881657451391220e-03
4.793447442352771759e-03
4.674016032367944717e-03
4.665178712457418442e-03
4.782888107001781464e-03
4.688673187047243118e-03
4.701679106801748276e-03
4.757248796522617340e-03
4.749962128698825836e-03
4.780725110322237015e-03
4.760375246405601501e-03
4.908795468509197235e-03
4.884110763669013977e-03
4.778921138495206833e-03
4.764772485941648483e-03
4.750443156808614731e-03
4.803409334272146225e-03
4.721098113805055618e-03
4.717551171779632568e-03
4.715557210147380829e-03
4.831921774893999100e-03
4.625706002116203308e-03
4.671143367886543274e-03
4.657957702875137329e-03
4.655041731894016266e-03
4.657123237848281860e-03
4.684012383222579956e-03
4.976517986506223679e-03
4.724688362330198288e-03
4.875489044934511185e-03
4.723220132291316986e-03
4.690872039645910263e-03
4.731651861220598221e-03
4.720573779195547104e-03
4.912171978503465652e-03
4.724536556750535965e-03
4.849833436310291290e-03
4.735629539936780930e-03
4.803691525012254715e-03
4.839436616748571396e-03
4.689196124672889709e-03
4.674802068620920181e-03
4.714283160865306854e-03
4.729614127427339554e-03
5.003992468118667603e-03
5.028209649026393890e-03
4.738514311611652374e-03
4.740728996694087982e-03
4.697608761489391327e-03
4.750032443553209305e-03
4.739976953715085983e-03
4.708291031420230865e-03
4.843156784772872925e-03
4.851120989769697189e-03
4.990098066627979279e-03
4.837384913116693497e-03
4.799281712621450424e-03
4.828590899705886841e-03
4.894757643342018127e-03
4.661013837903738022e-03
4.945627413690090179e-03
4.650794900953769684e-03
4.782776813954114914e-03
4.851888865232467651e-03
4.679298959672451019e-03
4.677993245422840118e-03
4.732563160359859467e-03
4.844219423830509186e-03
4.834785126149654388e-03
4.696751013398170471e-03
4.805706441402435303e-03
4.719833843410015106e-03
4.725751001387834549e-03
4.741373471915721893e-03
4.754793364554643631e-03
4.782131873071193695e-03
4.797918722033500671e-03
5.052843596786260605e-03
4.814475774765014648e-03
4.712607245892286301e-03
4.743054043501615524e-03
4.730135202407836914e-03
4.792544525116682053e-03
4.687980283051729202e-03
4.711526446044445038e-03
4.815655294805765152e-03
4.673217888921499252e-03
4.709772299975156784e-03
4.867840558290481567e-03
4.762681201100349426e-03
4.876845981925725937e-03
4.841300658881664276e-03
4.815806634724140167e-03
4.761211108416318893e-03
4.691291134804487228e-03
4.677375778555870056e-03
4.881891421973705292e-03
4.651330877095460892e-03
4.656028933823108673e-03
4.658120218664407730e-03
4.692892078310251236e-03
5.136644467711448669e-03
4.864947404712438583e-03
4.653686191886663437e-03
4.866147413849830627e-03
4.684326704591512680e-03
5.052770953625440598e-03
5.004703067243099213e-03
4.697290714830160141e-03
4.717332310974597931e-03
4.834885243326425552e-03
4.713590722531080246e-03
4.745769314467906952e-03
4.682744853198528290e-03
4.818855784833431244e-03
4.749488085508346558e-03
4.966772627085447311e-03
4.750139545649290085e-03
4.735562019050121307e-03
4.735706374049186707e-03
4.768184386193752289e-03
4.673886112868785858e-03
4.686733242124319077e-03
4.895785357803106308e-03
4.800975322723388672e-03
4.839870147407054901e-03
4.723110701888799667e-03
4.703386221081018448e-03
4.661411046981811523e-03
4.868614487349987030e-03
4.785079974681138992e-03
4.839657340198755264e-03
4.738771822303533554e-03
4.882483277469873428e-03
4.735156893730163574e-03
4.801505710929632187e-03
4.821999464184045792e-03
4.829707555472850800e-03
4.801980219781398773e-03
4.743556492030620575e-03
4.948582500219345093e-03
4.869850352406501770e-03
4.691974725574254990e-03
4.612587392330169678e-03
4.726851359009742737e-03
4.777205642312765121e-03
4.787284880876541138e-03
4.654678981751203537e-03
4.799107089638710022e-03
4.865196999162435532e-03
4.720025230199098587e-03
4.750804044306278229e-03
4.760870710015296936e-03
4.887274466454982758e-03
4.807478282600641251e-03
4.717932082712650299e-03
4.678768571466207504e-03
4.990181885659694672e-03
4.768599290400743484e-03
4.680281504988670349e-03
4.721936304122209549e-03
4.806785378605127335e-03
4.969754256308078766e-03
4.895162303000688553e-03
4.807844292372465134e-03
4.728483501821756363e-03
4.821506794542074203e-03
4.740336444228887558e-03
4.788946826010942459e-03
4.690051544457674026e-03
4.784994293004274368e-03
4.719734657555818558e-03
4.698904231190681458e-03
4.902281332761049271e-03
4.749545361846685410e-03
4.682964179664850235e-03
4.786795936524868011e-03
4.909977782517671585e-03
4.741849843412637711e-03
4.686256404966115952e-03
4.953432362526655197e-03
4.637678619474172592e-03
4.794236738234758377e-03
4.875822924077510834e-03
4.730113781988620758e-03
4.829764366149902344e-03
4.714805167168378830e-03
4.784451331943273544e-03
4.851030185818672180e-03
4.749960266053676605e-03
4.730187356472015381e-03
4.774785600602626801e-03
4.971356596797704697e-03
4.836278967559337616e-03
4.715205170214176178e-03
4.748937208205461502e-03
4.706748761236667633e-03
4.661671351641416550e-03
4.750135820358991623e-03
4.660928156226873398e-03
4.712803289294242859e-03
4.734338261187076569e-03
4.809400998055934906e-03
4.734733607620000839e-03
4.752166569232940674e-03
4.854140337556600571e-03
4.668426699936389923e-03
4.646993242204189301e-03
4.656469915062189102e-03
4.729715641587972641e-03
4.776377230882644653e-03
4.716075491160154343e-03
4.802908282727003098e-03
4.658699035644531250e-03
4.671487025916576385e-03
4.653445445001125336e-03
4.894213750958442688e-03
4.722704179584980011e-03
4.676865413784980774e-03
4.737901967018842697e-03
4.666868131607770920e-03
4.736604634672403336e-03
4.748872481286525726e-03
4.714023787528276443e-03
4.742035642266273499e-03
4.738909192383289337e-03
4.837763495743274689e-03
4.709971137344837189e-03
4.745522979646921158e-03
4.730412270873785019e-03
4.694826900959014893e-03
4.810545593500137329e-03
4.687372595071792603e-03
4.742511082440614700e-03
4.707773216068744659e-03
4.708934575319290161e-03
4.872435238212347031e-03
4.689494613558053970e-03
4.686130210757255554e-03
4.911096766591072083e-03
4.750305786728858948e-03
4.779685754328966141e-03
4.892928525805473328e-03
4.915908910334110260e-03
5.006559193134307861e-03
4.719915334135293961e-03
4.738794639706611633e-03
4.737665411084890366e-03
4.755055997520685196e-03
4.796179477125406265e-03
4.703599959611892700e-03
4.774940200150012970e-03
4.792485386133193970e-03
4.849019926041364670e-03
4.715583287179470062e-03
4.989332985132932663e-03
4.714866168797016144e-03
4.749282728880643845e-03
4.673019051551818848e-03
4.698531702160835266e-03
4.819213878363370895e-03
4.948323592543601990e-03
4.713548347353935242e-03
4.899583756923675537e-03
4.683149978518486023e-03
4.882905632257461548e-03
4.771449603140354156e-03
4.673349205404520035e-03
4.739757161587476730e-03
4.759055562317371368e-03
4.830742254853248596e-03
4.731119144707918167e-03
4.900798667222261429e-03
4.790129140019416809e-03
4.802839830517768860e-03
4.705884493887424469e-03
4.924839362502098083e-03
4.784807562828063965e-03
4.726621787995100021e-03
4.739288706332445145e-03
4.721093922853469849e-03
4.900848027318716049e-03
4.692713730037212372e-03
4.760390147566795349e-03
4.685533698648214340e-03
4.804412368685007095e-03
4.723241087049245834e-03
4.672848153859376907e-03
4.685949068516492844e-03
4.777717869728803635e-03
4.825582727789878845e-03
4.903763066977262497e-03
4.908432718366384506e-03
4.628653638064861298e-03
4.702926147729158401e-03
4.817315377295017242e-03
4.837818909436464310e-03
4.799989983439445496e-03
4.843928385525941849e-03
4.730643238872289658e-03
4.728624597191810608e-03
4.775100853294134140e-03
4.865965340286493301e-03
4.750388208776712418e-03
4.711949266493320465e-03
5.003626924008131027e-03
4.791604354977607727e-03
4.633845761418342590e-03
4.806164186447858810e-03
4.751421976834535599e-03
4.778840113431215286e-03
4.772822838276624680e-03
4.758088383823633194e-03
4.782493226230144501e-03
4.749973304569721222e-03
4.787833429872989655e-03
4.793141968548297882e-03
4.689846187829971313e-03
4.673551768064498901e-03
4.880052991211414337e-03
4.778187256306409836e-03
4.713892936706542969e-03
4.705755505710840225e-03
4.705158527940511703e-03
4.750566091388463974e-03
4.792496096342802048e-03
4.673098213970661163e-03
4.681560210883617401e-03
4.668826237320899963e-03
4.747899714857339859e-03
4.783519543707370758e-03
4.709972534328699112e-03
4.697170108556747437e-03
4.860571119934320450e-03
4.775403998792171478e-03
4.851049743592739105e-03
5.020819138735532761e-03
4.756994079798460007e-03
4.904998000711202621e-03
4.709735512733459473e-03
4.704385995864868164e-03
4.695321433246135712e-03
4.688940476626157761e-03
4.732999950647354126e-03
4.909581504762172699e-03
4.790393169969320297e-03
4.756637848913669586e-03
4.720904864370822906e-03
4.657394718378782272e-03
4.704191349446773529e-03
4.761855117976665497e-03
4.675133619457483292e-03
5.025614053010940552e-03
4.886299371719360352e-03
5.042725242674350739e-03
4.659204743802547455e-03
4.685590974986553192e-03
4.799612797796726227e-03
4.710788372904062271e-03
4.819116089493036270e-03
4.743300843983888626e-03
4.802650306373834610e-03
4.781446419656276703e-03
4.710337147116661072e-03
4.734343849122524261e-03
4.776694811880588531e-03
4.781281109899282455e-03
4.759028088301420212e-03
4.646477755159139633e-03
4.951576236635446548e-03
4.807097371667623520e-03
4.653587937355041504e-03
4.810118116438388824e-03
4.776143003255128860e-03
4.771023988723754883e-03
4.694423638284206390e-03
4.780088085681200027e-03
4.736962728202342987e-03
4.795309621840715408e-03
4.826209042221307755e-03
4.751031287014484406e-03
4.775580018758773804e-03
4.753740038722753525e-03
4.701780620962381363e-03
4.914433695375919342e-03
4.693728871643543243e-03
4.709094297140836716e-03
4.784176126122474670e-03
4.967353306710720062e-03
4.683660808950662613e-03
4.672708921134471893e-03
4.709552973508834839e-03
4.733284935355186462e-03
4.694319330155849457e-03
4.805690143257379532e-03
4.746768157929182053e-03
4.776759073138237000e-03
4.825579933822154999e-03
4.968538414686918259e-03
4.706099629402160645e-03
4.796887282282114029e-03
4.721917212009429932e-03
4.817670676857233047e-03
4.967159591615200043e-03
4.675149917602539062e-03
4.798809997737407684e-03
4.755886737257242203e-03
4.849969875067472458e-03
4.787694662809371948e-03
4.647269379347562790e-03
4.759336821734905243e-03
4.690602887421846390e-03
4.866322968155145645e-03
4.971974063664674759e-03
4.755809437483549118e-03
4.714559298008680344e-03
4.709457047283649445e-03
4.725896753370761871e-03
4.714678972959518433e-03
4.848758690059185028e-03
4.635717719793319702e-03
4.682972095906734467e-03
4.749909043312072754e-03
4.733851179480552673e-03
4.697456955909729004e-03
4.887463524937629700e-03
4.999009892344474792e-03
4.803014453500509262e-03
4.697375930845737457e-03
4.701263271272182465e-03
4.825138486921787262e-03
4.787474870681762695e-03
4.690003115683794022e-03
4.647780209779739380e-03
4.774631001055240631e-03
4.791527520865201950e-03
4.720054566860198975e-03
4.717160947620868683e-03
4.715455695986747742e-03
4.789641126990318298e-03
4.684666171669960022e-03
4.637128673493862152e-03
4.683177918195724487e-03
4.633702337741851807e-03
4.696511197835206985e-03
4.636323079466819763e-03
4.781837109476327896e-03
4.723739810287952423e-03
4.837250337004661560e-03
4.687341395765542984e-03
4.680619575083255768e-03
4.668925423175096512e-03
4.828650504350662231e-03
4.945740569382905960e-03
4.929339978843927383e-03
4.682702478021383286e-03
4.749334417283535004e-03
4.747787490487098694e-03
4.862922243773937225e-03
4.796172492206096649e-03
4.762324504554271698e-03
4.667824134230613708e-03
4.768203943967819214e-03
4.718560259789228439e-03
4.856014624238014221e-03
4.697117023169994354e-03
4.750028718262910843e-03
4.651192575693130493e-03
4.729280248284339905e-03
4.784143529832363129e-03
4.798145964741706848e-03
4.711931105703115463e-03
4.723977763205766678e-03
4.711850080639123917e-03
4.661617800593376160e-03
4.720665514469146729e-03
4.800803959369659424e-03
4.771713633090257645e-03
4.752062726765871048e-03
4.758111201226711273e-03
5.144410300999879837e-03
4.667821340262889862e-03
4.689567256718873978e-03
4.822564776986837387e-03
4.698464646935462952e-03
4.821134265512228012e-03
4.675619304180145264e-03
4.841050133109092712e-03
4.731492139399051666e-03
4.782006610184907913e-03
4.654175136238336563e-03
4.817167297005653381e-03
5.188877694308757782e-03
4.988174885511398315e-03
4.807580262422561646e-03
4.798480775207281113e-03
4.767048172652721405e-03
4.806638695299625397e-03
4.771743435412645340e-03
4.683683626353740692e-03
4.713482223451137543e-03
4.733492154628038406e-03
4.732410423457622528e-03
4.823684226721525192e-03
4.868446383625268936e-03
4.705869127064943314e-03
4.665995016694068909e-03
4.815188702195882797e-03
4.675994627177715302e-03
4.738400224596261978e-03
4.747889470309019089e-03
4.733508918434381485e-03
4.629300907254219055e-03
4.708364140242338181e-03
4.729514010250568390e-03
4.667905159294605255e-03
4.825158510357141495e-03
4.812319763004779816e-03
4.724151920527219772e-03
4.884714726358652115e-03
4.689385648816823959e-03
4.693949595093727112e-03
4.765477497130632401e-03
4.663002677261829376e-03
4.684098996222019196e-03
4.694026894867420197e-03
4.843648523092269897e-03
4.756588954478502274e-03
4.840855952352285385e-03
4.732967820018529892e-03
4.750594962388277054e-03
4.648000001907348633e-03
4.687588196247816086e-03
4.807650577276945114e-03
4.764277487993240356e-03
4.672683775424957275e-03
4.674021154642105103e-03
4.729284439235925674e-03
4.815747961401939392e-03
4.809263627976179123e-03
4.914407152682542801e-03
4.842125810682773590e-03
4.770267754793167114e-03
4.746628925204277039e-03
4.944796673953533173e-03
4.774436354637145996e-03
4.753814078867435455e-03
4.735447000712156296e-03
4.748975858092308044e-03
4.778657574206590652e-03
4.726898856461048126e-03
4.644504282623529434e-03
4.702157340943813324e-03
4.696277435868978500e-03
4.768535494804382324e-03
4.785808734595775604e-03
4.773248918354511261e-03
4.861474968492984772e-03
4.679435864090919495e-03
4.762454424053430557e-03
5.025061313062906265e-03
4.787706304341554642e-03
4.796328488737344742e-03
4.891387652605772018e-03
4.810133948922157288e-03
4.709461703896522522e-03
4.675978794693946838e-03
4.640026018023490906e-03
4.762930795550346375e-03
4.939547739923000336e-03
4.655659198760986328e-03
4.780788440257310867e-03
4.688986111432313919e-03
4.877981729805469513e-03
4.673914983868598938e-03
4.671766422688961029e-03
4.776711110025644302e-03
4.751184023916721344e-03
4.697807598859071732e-03
4.694243427366018295e-03
4.854208324104547501e-03
4.755544941872358322e-03
4.726072773337364197e-03
4.945235792547464371e-03
4.744953941553831100e-03
4.725791979581117630e-03
4.809810314327478409e-03
4.985517822206020355e-03
4.693293478339910507e-03
4.923144821077585220e-03
4.987935535609722137e-03
4.916526377201080322e-03
4.738091025501489639e-03
4.734354559332132339e-03
4.695875570178031921e-03
4.649642854928970337e-03
4.974463023245334625e-03
4.755585920065641403e-03
4.810261540114879608e-03
4.657874815165996552e-03
4.697296768426895142e-03
4.800881724804639816e-03
4.660313017666339874e-03
4.647286143153905869e-03
4.807745572179555893e-03
4.960122983902692795e-03
4.806097596883773804e-03
4.856020212173461914e-03
4.757779650390148163e-03
4.797004163265228271e-03
4.628804046660661697e-03
4.876859486103057861e-03
5.013418849557638168e-03
4.769233986735343933e-03
4.771705251187086105e-03
4.901639185845851898e-03
4.730563610792160034e-03
4.879170563071966171e-03
4.787335172295570374e-03
4.759941250085830688e-03
4.801928065717220306e-03
4.795630462467670441e-03
4.943814128637313843e-03
4.712776746600866318e-03
4.716647788882255554e-03
4.660594742745161057e-03
4.675394389778375626e-03
4.666273482143878937e-03
5.018603056669235229e-03
4.911350551992654800e-03
4.720687400549650192e-03
4.648603033274412155e-03
4.673931282013654709e-03
4.843897651880979538e-03
4.887318704277276993e-03
4.695858806371688843e-03
4.729389213025569916e-03
4.780663177371025085e-03
4.793002735823392868e-03
4.791938699781894684e-03
4.700648132711648941e-03
4.775042645633220673e-03
4.647887311875820160e-03
4.724055528640747070e-03
4.744252655655145645e-03
4.758220631629228592e-03
4.673346411436796188e-03
4.841260146349668503e-03
4.948643036186695099e-03
4.756484646350145340e-03
4.789310973137617111e-03
4.736326169222593307e-03
4.784296732395887375e-03
4.707662854343652725e-03
4.626748617738485336e-03
4.717519972473382950e-03
4.883729852735996246e-03
4.776658024638891220e-03
4.671451169997453690e-03
4.767092876136302948e-03
4.725389182567596436e-03
4.704114980995655060e-03
4.690906498581171036e-03
4.899865482002496719e-03
4.679635167121887207e-03
4.720211029052734375e-03
4.748464096337556839e-03
4.659254103899002075e-03
4.794439300894737244e-03
4.794474691152572632e-03
5.050262436270713806e-03
4.772073123604059219e-03
4.649100359529256821e-03
4.683943465352058411e-03
4.678563214838504791e-03
4.767001606523990631e-03
4.802317358553409576e-03
4.766846075654029846e-03
4.688024055212736130e-03
5.084749776870012283e-03
4.905818961560726166e-03
4.668130073696374893e-03
4.667066037654876709e-03
4.830400925129652023e-03
4.827089607715606689e-03
4.753828514367341995e-03
4.729094449430704117e-03
5.062579177320003510e-03
4.791581071913242340e-03
4.756119102239608765e-03
4.799751099199056625e-03
4.663226660341024399e-03
4.668745677918195724e-03
4.720570053905248642e-03
4.819311201572418213e-03
5.126829724758863449e-03
4.863548558205366135e-03
4.733210429549217224e-03
4.823694936931133270e-03
4.689381923526525497e-03
4.838637076318264008e-03
4.771367646753787994e-03
4.675738979130983353e-03
4.649104084819555283e-03
4.812257364392280579e-03
4.711962305009365082e-03
4.985398147255182266e-03
4.848262760788202286e-03
4.672216717153787613e-03
4.794297274202108383e-03
4.675113596022129059e-03
4.699593875557184219e-03
4.697096534073352814e-03
4.850486759096384048e-03
4.784923978149890900e-03
4.691690206527709961e-03
4.730100277811288834e-03
4.845552612096071243e-03
4.869025666266679764e-03
4.654427990317344666e-03
4.648678936064243317e-03
4.685794003307819366e-03
4.794321954250335693e-03
4.733112640678882599e-03
4.719664342701435089e-03
4.679752513766288757e-03
4.663107451051473618e-03
4.884647205471992493e-03
4.781042691320180893e-03
4.859741311520338058e-03
4.807427525520324707e-03
4.724195692688226700e-03
5.080170929431915283e-03
4.690694157034158707e-03
4.692484624683856964e-03
4.870547447353601456e-03
4.718929529190063477e-03
4.687562584877014160e-03
4.806710407137870789e-03
4.710193257778882980e-03
4.887659102678298950e-03
4.834999796003103256e-03
4.713814705610275269e-03
4.668280947953462601e-03
4.820203408598899841e-03
4.923686850816011429e-03
4.827314056456089020e-03
4.660658538341522217e-03
4.636073019355535507e-03
4.729084670543670654e-03
4.774814005941152573e-03
4.702460952103137970e-03
4.888341296464204788e-03
4.649775102734565735e-03
4.785292781889438629e-03
4.668534733355045319e-03
4.730779677629470825e-03
4.639494232833385468e-03
4.655129741877317429e-03
4.732694476842880249e-03
4.806162789463996887e-03
4.850000608712434769e-03
4.839263856410980225e-03
4.720143508166074753e-03
4.692933522164821625e-03
4.814587999135255814e-03
4.948429297655820847e-03
4.759843926876783371e-03
4.734498448669910431e-03
4.694028757512569427e-03
4.828420467674732208e-03
4.716912750154733658e-03
4.772609099745750427e-03
4.657211713492870331e-03
4.741945303976535797e-03
4.818570800125598907e-03
4.770733416080474854e-03
4.707409068942070007e-03
4.912206437438726425e-03
4.724908620119094849e-03
4.701289348304271698e-03
4.718977492302656174e-03
4.718738608062267303e-03
4.747185390442609787e-03
4.688570741564035416e-03
4.785775672644376755e-03
4.805567674338817596e-03
4.788502119481563568e-03
4.821733571588993073e-03
4.830790683627128601e-03
4.743838682770729065e-03
4.628993570804595947e-03
4.689048510044813156e-03
4.725747741758823395e-03
4.719880409538745880e-03
4.792255349457263947e-03
4.720167256891727448e-03
4.697924014180898666e-03
4.738591611385345459e-03
4.644882399588823318e-03
4.710666835308074951e-03
4.864768125116825104e-03
4.690296947956085205e-03
4.674816504120826721e-03
4.735422786325216293e-03
4.949748516082763672e-03
4.739349707961082458e-03
4.694530740380287170e-03
4.685773979872465134e-03
4.908647388219833374e-03
4.681616090238094330e-03
4.861283116042613983e-03
4.800700116902589798e-03
4.862093832343816757e-03
4.784031305462121964e-03
4.853215534240007401e-03
4.648397676646709442e-03
4.706572275608778000e-03
4.715415183454751968e-03
4.693296737968921661e-03
4.722566343843936920e-03
4.764662124216556549e-03
4.707942716777324677e-03
4.687468055635690689e-03
4.691171459853649139e-03
4.734120331704616547e-03
4.766055382788181305e-03
4.716643597930669785e-03
4.895894322544336319e-03
4.817903973162174225e-03
4.653071984648704529e-03
4.673701710999011993e-03
4.830212332308292389e-03
4.662036430090665817e-03
4.741596523672342300e-03
4.706953186541795731e-03
4.772559739649295807e-03
4.971799440681934357e-03
4.675770178437232971e-03
4.782086238265037537e-03
4.747833125293254852e-03
4.702552221715450287e-03
4.799318499863147736e-03
4.724937025457620621e-03
4.735410679131746292e-03
4.748009145259857178e-03
4.715116228908300400e-03
4.810765385627746582e-03
4.786643199622631073e-03
4.899777937680482864e-03
4.745998885482549667e-03
4.795305430889129639e-03
4.745641257613897324e-03
4.738019313663244247e-03
4.764918703585863113e-03
4.743095487356185913e-03
4.712898284196853638e-03
4.818150307983160019e-03
4.762596916407346725e-03
4.700380843132734299e-03
4.647581372410058975e-03
4.793140105903148651e-03
4.814629908651113510e-03
4.821108654141426086e-03
4.655382130295038223e-03
4.746269434690475464e-03
4.956943914294242859e-03
4.680728539824485779e-03
4.843402653932571411e-03
4.652024712413549423e-03
4.722715821117162704e-03
4.775019362568855286e-03
4.699499346315860748e-03
4.846844822168350220e-03
4.663130734115839005e-03
4.660706035792827606e-03
4.736660979688167572e-03
4.776049870997667313e-03
4.738108254969120026e-03
4.775018896907567978e-03
4.908648785203695297e-03
4.703329876065254211e-03
4.728759638965129852e-03
4.817311652004718781e-03
4.747738130390644073e-03
4.865613300353288651e-03
4.671009257435798645e-03
4.952745512127876282e-03
4.814087413251399994e-03
4.780017305165529251e-03
4.707437939941883087e-03
4.700202029198408127e-03
4.854406695812940598e-03
4.743513185530900955e-03
4.804887808859348297e-03
4.832513630390167236e-03
4.760104697197675705e-03
4.698530305176973343e-03
4.700514022260904312e-03
5.006565246731042862e-03
4.836959298700094223e-03
4.696446005254983902e-03
4.695972893387079239e-03
4.734311718493700027e-03
4.711731337010860443e-03
4.678920377045869827e-03
4.762866068631410599e-03
4.778814967721700668e-03
4.680891055613756180e-03
4.696623887866735458e-03
4.729936365038156509e-03
4.890280310064554214e-03
4.943338222801685333e-03
4.926633555442094803e-03
4.727678373456001282e-03
4.777309019118547440e-03
4.808211233466863632e-03
4.710635170340538025e-03
4.684352315962314606e-03
4.673797171562910080e-03
4.655781667679548264e-03
4.619852639734745026e-03
4.858636297285556793e-03
4.762936849147081375e-03
4.740754142403602600e-03
4.818430636078119278e-03
4.802211653441190720e-03
4.665087442845106125e-03
4.686085972934961319e-03
4.706175066530704498e-03
4.857731983065605164e-03
4.710805136710405350e-03
4.668907728046178818e-03
4.950756672769784927e-03
4.673812538385391235e-03
4.636998753994703293e-03
4.733124747872352600e-03
4.714666400104761124e-03
4.867527168244123459e-03
4.944643937051296234e-03
4.818471614271402359e-03
4.727287217974662781e-03
4.733500536531209946e-03
4.634173586964607239e-03
4.733716137707233429e-03
4.646138288080692291e-03
4.910852760076522827e-03
4.922662861645221710e-03
4.899336956441402435e-03
4.891966469585895538e-03
4.833884071558713913e-03
5.030184518545866013e-03
4.702885635197162628e-03
4.645779263228178024e-03
4.774351138621568680e-03
4.667630419135093689e-03
4.721072036772966385e-03
4.715119022876024246e-03
4.812762141227722168e-03
4.784626420587301254e-03
4.668924957513809204e-03
4.954791627824306488e-03
4.896350670605897903e-03
4.793262574821710587e-03
4.948386922478675842e-03
4.664052277803421021e-03
4.677732009440660477e-03
4.651998635381460190e-03
4.726821091026067734e-03
5.089148413389921188e-03
4.718688782304525375e-03
4.773874767124652863e-03
4.709713160991668701e-03
4.665906541049480438e-03
4.737591370940208435e-03
4.666434135288000107e-03
4.809278063476085663e-03
4.756100941449403763e-03
4.646456800401210785e-03
4.769755993038415909e-03
4.741649143397808075e-03
4.682286176830530167e-03
4.873441997915506363e-03
4.802273120731115341e-03
4.684606101363897324e-03
4.732204135507345200e-03
4.681511782109737396e-03
4.809314850717782974e-03
4.737619776278734207e-03
5.097138695418834686e-03
4.823633469641208649e-03
4.675017669796943665e-03
4.707239102572202682e-03
4.794033709913492203e-03
4.840885289013385773e-03
4.718036856502294540e-03
4.713947419077157974e-03
4.730149172246456146e-03
4.666339606046676636e-03
4.942935425788164139e-03
4.708097316324710846e-03
4.666923545300960541e-03
4.694025032222270966e-03
4.638460930436849594e-03
4.992365837097167969e-03
4.744697827845811844e-03
4.720368422567844391e-03
4.683675710111856461e-03
5.134202539920806885e-03
4.623139277100563049e-03
4.616971127688884735e-03
4.704653751105070114e-03
4.811906255781650543e-03
4.718219861388206482e-03
4.632488824427127838e-03
4.659467376768589020e-03
5.021678283810615540e-03
4.819721449166536331e-03
4.688664339482784271e-03
4.976300522685050964e-03
4.902205895632505417e-03
4.699139855802059174e-03
4.623590502887964249e-03
4.632340744137763977e-03
4.736538510769605637e-03
4.882486537098884583e-03
4.968514200299978256e-03
4.823952913284301758e-03
4.753246903419494629e-03
4.845610819756984711e-03
4.637476522475481033e-03
4.680339712649583817e-03
4.661731421947479248e-03
4.721205215901136398e-03
4.643642343580722809e-03
4.665571730583906174e-03
4.666231106966733932e-03
4.805989563465118408e-03
4.716193303465843201e-03
4.805234726518392563e-03
4.682188387960195541e-03
4.660825710743665695e-03
4.628186114132404327e-03
4.677078220993280411e-03
4.702151753008365631e-03
4.682061262428760529e-03
4.912081174552440643e-03
4.665710497647523880e-03
4.748561885207891464e-03
4.714705981314182281e-03
4.837094806134700775e-03
4.845649935305118561e-03
4.726148210465908051e-03
4.861566703766584396e-03
4.992834292352199554e-03
4.690254107117652893e-03
4.749236162751913071e-03
4.658762831240892410e-03
4.628061316907405853e-03
4.744253121316432953e-03
4.704937804490327835e-03
4.747400991618633270e-03
4.752667620778083801e-03
4.752433393150568008e-03
4.738389048725366592e-03
4.800404421985149384e-03
4.714758135378360748e-03
4.722628742456436157e-03
4.787916783243417740e-03
4.747764207422733307e-03
4.899837542325258255e-03
4.863946698606014252e-03
4.851610865443944931e-03
4.668455105274915695e-03
4.694958683103322983e-03
4.698554053902626038e-03
4.939729347825050354e-03
4.708387888967990875e-03
4.727728664875030518e-03
4.784180317074060440e-03
4.886788781732320786e-03
4.636357072740793228e-03
4.672255832701921463e-03
4.728950094431638718e-03
4.690187983214855194e-03
4.839422181248664856e-03
4.961718805134296417e-03
4.662520717829465866e-03
4.670866765081882477e-03
4.834029823541641235e-03
4.884335212409496307e-03
4.792003892362117767e-03
4.684643354266881943e-03
4.875976126641035080e-03
4.727104213088750839e-03
4.740984179079532623e-03
4.781094379723072052e-03
4.710296168923377991e-03
4.931280855089426041e-03
4.644560627639293671e-03
4.762758035212755203e-03
4.709353204816579819e-03
4.737912677228450775e-03
4.714350681751966476e-03
4.879866726696491241e-03
4.623262211680412292e-03
4.668043460696935654e-03
4.960612859576940536e-03
4.640521947294473648e-03
4.733175504952669144e-03
4.830657038837671280e-03
5.083957221359014511e-03
4.841818474233150482e-03
4.819992464035749435e-03
4.815892782062292099e-03
4.707903601229190826e-03
4.749141633510589600e-03
4.729910288006067276e-03
4.748987499624490738e-03
4.668097011744976044e-03
4.718387033790349960e-03
4.690214060246944427e-03
4.704075865447521210e-03
4.807678516954183578e-03
4.916009027510881424e-03
4.902717657387256622e-03
4.665120504796504974e-03
4.764223936945199966e-03
4.776412621140480042e-03
4.987519234418869019e-03
4.758773371577262878e-03
4.681841935962438583e-03
4.726310260593891144e-03
4.643104504793882370e-03
4.677487537264823914e-03
4.873091820627450943e-03
4.644695203751325607e-03
4.717111121863126755e-03
4.804447293281555176e-03
4.736126400530338287e-03
4.728469997644424438e-03
4.751465748995542526e-03
4.708168096840381622e-03
4.679432138800621033e-03
4.679655656218528748e-03
4.726818762719631195e-03
4.720226395875215530e-03
4.958998877555131912e-03
4.666491877287626266e-03
4.700242076069116592e-03
4.678475204855203629e-03
4.642581101506948471e-03
4.675655160099267960e-03
4.731852561235427856e-03
4.669959191232919693e-03
4.702935926616191864e-03
4.734676796942949295e-03
4.907338880002498627e-03
4.678615834563970566e-03
4.821045789867639542e-03
4.791808780282735825e-03
4.708562511950731277e-03
4.666918423026800156e-03
4.777458030730485916e-03
4.847596399486064911e-03
4.670337308198213577e-03
4.730152431875467300e-03
4.648784641176462173e-03
4.852024372667074203e-03
4.758959170430898666e-03
4.921399988234043121e-03
4.738857038319110870e-03
4.684603773057460785e-03
4.722850862890481949e-03
4.987189546227455139e-03
4.636929370462894440e-03
4.673258867114782333e-03
4.831329919397830963e-03
4.693419672548770905e-03
4.937620367854833603e-03
4.740479867905378342e-03
5.020336713641881943e-03
4.696735646575689316e-03
4.769210703670978546e-03
4.732681438326835632e-03
4.780207294970750809e-03
4.834849387407302856e-03
4.706822335720062256e-03
4.752306733280420303e-03
4.893422592431306839e-03
4.643017426133155823e-03
4.777187947183847427e-03
4.879434593021869659e-03
4.626142792403697968e-03
4.663338884711265564e-03
4.683579318225383759e-03
4.749385640025138855e-03
4.660879727452993393e-03
4.808045923709869385e-03
4.731344059109687805e-03
4.671453498303890228e-03
4.602567758411169052e-03
4.705886822193861008e-03
4.679982550442218781e-03
4.721472971141338348e-03
4.818284418433904648e-03
4.704447928816080093e-03
4.693244118243455887e-03
4.754108842462301254e-03
4.781209863722324371e-03
4.784442018717527390e-03
4.802001174539327621e-03
4.826248157769441605e-03
4.766283556818962097e-03
4.601647146046161652e-03
4.691513720899820328e-03
4.619666375219821930e-03
4.774942062795162201e-03
4.835825879126787186e-03
4.755401983857154846e-03
4.688205663114786148e-03
4.787467420101165771e-03
4.714523442089557648e-03
4.677420016378164291e-03
4.702373873442411423e-03
4.861481487751007080e-03
4.751078318804502487e-03
4.745948128402233124e-03
4.751942120492458344e-03
4.745323676615953445e-03
4.744108766317367554e-03
4.742625169456005096e-03
4.767236765474081039e-03
4.784504882991313934e-03
4.659694619476795197e-03
4.764694720506668091e-03
4.629727452993392944e-03
4.706620704382658005e-03
4.889028146862983704e-03
4.787431564182043076e-03
4.887699149549007416e-03
4.753625020384788513e-03
4.680457990616559982e-03
4.722521640360355377e-03
4.724191967397928238e-03
4.694504663348197937e-03
4.788511432707309723e-03
4.762430209666490555e-03
4.918043967336416245e-03
4.720838274806737900e-03
4.662513732910156250e-03
4.767639562487602234e-03
4.879065789282321930e-03
4.653370473533868790e-03
4.672867245972156525e-03
4.716798663139343262e-03
4.839457105845212936e-03
4.742941819131374359e-03
4.912106785923242569e-03
4.691278561949729919e-03
4.666551947593688965e-03
4.801697097718715668e-03
4.751910921186208725e-03
4.692063666880130768e-03
4.902795888483524323e-03
4.754359833896160126e-03
4.747148137539625168e-03
4.700650461018085480e-03
4.743323195725679398e-03
4.719881340861320496e-03
4.705701023340225220e-03
4.719769116491079330e-03
5.019932985305786133e-03
4.854791332036256790e-03
4.678689409047365189e-03
4.893463104963302612e-03
4.717653617262840271e-03
4.719655960798263550e-03
4.844672512263059616e-03
4.788425751030445099e-03
4.687416367232799530e-03
4.662033170461654663e-03
4.774149972945451736e-03
4.620946012437343597e-03
4.654509946703910828e-03
4.648088011890649796e-03
4.686749074608087540e-03
4.864433780312538147e-03
4.781601019203662872e-03
4.793297965079545975e-03
4.793245345354080200e-03
4.837233107537031174e-03
4.672306124120950699e-03
4.678487312048673630e-03
4.681810270994901657e-03
4.873747937381267548e-03
4.703601356595754623e-03
4.711293149739503860e-03
4.728644154965877533e-03
4.677476361393928528e-03
4.876307211816310883e-03
4.690403118729591370e-03
4.657920449972152710e-03
4.743251018226146698e-03
4.673253744840621948e-03
4.705119878053665161e-03
4.657514393329620361e-03
4.706234671175479889e-03
4.701434634625911713e-03
4.700241610407829285e-03
4.698701668530702591e-03
4.667547065764665604e-03
4.730009008198976517e-03
4.661856219172477722e-03
4.684263840317726135e-03
4.663466010242700577e-03
4.748206585645675659e-03
4.648638889193534851e-03
4.722124896943569183e-03
4.801244009286165237e-03
4.782438278198242188e-03
4.919128958135843277e-03
4.743256140500307083e-03
4.907268565148115158e-03
4.685831721872091293e-03
4.685288760811090469e-03
4.909588955342769623e-03
4.640395287424325943e-03
4.743799101561307907e-03
4.758580587804317474e-03
4.710704553872346878e-03
4.823307506740093231e-03
4.848088137805461884e-03
4.841509740799665451e-03
4.723573103547096252e-03
4.777667112648487091e-03
4.830954130738973618e-03
4.686753731220960617e-03
4.770941101014614105e-03
4.764364566653966904e-03
4.691160283982753754e-03
4.658007062971591949e-03
4.964705090969800949e-03
4.723567515611648560e-03
4.637923091650009155e-03
4.653871990740299225e-03
4.908061120659112930e-03
4.676603246480226517e-03
4.703005310148000717e-03
4.807656165212392807e-03
4.726103972643613815e-03
4.736015107482671738e-03
4.729484207928180695e-03
4.673187620937824249e-03
4.775107838213443756e-03
4.719532094895839691e-03
4.633133765310049057e-03
4.757896531373262405e-03
4.658445715904235840e-03
4.661926534026861191e-03
4.624970722943544388e-03
4.779642913490533829e-03
5.029885563999414444e-03
4.640746861696243286e-03
4.754914902150630951e-03
4.825478419661521912e-03
5.024276673793792725e-03
4.707594402134418488e-03
4.665458109229803085e-03
4.660209175199270248e-03
4.887252580374479294e-03
4.690001718699932098e-03
4.795816261321306229e-03
4.681587684899568558e-03
4.695595707744359970e-03
4.763617645949125290e-03
4.826336167752742767e-03
4.648345988243818283e-03
4.646925721317529678e-03
4.843759350478649139e-03
4.714171867817640305e-03
4.883899353444576263e-03
4.791398532688617706e-03
4.639564547687768936e-03
4.739679396152496338e-03
4.784284625202417374e-03
4.713369533419609070e-03
4.724434576928615570e-03
4.646158777177333832e-03
4.634046461433172226e-03
4.663378000259399414e-03
4.999980796128511429e-03
4.615023266524076462e-03
5.089281126856803894e-03
4.902782849967479706e-03
4.913118667900562286e-03
5.063336342573165894e-03
4.714473616331815720e-03
4.709202796220779419e-03
4.673986695706844330e-03
4.744268488138914108e-03
5.032385233789682388e-03
4.694260191172361374e-03
4.709987901151180267e-03
4.937356803566217422e-03
4.793243017047643661e-03
4.737582523375749588e-03
4.684605635702610016e-03
4.787311889231204987e-03
4.709729924798011780e-03
4.938032012432813644e-03
4.691003821790218353e-03
4.714157897979021072e-03
4.776410292834043503e-03
4.670864436775445938e-03
4.721007309854030609e-03
4.760126583278179169e-03
4.806177690625190735e-03
4.802128765732049942e-03
4.640160128474235535e-03
4.662794526666402817e-03
4.647583700716495514e-03
4.706493578851222992e-03
4.765532445162534714e-03
4.983850754797458649e-03
4.878919105976819992e-03
4.682548809796571732e-03
4.816444590687751770e-03
4.647466819733381271e-03
4.673705436289310455e-03
4.673553630709648132e-03
4.620854277163743973e-03
4.628309980034828186e-03
4.680795595049858093e-03
4.730725660920143127e-03
4.650359041988849640e-03
4.672079347074031830e-03
4.724235739558935165e-03
4.715010058134794235e-03
4.674559924751520157e-03
4.777634050697088242e-03
4.790013656020164490e-03
4.886518698185682297e-03
4.758316557854413986e-03
4.651825409382581711e-03
4.630221985280513763e-03
4.701385274529457092e-03
4.704326856881380081e-03
4.680045414716005325e-03
4.775623790919780731e-03
4.699938464909791946e-03
4.786659497767686844e-03
4.701130557805299759e-03
4.978523124009370804e-03
4.655411001294851303e-03
4.699297249317169189e-03
4.986306186765432358e-03
4.705163184553384781e-03
4.808096680790185928e-03
4.823653493076562881e-03
4.753491375595331192e-03
4.644275642931461334e-03
4.767818842083215714e-03
4.667400382459163666e-03
4.654607735574245453e-03
4.886433947831392288e-03
4.777547437697649002e-03
4.748884588479995728e-03
4.691736306995153427e-03
4.900469910353422165e-03
4.704260267317295074e-03
5.008823238313198090e-03
4.757821559906005859e-03
4.770115017890930176e-03
4.772332496941089630e-03
4.682746715843677521e-03
4.876609425991773605e-03
4.692663904279470444e-03
4.766927566379308701e-03
4.679189994931221008e-03
4.798064008355140686e-03
4.922486841678619385e-03
4.643270280212163925e-03
4.681899677962064743e-03
4.958203993737697601e-03
4.654845222830772400e-03
4.637902136892080307e-03
4.759523086249828339e-03
4.685965832322835922e-03
4.869629628956317902e-03
4.876365885138511658e-03
4.779922310262918472e-03
5.192876793444156647e-03
4.800233058631420135e-03
4.711578134447336197e-03
4.678463097661733627e-03
4.827528260648250580e-03
4.638144746422767639e-03
4.886249545961618423e-03
4.684396553784608841e-03
4.900613799691200256e-03
4.657307639718055725e-03
4.696773365139961243e-03
4.703949205577373505e-03
4.874597769230604172e-03
4.671057686209678650e-03
4.645018838346004486e-03
4.761317744851112366e-03
4.788945894688367844e-03
4.705836996436119080e-03
4.635346122086048126e-03
4.671045113354921341e-03
4.682253580540418625e-03
4.793556872755289078e-03
4.678899887949228287e-03
4.803060088306665421e-03
4.675952717661857605e-03
4.778289701789617538e-03
4.702037665992975235e-03
4.660155158489942551e-03
4.657995887100696564e-03
4.870195873081684113e-03
4.764269106090068817e-03
4.689788911491632462e-03
4.702230449765920639e-03
4.626238252967596054e-03
4.735330585390329361e-03
4.749915096908807755e-03
4.742199089378118515e-03
4.785341676324605942e-03
4.711579531431198120e-03
4.659727215766906738e-03
4.765755962580442429e-03
4.824706818908452988e-03
4.752286244183778763e-03
4.906723741441965103e-03
4.683538340032100677e-03
4.822130315005779266e-03
4.651081748306751251e-03
4.784815944731235504e-03
4.705590195953845978e-03
4.763072356581687927e-03
4.679149482399225235e-03
4.891172051429748535e-03
4.702765494585037231e-03
4.713985603302717209e-03
4.688316490501165390e-03
4.722404759377241135e-03
4.656794946640729904e-03
4.796846304088830948e-03
4.880008753389120102e-03
4.705345258116722107e-03
4.654135089367628098e-03
4.652175121009349823e-03
4.653974436223506927e-03
4.775433801114559174e-03
4.761712625622749329e-03
4.690524656325578690e-03
4.725528415292501450e-03
4.972058814018964767e-03
4.915917757898569107e-03
4.738095682114362717e-03
4.789239726960659027e-03
4.842116497457027435e-03
4.619693383574485779e-03
4.697986878454685211e-03
4.714841954410076141e-03
4.772627260535955429e-03
4.789762198925018311e-03
4.796999040991067886e-03
4.631393123418092728e-03
4.676459357142448425e-03
4.801949951797723770e-03
4.885979462414979935e-03
4.707070998847484589e-03
4.730710759758949280e-03
4.623205401003360748e-03
4.701710306107997894e-03
4.662603605538606644e-03
4.706752486526966095e-03
4.801340401172637939e-03
4.980814643204212189e-03
4.696398507803678513e-03
4.785447847098112106e-03
4.653349518775939941e-03
4.767073784023523331e-03
4.791760351508855820e-03
4.683643113821744919e-03
4.636367782950401306e-03
4.627420566976070404e-03
4.647774621844291687e-03
4.681790247559547424e-03
4.696210846304893494e-03
4.712652415037155151e-03
4.813154228031635284e-03
4.650103859603404999e-03
4.828643053770065308e-03
4.695203620940446854e-03
4.734083078801631927e-03
4.809319972991943359e-03
4.731569904834032059e-03
4.905262030661106110e-03
4.741700831800699234e-03
4.621465224772691727e-03
4.685087595134973526e-03
4.689776338636875153e-03
4.769353661686182022e-03
4.682446829974651337e-03
4.712011665105819702e-03
4.891348537057638168e-03
4.811343736946582794e-03
4.683962557464838028e-03
4.647783003747463226e-03
4.815730266273021698e-03
4.790422040969133377e-03
4.760578740388154984e-03
4.791445098817348480e-03
4.847588483244180679e-03
4.642465617507696152e-03
4.624471068382263184e-03
4.629943519830703735e-03
4.751703236252069473e-03
4.642055369913578033e-03
4.771274980157613754e-03
4.753531888127326965e-03
4.811238031834363937e-03
4.714190959930419922e-03
4.669713322073221207e-03
4.776342771947383881e-03
4.680990241467952728e-03
4.681693390011787415e-03
4.620223771780729294e-03
4.619441926479339600e-03
4.644764121621847153e-03
4.755059257149696350e-03
4.822279792279005051e-03
4.677841905504465103e-03
4.700127989053726196e-03
4.654977470636367798e-03
4.635647870600223541e-03
4.610712174326181412e-03
4.716253373771905899e-03
4.649390000849962234e-03
4.771413747221231461e-03
4.687414970248937607e-03
4.634770099073648453e-03
4.880109336227178574e-03
4.858946893364191055e-03
4.949016496539115906e-03
4.722663667052984238e-03
4.766447003930807114e-03
4.661813378334045410e-03
4.724981263279914856e-03
4.743857774883508682e-03
5.032061599195003510e-03
4.732695408165454865e-03
4.656861070543527603e-03
4.650224000215530396e-03
4.673076793551445007e-03
4.916645586490631104e-03
4.930800292640924454e-03
4.684208892285823822e-03
4.655554890632629395e-03
4.711498972028493881e-03
4.966854583472013474e-03
4.631597548723220825e-03
4.732930101454257965e-03
4.800742026418447495e-03
4.729121923446655273e-03
4.808209836483001709e-03
4.680865909904241562e-03
4.645965062081813812e-03
4.866738338023424149e-03
4.801208153367042542e-03
4.655600525438785553e-03
4.748119506984949112e-03
4.762077238410711288e-03
4.724742844700813293e-03
4.787900485098361969e-03
4.732589703053236008e-03
4.691466689109802246e-03
4.757356829941272736e-03
4.653446841984987259e-03
4.654518794268369675e-03
4.861498717218637466e-03
4.880458116531372070e-03
4.706834442913532257e-03
4.668605513870716095e-03
4.719240125268697739e-03
4.691227339208126068e-03
4.699894227087497711e-03
4.732473287731409073e-03
4.712672438472509384e-03
4.683498293161392212e-03
4.714010283350944519e-03
4.662150982767343521e-03
4.754950758069753647e-03
5.268630106002092361e-03
4.793633706867694855e-03
4.725368693470954895e-03
4.764900077134370804e-03
5.089395213872194290e-03
4.829375073313713074e-03
4.848224576562643051e-03
4.733769688755273819e-03
4.684727638959884644e-03
4.673457704484462738e-03
4.649178124964237213e-03
4.697327967733144760e-03
4.615191835910081863e-03
4.738617688417434692e-03
4.682288970798254013e-03
4.690300673246383667e-03
4.848110955208539963e-03
4.879765212535858154e-03
4.716690629720687866e-03
4.687684588134288788e-03
4.739550873637199402e-03
4.674521740525960922e-03
4.772277548909187317e-03
4.687207750976085663e-03
4.796141292899847031e-03
4.664224572479724884e-03
4.663167987018823624e-03
4.655904602259397507e-03
4.749056883156299591e-03
4.666326101869344711e-03
4.738800227642059326e-03
4.831852857023477554e-03
4.774139728397130966e-03
4.831006750464439392e-03
4.742304794490337372e-03
4.741520620882511139e-03
4.688501358032226562e-03
4.680708516389131546e-03
4.807883873581886292e-03
4.626305773854255676e-03
4.665390588343143463e-03
4.674415569752454758e-03
4.718753509223461151e-03
4.722986370325088501e-03
4.631624091416597366e-03
4.842059686779975891e-03
4.721246659755706787e-03
4.672610666602849960e-03
4.737848415970802307e-03
4.702213220298290253e-03
4.647647961974143982e-03
4.796197172254323959e-03
4.677535966038703918e-03
4.646258428692817688e-03
4.793460015207529068e-03
4.642835352569818497e-03
4.654352087527513504e-03
4.728761501610279083e-03
4.697725176811218262e-03
4.651590716093778610e-03
4.620192106813192368e-03
4.765231627970933914e-03
4.967687651515007019e-03
4.713262431323528290e-03
4.702691920101642609e-03
4.682492464780807495e-03
4.657732788473367691e-03
4.691421985626220703e-03
4.868338350206613541e-03
4.675212316215038300e-03
4.699134267866611481e-03
4.738418851047754288e-03
4.631953313946723938e-03
4.721698351204395294e-03
4.651831462979316711e-03
4.631924442946910858e-03
4.686789587140083313e-03
4.706450272351503372e-03
4.660242702811956406e-03
4.685939755290746689e-03
4.782870411872863770e-03
4.710360430181026459e-03
4.817816428840160370e-03
5.007812753319740295e-03
4.709346685558557510e-03
4.679829813539981842e-03
4.656374454498291016e-03
4.672936629503965378e-03
4.669813439249992371e-03
4.776122514158487320e-03
4.640019033104181290e-03
4.724978934973478317e-03
4.737481474876403809e-03
4.668685141950845718e-03
4.801923874765634537e-03
4.698369186371564865e-03
4.721259698271751404e-03
4.774831235408782959e-03
4.810561891645193100e-03
4.948082379996776581e-03
4.649022128432989120e-03
4.827065858989953995e-03
4.606912843883037567e-03
4.704304039478302002e-03
5.029411055147647858e-03
4.764299374073743820e-03
4.650608636438846588e-03
4.793898202478885651e-03
4.829456564038991928e-03
4.651721566915512085e-03
4.736512433737516403e-03
4.768815822899341583e-03
4.674021620303392410e-03
4.700226709246635437e-03
4.775024950504302979e-03
4.652314819395542145e-03
4.628322552889585495e-03
4.807076416909694672e-03
4.732902161777019501e-03
4.751413594931364059e-03
4.808466881513595581e-03
4.691217560321092606e-03
4.713870119303464890e-03
4.817212000489234924e-03
4.742790944874286652e-03
4.680750425904989243e-03
4.651354160159826279e-03
4.640450701117515564e-03
4.639384336769580841e-03
4.671388305723667145e-03
4.641858860850334167e-03
4.787566140294075012e-03
4.713677801191806793e-03
4.825040232390165329e-03
4.644192755222320557e-03
4.755229689180850983e-03
4.783349111676216125e-03
4.754174500703811646e-03
4.703089129179716110e-03
4.743976052850484848e-03
4.711753688752651215e-03
4.780067596584558487e-03
4.681484773755073547e-03
4.753449466079473495e-03
4.832765553146600723e-03
4.863717127591371536e-03
4.712427500635385513e-03
4.631773568689823151e-03
4.701887257397174835e-03
4.736988805234432220e-03
4.757990129292011261e-03
4.759615287184715271e-03
4.652423784136772156e-03
4.752045031636953354e-03
4.792560823261737823e-03
4.931674804538488388e-03
4.724437836557626724e-03
4.708784166723489761e-03
4.810894839465618134e-03
4.660842474550008774e-03
4.722094163298606873e-03
4.730825312435626984e-03
4.783735610544681549e-03
4.634371027350425720e-03
4.777793306857347488e-03
4.684075247496366501e-03
4.692593589425086975e-03
4.679968580603599548e-03
4.823314491659402847e-03
4.642914049327373505e-03
4.884222056716680527e-03
4.783872980624437332e-03
4.854320082813501358e-03
4.796157125383615494e-03
4.642573650926351547e-03
4.621923435479402542e-03
4.644734319299459457e-03
4.770033527165651321e-03
4.674870520830154419e-03
4.788556601852178574e-03
4.678537603467702866e-03
4.672006238251924515e-03
4.643890075385570526e-03
4.716285038739442825e-03
4.850539378821849823e-03
4.863182548433542252e-03
4.643826279789209366e-03
4.628908354789018631e-03
4.778129048645496368e-03
4.757658578455448151e-03
4.660900216549634933e-03
4.684922285377979279e-03
4.819200839847326279e-03
4.723357036709785461e-03
4.762733820825815201e-03
4.654608201235532761e-03
4.778923932462930679e-03
4.877557978034019470e-03
4.691123962402343750e-03
4.645346663892269135e-03
4.651603288948535919e-03
4.894017707556486130e-03
4.809912759810686111e-03
4.618683829903602600e-03
4.810620099306106567e-03
4.691383335739374161e-03
4.735404625535011292e-03
4.665677435696125031e-03
4.659437108784914017e-03
4.635516554117202759e-03
4.655263386666774750e-03
4.679460544139146805e-03
4.742494318634271622e-03
4.678224213421344757e-03
4.714678041636943817e-03
4.701191093772649765e-03
4.653083160519599915e-03
4.675487522035837173e-03
4.752025939524173737e-03
4.756889771670103073e-03
4.709850531071424484e-03
4.778844304382801056e-03
4.703702870756387711e-03
4.702495411038398743e-03
4.766893107444047928e-03
4.777757916599512100e-03
4.679517820477485657e-03
4.650379531085491180e-03
4.671441856771707535e-03
4.729053471237421036e-03
4.761903081089258194e-03
4.989600740373134613e-03
4.681847523897886276e-03
4.729956388473510742e-03
4.778071306645870209e-03
4.659463651478290558e-03
4.867577925324440002e-03
4.678638651967048645e-03
4.784177523106336594e-03
4.735196940600872040e-03
4.735675174742937088e-03
4.678084515035152435e-03
4.722922574728727341e-03
4.752195440232753754e-03
5.194313824176788330e-03
4.909801296889781952e-03
4.642248619347810745e-03
4.638785030692815781e-03
4.637392237782478333e-03
4.673808813095092773e-03
4.832681268453598022e-03
4.657079465687274933e-03
4.625903908163309097e-03
4.695760086178779602e-03
4.754750523716211319e-03
4.834393505007028580e-03
4.712517838925123215e-03
4.784221760928630829e-03
4.942182917147874832e-03
4.716045223176479340e-03
4.725574050098657608e-03
4.787676502019166946e-03
4.676982294768095016e-03
4.886396229267120361e-03
4.736417438834905624e-03
4.813781008124351501e-03
4.747928120195865631e-03
4.740387666970491409e-03
4.686184227466583252e-03
4.789791535586118698e-03
4.762067459523677826e-03
4.610863514244556427e-03
4.649988841265439987e-03
4.703205078840255737e-03
4.859986249357461929e-03
4.921286366879940033e-03
4.640146158635616302e-03
4.665267653763294220e-03
4.700276069343090057e-03
4.671270959079265594e-03
4.648206289857625961e-03
4.835152998566627502e-03
4.679414443671703339e-03
4.717663396149873734e-03
4.810405429452657700e-03
4.741290118545293808e-03
4.753073677420616150e-03
4.632889758795499802e-03
4.633480682969093323e-03
4.738282412290573120e-03
4.663262516260147095e-03
4.736944101750850677e-03
4.841094370931386948e-03
4.710120614618062973e-03
4.707793705165386200e-03
4.664941225200891495e-03
4.648047499358654022e-03
4.679114092141389847e-03
4.646483808755874634e-03
4.624140914529561996e-03
4.745458718389272690e-03
4.798018373548984528e-03
4.778602160513401031e-03
4.762998782098293304e-03
4.898208659142255783e-03
4.800963681191205978e-03
4.806175827980041504e-03
4.621415864676237106e-03
4.678564611822366714e-03
4.969210363924503326e-03
4.731650929898023605e-03
4.718083422631025314e-03
4.639840684831142426e-03
4.694088362157344818e-03
4.691584035754203796e-03
4.752959124743938446e-03
4.638412501662969589e-03
4.632147494703531265e-03
4.691859707236289978e-03
4.746816586703062057e-03
4.776204936206340790e-03
4.676195792853832245e-03
4.716056399047374725e-03
4.718594253063201904e-03
4.785536788403987885e-03
4.661482293158769608e-03
4.661219194531440735e-03
4.721156787127256393e-03
4.955546464771032333e-03
4.995421972125768661e-03
4.648914095014333725e-03
4.821557551622390747e-03
4.819907713681459427e-03
4.655605647712945938e-03
4.774295724928379059e-03
4.790854174643754959e-03
4.767562262713909149e-03
4.700215999037027359e-03
4.672907758504152298e-03
5.011504050344228745e-03
4.704781807959079742e-03
4.775821231305599213e-03
4.690192639827728271e-03
4.644652828574180603e-03
5.039690528064966202e-03
4.891938995569944382e-03
4.804991651326417923e-03
4.751838278025388718e-03
4.744328558444976807e-03
4.636740311980247498e-03
4.670748952776193619e-03
5.006000399589538574e-03
4.991781897842884064e-03
4.769203718751668930e-03
4.642156884074211121e-03
4.683451727032661438e-03
4.920913837850093842e-03
4.823051858693361282e-03
4.696670453995466232e-03
4.689701367169618607e-03
4.810971673578023911e-03
4.642132204025983810e-03
4.676528740674257278e-03
4.806349985301494598e-03
4.660240840166807175e-03
4.831985104829072952e-03
4.691401962190866470e-03
4.764935933053493500e-03
4.689663648605346680e-03
4.882629495114088058e-03
4.688050597906112671e-03
4.684209357947111130e-03
4.707409068942070007e-03
4.797648638486862183e-03
4.767579957842826843e-03
4.626885987818241119e-03
4.681193269789218903e-03
4.718475043773651123e-03
4.775422625243663788e-03
4.656980745494365692e-03
4.845754709094762802e-03
4.723250400274991989e-03
4.809412173926830292e-03
4.650987219065427780e-03
4.798170644789934158e-03
4.674836061894893646e-03
4.627481102943420410e-03
4.753060638904571533e-03
4.718639887869358063e-03
4.690045490860939026e-03
4.836441017687320709e-03
4.752744920551776886e-03
4.801266361027956009e-03
4.679589066654443741e-03
4.673807881772518158e-03
4.639441613107919693e-03
4.789054393768310547e-03
4.698840435594320297e-03
4.674208350479602814e-03
4.716744646430015564e-03
4.675695672631263733e-03
4.909515380859375000e-03
4.760077688843011856e-03
4.701244179159402847e-03
4.827710799872875214e-03
4.775061737746000290e-03
4.883113782852888107e-03
4.801902454346418381e-03
4.679182078689336777e-03
4.618434235453605652e-03
4.746479913592338562e-03
4.624199122190475464e-03
4.735834896564483643e-03
4.739021882414817810e-03
4.818575456738471985e-03
4.769706632941961288e-03
4.724763333797454834e-03
4.749678540974855423e-03
4.688755143433809280e-03
4.634398967027664185e-03
4.836099222302436829e-03
4.641205538064241409e-03
4.683976061642169952e-03
4.781985189765691757e-03
4.699557553976774216e-03
4.772910848259925842e-03
4.720675293356180191e-03
4.713225644081830978e-03
4.790646955370903015e-03
4.613287746906280518e-03
4.659971222281455994e-03
4.761869087815284729e-03
4.640193656086921692e-03
4.648395814001560211e-03
4.786811769008636475e-03
4.695670213550329208e-03
4.845432471483945847e-03
4.773125983774662018e-03
4.693542141467332840e-03
4.670336376875638962e-03
4.641632083803415298e-03
4.704902414232492447e-03
5.012702196836471558e-03
4.723226651549339294e-03
4.797243047505617142e-03
4.740852862596511841e-03
4.696359392255544662e-03
4.768003243952989578e-03
4.702436737716197968e-03
4.803175572305917740e-03
4.737434443086385727e-03
4.771321546286344528e-03
4.659872036427259445e-03
4.822628106921911240e-03
4.732918459922075272e-03
4.820061381906270981e-03
4.793500062078237534e-03
4.658505320549011230e-03
4.625868517905473709e-03
4.628933500498533249e-03
4.654309246689081192e-03
4.655214957892894745e-03
4.618378356099128723e-03
4.754973575472831726e-03
4.673019982874393463e-03
4.693946335464715958e-03
4.800266120582818985e-03
4.893270321190357208e-03
4.874248988926410675e-03
4.905380774289369583e-03
4.694993607699871063e-03
4.938285332173109055e-03
4.678587894886732101e-03
4.865523427724838257e-03
4.657490644603967667e-03
4.679331555962562561e-03
4.713285714387893677e-03
4.676778335124254227e-03
4.945321474224328995e-03
4.689412191510200500e-03
4.708433989435434341e-03
4.806954879313707352e-03
4.684278741478919983e-03
4.753865301609039307e-03
4.774074535816907883e-03
4.774887114763259888e-03
4.684263374656438828e-03
4.670290276408195496e-03
4.757808987051248550e-03
4.780624061822891235e-03
4.811828956007957458e-03
4.838946741074323654e-03
4.754676483571529388e-03
4.778992850333452225e-03
4.698061384260654449e-03
4.735250025987625122e-03
4.680034238845109940e-03
4.728294443339109421e-03
4.969118162989616394e-03
4.670856054872274399e-03
4.732938017696142197e-03
4.764882382005453110e-03
4.673506598919630051e-03
4.628840833902359009e-03
4.757909104228019714e-03
4.800673574209213257e-03
4.670806694775819778e-03
4.721670877188444138e-03
4.957027267664670944e-03
4.728750791400671005e-03
4.711450077593326569e-03
4.730229731649160385e-03
4.700114484876394272e-03
4.982692189514636993e-03
4.839976783841848373e-03
4.756207112222909927e-03
4.702999722212553024e-03
4.703988321125507355e-03
4.671529401093721390e-03
4.731945227831602097e-03
4.603156819939613342e-03
4.771779291331768036e-03
4.622896667569875717e-03
4.653284326195716858e-03
4.702149424701929092e-03
4.710416309535503387e-03
4.718842916190624237e-03
4.806827753782272339e-03
4.860350396484136581e-03
4.785627126693725586e-03
4.613268654793500900e-03
4.668589215725660324e-03
4.723971243947744370e-03
4.774658009409904480e-03
4.657637327909469604e-03
4.699684679508209229e-03
4.687509965151548386e-03
4.641528706997632980e-03
4.768821410834789276e-03
5.019222851842641830e-03
4.736911039799451828e-03
4.678891506046056747e-03
4.744273144751787186e-03
4.890879616141319275e-03
4.671934992074966431e-03
4.705960862338542938e-03
4.829339217394590378e-03
4.647452384233474731e-03
4.637021105736494064e-03
4.697315860539674759e-03
4.607494454830884933e-03
4.852028097957372665e-03
4.803937859833240509e-03
4.711722489446401596e-03
4.663213621824979782e-03
4.679722711443901062e-03
4.648303147405385971e-03
4.642303101718425751e-03
4.672366660088300705e-03
4.830366931855678558e-03
4.821469541639089584e-03
4.796125460416078568e-03
4.865096416324377060e-03
4.629409406334161758e-03
4.696674644947052002e-03
4.656092263758182526e-03
4.600205924361944199e-03
4.803817253559827805e-03
4.748991224914789200e-03
4.967342596501111984e-03
4.684268496930599213e-03
4.775146953761577606e-03
4.751864820718765259e-03
4.649679176509380341e-03
4.762690514326095581e-03
4.807732068002223969e-03
4.760886076837778091e-03
4.786183591932058334e-03
4.657772835344076157e-03
4.771616775542497635e-03
4.771817475557327271e-03
4.887524992227554321e-03
4.709977656602859497e-03
4.687382373958826065e-03
4.752464592456817627e-03
4.683834034949541092e-03
4.719860851764678955e-03
5.023062229156494141e-03
4.981861449778079987e-03
5.081420764327049255e-03
4.653090611100196838e-03
4.643073771148920059e-03
4.742010962218046188e-03
4.746821243315935135e-03
4.668691661208868027e-03
4.705586936324834824e-03
4.735537339001893997e-03
4.667420405894517899e-03
4.623982124030590057e-03
4.781505092978477478e-03
4.780370742082595825e-03
4.656519275158643723e-03
4.857833497226238251e-03
4.671249538660049438e-03
4.816954955458641052e-03
4.618705715984106064e-03
4.715539515018463135e-03
4.844270180910825729e-03
4.690187051892280579e-03
4.828152712434530258e-03
4.862309433519840240e-03
4.640424158424139023e-03
4.860016051679849625e-03
4.742244258522987366e-03
4.688699729740619659e-03
4.756913520395755768e-03
4.719445016235113144e-03
4.613981116563081741e-03
4.634197801351547241e-03
4.742491524666547775e-03
4.754847381263971329e-03
4.675070755183696747e-03
4.741370677947998047e-03
4.706029314547777176e-03
4.924649372696876526e-03
4.752919077873229980e-03
4.636380355805158615e-03
4.892411641776561737e-03
4.666499327868223190e-03
4.633797332644462585e-03
4.853796679526567459e-03
4.811791237443685532e-03
4.763459786772727966e-03
4.878000821918249130e-03
4.870827309787273407e-03
4.647411406040191650e-03
4.742262419313192368e-03
4.822757560759782791e-03
4.909549839794635773e-03
4.710987210273742676e-03
4.767595790326595306e-03
4.719653632491827011e-03
4.666539840400218964e-03
4.637640900909900665e-03
4.652741830796003342e-03
4.719221498817205429e-03
4.782452248036861420e-03
4.652740433812141418e-03
4.610413685441017151e-03
4.661974497139453888e-03
4.817899782210588455e-03
5.131310317665338516e-03
4.647357389330863953e-03
4.633174277842044830e-03
4.799849819391965866e-03
4.679094534367322922e-03
4.699570126831531525e-03
4.661376588046550751e-03
4.917135462164878845e-03
4.811778198927640915e-03
4.642406478524208069e-03
4.621463362127542496e-03
4.676266573369503021e-03
4.943668842315673828e-03
4.677012097090482712e-03
4.687226843088865280e-03
4.691216163337230682e-03
4.791956394910812378e-03
4.707315471023321152e-03
4.772794898599386215e-03
4.681731574237346649e-03
4.808844998478889465e-03
4.672987852245569229e-03
4.753423854708671570e-03
4.699248820543289185e-03
4.766601603478193283e-03
4.704044200479984283e-03
4.762396682053804398e-03
4.620228428393602371e-03
4.694185219705104828e-03
4.729785956442356110e-03
4.692786373198032379e-03
4.664590116590261459e-03
4.840402863919734955e-03
4.795458167791366577e-03
4.727810621261596680e-03
4.674685187637805939e-03
4.651290830224752426e-03
4.770994186401367188e-03
4.662157967686653137e-03
4.613062832504510880e-03
4.757761489599943161e-03
4.713896196335554123e-03
4.857053514569997787e-03
4.749794024974107742e-03
4.707465879619121552e-03
4.597753286361694336e-03
4.713431466370820999e-03
4.739164374768733978e-03
4.751971922814846039e-03
4.754216875880956650e-03
4.647123161703348160e-03
4.639351740479469299e-03
4.694303497672080994e-03
4.676213953644037247e-03
4.689181223511695862e-03
4.633193369954824448e-03
4.678620956838130951e-03
4.639991559088230133e-03
4.803855437785387039e-03
4.784421529620885849e-03
4.723760299384593964e-03
4.734899848699569702e-03
4.657054319977760315e-03
4.700609482824802399e-03
4.705755505710840225e-03
4.740979988127946854e-03
4.781332798302173615e-03
4.791231825947761536e-03
4.619876388460397720e-03
4.630584735423326492e-03
4.754615016281604767e-03
4.747507162392139435e-03
4.724771715700626373e-03
4.696839023381471634e-03
4.959149286150932312e-03
4.679339006543159485e-03
4.676859825849533081e-03
4.727511201053857803e-03
4.758606199175119400e-03
4.923461936414241791e-03
4.765288438647985458e-03
4.904827103018760681e-03
4.745876416563987732e-03
4.693464841693639755e-03
4.836256615817546844e-03
4.818826448172330856e-03
4.687202163040637970e-03
4.633787088096141815e-03
4.702784121036529541e-03
4.787649493664503098e-03
4.875545389950275421e-03
4.823708441108465195e-03
4.931535571813583374e-03
4.624247085303068161e-03
4.697805736213922501e-03
4.706588573753833771e-03
4.678108263760805130e-03
4.646225366741418839e-03
4.811733961105346680e-03
4.664025269448757172e-03
4.754246212542057037e-03
4.661145154386758804e-03
4.690183792263269424e-03
4.720688331872224808e-03
4.592944867908954620e-03
4.639246501028537750e-03
4.725880455225706100e-03
4.772134590893983841e-03
4.775037057697772980e-03
4.789336584508419037e-03
4.632737953215837479e-03
4.787519108504056931e-03
4.641460720449686050e-03
4.971520975232124329e-03
5.080081988126039505e-03
4.698509816080331802e-03
4.697276744991540909e-03
4.730889573693275452e-03
4.695743322372436523e-03
4.763224162161350250e-03
4.691834095865488052e-03
4.775446373969316483e-03
4.657555371522903442e-03
4.764539189636707306e-03
4.694308154284954071e-03
4.640775732696056366e-03
4.707639571279287338e-03
4.739133175462484360e-03
4.673026502132415771e-03
4.713733214884996414e-03
4.716636147350072861e-03
4.745372571051120758e-03
4.974602255970239639e-03
4.648600239306688309e-03
5.063144955784082413e-03
4.836286883801221848e-03
4.732168745249509811e-03
4.747630562633275986e-03
4.682329483330249786e-03
4.705767147243022919e-03
4.758638329803943634e-03
5.097565241158008575e-03
4.658478312194347382e-03
4.703356884419918060e-03
4.792457912117242813e-03
4.702698905020952225e-03
4.635040182620286942e-03
4.651775117963552475e-03
4.714853595942258835e-03
4.633078817278146744e-03
4.650332964956760406e-03
4.658828955143690109e-03
4.769560415297746658e-03
4.866857547312974930e-03
4.800364375114440918e-03
4.607145674526691437e-03
4.880806431174278259e-03
4.651600029319524765e-03
4.749542102217674255e-03
4.728348925709724426e-03
4.722598008811473846e-03
4.784930031746625900e-03
4.776726476848125458e-03
4.597753286361694336e-03
4.670957103371620178e-03
4.685209132730960846e-03
4.633852280676364899e-03
4.739534575492143631e-03
4.676102660596370697e-03
4.812536761164665222e-03
4.647674970328807831e-03
4.657568875700235367e-03
4.701249767094850540e-03
4.661893472075462341e-03
4.852508660405874252e-03
4.755104891955852509e-03
4.809877835214138031e-03
4.743373487144708633e-03
4.600506275892257690e-03
4.613608121871948242e-03
4.724937491118907928e-03
4.783244337886571884e-03
4.693749360740184784e-03
4.618041682988405228e-03
4.706225357949733734e-03
4.810797516256570816e-03
4.688732791692018509e-03
4.671045113354921341e-03
4.637546371668577194e-03
4.735214170068502426e-03
4.659359809011220932e-03
4.680728074163198471e-03
4.735341295599937439e-03
4.751520231366157532e-03
4.763006698340177536e-03
4.704739898443222046e-03
4.764316137880086899e-03
4.753747023642063141e-03
4.779000300914049149e-03
4.644427448511123657e-03
4.816292785108089447e-03
4.747819621115922928e-03
4.702614620327949524e-03
4.649988375604152679e-03
4.723191261291503906e-03
4.646092653274536133e-03
4.677768331021070480e-03
4.697811789810657501e-03
5.117210559546947479e-03
4.825814627110958099e-03
4.697948694229125977e-03
4.648537375032901764e-03
4.648528061807155609e-03
4.641896579414606094e-03
4.639325197786092758e-03
4.690724425017833710e-03
4.710651934146881104e-03
4.812130704522132874e-03
4.834268707782030106e-03
4.681033082306385040e-03
4.604670219123363495e-03
4.719845950603485107e-03
4.697962198406457901e-03
4.641366656869649887e-03
4.626782145351171494e-03
4.813742823898792267e-03
4.630402661859989166e-03
4.889464937150478363e-03
4.705975763499736786e-03
5.130259320139884949e-03
4.636698402464389801e-03
4.757322371006011963e-03
4.760224372148513794e-03
4.630525596439838409e-03
4.697024356573820114e-03
4.697716794908046722e-03
4.711725749075412750e-03
4.786911420524120331e-03
4.612792748957872391e-03
4.736093338578939438e-03
4.659342579543590546e-03
4.638986196368932724e-03
4.813896492123603821e-03
4.731463268399238586e-03
4.701178055256605148e-03
4.791198763996362686e-03
4.743720870465040207e-03
4.638629499822854996e-03
4.761956166476011276e-03
4.627850838005542755e-03
4.869461525231599808e-03
4.695136565715074539e-03
4.649540875107049942e-03
4.983805119991302490e-03
4.640201106667518616e-03
4.860283341258764267e-03
4.705043043941259384e-03
4.618076141923666000e-03
4.667524248361587524e-03
4.796363413333892822e-03
4.691625945270061493e-03
4.678973462432622910e-03
4.836701322346925735e-03
4.694819450378417969e-03
4.675437696278095245e-03
4.753042012453079224e-03
4.654555581510066986e-03
4.762356169521808624e-03
4.816532600671052933e-03
4.806032404303550720e-03
4.655483178794384003e-03
4.673184826970100403e-03
4.771410021930932999e-03
4.696838557720184326e-03
4.588707815855741501e-03
4.713085945695638657e-03
4.598804283887147903e-03
4.619364626705646515e-03
4.655685741454362869e-03
4.669722635298967361e-03
4.719166085124015808e-03
4.724232945591211319e-03
4.644681699573993683e-03
4.745049867779016495e-03
4.756377078592777252e-03
4.674329422414302826e-03
4.623538348823785782e-03
4.766179714351892471e-03
4.638372454792261124e-03
4.997093696147203445e-03
4.871184006333351135e-03
4.815199412405490875e-03
5.294060800224542618e-03
4.759454634040594101e-03
4.707131534814834595e-03
4.806210752576589584e-03
4.752930253744125366e-03
4.707427695393562317e-03
4.792917054146528244e-03
4.667907021939754486e-03
4.767258185893297195e-03
4.675007425248622894e-03
4.784027114510536194e-03
4.733973648399114609e-03
4.805869422852993011e-03
4.793146625161170959e-03
4.584936425089836121e-03
4.735602997243404388e-03
4.630011972039937973e-03
4.631547257304191589e-03
4.640454892069101334e-03
4.753865301609039307e-03
4.734708461910486221e-03
4.629363305866718292e-03
4.670668859034776688e-03
4.655666649341583252e-03
4.758378025144338608e-03
4.749274346977472305e-03
4.766360390931367874e-03
4.675151314586400986e-03
4.631019197404384613e-03
4.776291549205780029e-03
4.805178381502628326e-03
4.822019953280687332e-03
4.739135503768920898e-03
4.611787851899862289e-03
4.678175784647464752e-03
4.621161147952079773e-03
4.795812536031007767e-03
4.749775398522615433e-03
4.683945793658494949e-03
4.652362782508134842e-03
4.706644918769598007e-03
4.775765351951122284e-03
4.852775018662214279e-03
4.675309173762798309e-03
4.680180456489324570e-03
4.811429884284734726e-03
4.610104020684957504e-03
4.777236375957727432e-03
4.688538610935211182e-03
4.622862674295902252e-03
4.850673023611307144e-03
4.724918864667415619e-03
4.747851286083459854e-03
4.619059152901172638e-03
4.629882983863353729e-03
4.663311410695314407e-03
4.684063140302896500e-03
4.742270335555076599e-03
4.840399138629436493e-03
4.654973745346069336e-03
4.809640347957611084e-03
4.814307205379009247e-03
4.620924592018127441e-03
4.725812934339046478e-03
4.730348009616136551e-03
4.819062072783708572e-03
4.729687236249446869e-03
4.744413308799266815e-03
4.741417709738016129e-03
4.654978867620229721e-03
4.652228206396102905e-03
4.641863051801919937e-03
4.777658265084028244e-03
4.631929565221071243e-03
4.606497474014759064e-03
4.774820525199174881e-03
4.768334794789552689e-03
4.722840152680873871e-03
4.685013089329004288e-03
4.649673588573932648e-03
4.873481579124927521e-03
4.729957319796085358e-03
4.729633219540119171e-03
4.814978223294019699e-03
4.824945703148841858e-03
4.717271775007247925e-03
4.667082801461219788e-03
4.677731543779373169e-03
4.601466469466686249e-03
4.824881907552480698e-03
4.697476979345083237e-03
4.763595759868621826e-03
4.626041278243064880e-03
4.668812267482280731e-03
4.717975389212369919e-03
4.619300365447998047e-03
4.915048368275165558e-03
4.869265016168355942e-03
4.777656868100166321e-03
4.634895361959934235e-03
4.700847435742616653e-03
4.821903537958860397e-03
4.727693740278482437e-03
4.743620753288269043e-03
4.756195936352014542e-03
4.612818825989961624e-03
4.630067851394414902e-03
4.614464472979307175e-03
4.695132840424776077e-03
4.696073941886425018e-03
4.601285327225923538e-03
4.670385271310806274e-03
4.737395793199539185e-03
4.786417819559574127e-03
4.632569383829832077e-03
4.690888337790966034e-03
4.614721983671188354e-03
4.706340841948986053e-03
4.631567746400833130e-03
4.855970386415719986e-03
4.629323258996009827e-03
4.911917261779308319e-03
4.719351883977651596e-03
4.626463633030653000e-03
4.698254168033599854e-03
4.718082025647163391e-03
4.700087476521730423e-03
4.743370693176984787e-03
4.751394968479871750e-03
4.670996218919754028e-03
4.621152766048908234e-03
4.839454777538776398e-03
4.699644632637500763e-03
4.657434765249490738e-03
4.661009646952152252e-03
4.777889233082532883e-03
4.653739742934703827e-03
4.683977458626031876e-03
4.800395108759403229e-03
4.782036412507295609e-03
4.655350465327501297e-03
4.696900956332683563e-03
4.609177354723215103e-03
4.721892997622489929e-03
4.616475198417901993e-03
4.695647396147251129e-03
4.893222358077764511e-03
4.678943194448947906e-03
4.657842218875885010e-03
4.862137138843536377e-03
4.862676840275526047e-03
4.611687269061803818e-03
4.756145644932985306e-03
4.740487784147262573e-03
4.676840733736753464e-03
4.715066403150558472e-03
4.733418114483356476e-03
4.626501817256212234e-03
4.828711505979299545e-03
4.873258993029594421e-03
4.711411893367767334e-03
4.642270505428314209e-03
4.625650122761726379e-03
4.792247433215379715e-03
4.713615868240594864e-03
4.743404220789670944e-03
4.838289227336645126e-03
4.746285267174243927e-03
4.625366535037755966e-03
4.696771502494812012e-03
4.667314235121011734e-03
4.707100335508584976e-03
4.683142993599176407e-03
4.745594691485166550e-03
4.688685759902000427e-03
4.706338979303836823e-03
4.757582210004329681e-03
4.742887802422046661e-03
4.922211635857820511e-03
4.623244050890207291e-03
4.663762170821428299e-03
4.681214690208435059e-03
5.014629568904638290e-03
4.736121278256177902e-03
4.661151673644781113e-03
4.675854928791522980e-03
4.898040555417537689e-03
4.744048696011304855e-03
4.710175096988677979e-03
4.764851182699203491e-03
4.727497231215238571e-03
4.711902234703302383e-03
4.664342384785413742e-03
4.742065910249948502e-03
4.656689707189798355e-03
4.655220545828342438e-03
4.647512454539537430e-03
4.606095608323812485e-03
4.749570973217487335e-03
4.619671963155269623e-03
4.681966267526149750e-03
4.642280749976634979e-03
4.869794473052024841e-03
4.743907600641250610e-03
4.667260684072971344e-03
4.697460215538740158e-03
4.763352684676647186e-03
4.746196325868368149e-03
4.729328211396932602e-03
4.719834309071302414e-03
4.725736100226640701e-03
4.667581990361213684e-03
4.856745246797800064e-03
4.905097186565399170e-03
4.782208241522312164e-03
4.697566851973533630e-03
4.867671988904476166e-03
4.720678552985191345e-03
4.755311645567417145e-03
4.916994366794824600e-03
4.600735846906900406e-03
4.639664199203252792e-03
4.664601758122444153e-03
4.668636713176965714e-03
4.704572260379791260e-03
4.619372077286243439e-03
4.621745087206363678e-03
4.686088301241397858e-03
4.714233335107564926e-03
4.737188108265399933e-03
4.756952635943889618e-03
4.639455117285251617e-03
4.638987127691507339e-03
4.654219839721918106e-03
4.679096862673759460e-03
4.652815405279397964e-03
4.697264172136783600e-03
4.679564852267503738e-03
4.632017575204372406e-03
4.660226870328187943e-03
4.906566347926855087e-03
4.701622296124696732e-03
4.680467769503593445e-03
4.598993342369794846e-03
4.743517842143774033e-03
4.633318167179822922e-03
4.613732919096946716e-03
4.660997539758682251e-03
4.748025443404912949e-03
4.650796297937631607e-03
4.707378335297107697e-03
4.697853233665227890e-03
4.688278771936893463e-03
4.674459341913461685e-03
4.764752928167581558e-03
4.672109149396419525e-03
4.834307357668876648e-03
4.605708178132772446e-03
4.742393270134925842e-03
4.698934033513069153e-03
4.608621820807456970e-03
5.176634527742862701e-03
4.693388473242521286e-03
4.864513874053955078e-03
4.692890215665102005e-03
4.699517041444778442e-03
4.646820481866598129e-03
4.655536264181137085e-03
4.661976359784603119e-03
4.660842940211296082e-03
4.778075031936168671e-03
4.889438860118389130e-03
4.841535352170467377e-03
4.711725749075412750e-03
4.678803030401468277e-03
4.737455397844314575e-03
4.708398133516311646e-03
4.720610566437244415e-03
4.602844826877117157e-03
4.674953408539295197e-03
4.610631614923477173e-03
4.668953362852334976e-03
4.666443448513746262e-03
4.643901716917753220e-03
4.655277356505393982e-03
4.884582944214344025e-03
4.676818847656250000e-03
4.732667002826929092e-03
4.756449256092309952e-03
4.640317521989345551e-03
4.719374701380729675e-03
4.725280683487653732e-03
4.699182230979204178e-03
4.752787761390209198e-03
4.674923606216907501e-03
4.746792837977409363e-03
4.784407094120979309e-03
4.769857041537761688e-03
4.778270609676837921e-03
4.687432199716567993e-03
4.780894145369529724e-03
4.623015876859426498e-03
4.747778177261352539e-03
4.693331662565469742e-03
4.636635072529315948e-03
4.774643108248710632e-03
4.790632519870996475e-03
4.737100098282098770e-03
4.603530280292034149e-03
4.810684360563755035e-03
4.881299100816249847e-03
4.740698728710412979e-03
4.767357837408781052e-03
5.032630637288093567e-03
4.597823135554790497e-03
4.799761343747377396e-03
4.752618726342916489e-03
4.726103041321039200e-03
4.834059160202741623e-03
4.602720960974693298e-03
4.776007495820522308e-03
4.649958573281764984e-03
4.607935901731252670e-03
4.673583898693323135e-03
4.667392931878566742e-03
4.732975736260414124e-03
4.642915446311235428e-03
4.715878050774335861e-03
4.734267946332693100e-03
4.613989498466253281e-03
4.590339027345180511e-03
4.655737429857254028e-03
4.706528503447771072e-03
4.685014486312866211e-03
4.691493697464466095e-03
4.658670164644718170e-03
4.743201192468404770e-03
4.724270198494195938e-03
4.603367298841476440e-03
4.657033365219831467e-03
4.697473254054784775e-03
4.704285413026809692e-03
4.714245907962322235e-03
4.736240021884441376e-03
4.825288429856300354e-03
4.711949732154607773e-03
4.634920042008161545e-03
4.746711347252130508e-03
4.766079597175121307e-03
4.709599539637565613e-03
4.700767807662487030e-03
4.669705871492624283e-03
4.901246633380651474e-03
4.634654149413108826e-03
4.791318904608488083e-03
4.591184668242931366e-03
4.593094810843467712e-03
4.696627147495746613e-03
4.880374297499656677e-03
4.668112844228744507e-03
4.782899282872676849e-03
4.664744716137647629e-03
4.711002577096223831e-03
4.661368671804666519e-03
4.705041646957397461e-03
4.637394100427627563e-03
4.891958553344011307e-03
4.633695818483829498e-03
4.774926230311393738e-03
4.717655945569276810e-03
4.724144935607910156e-03
4.833827260881662369e-03
4.784321412444114685e-03
4.977232310920953751e-03
4.655219148844480515e-03
4.843104630708694458e-03
4.785215482115745544e-03
4.777325782924890518e-03
4.728558007627725601e-03
4.859029781073331833e-03
4.654888063669204712e-03
4.770304542034864426e-03
4.692478105425834656e-03
4.600808955729007721e-03
4.691613838076591492e-03
4.776867106556892395e-03
4.627710208296775818e-03
4.804697353392839432e-03
4.690719768404960632e-03
4.598304163664579391e-03
4.730517975986003876e-03
4.713121335953474045e-03
4.875971935689449310e-03
4.644914530217647552e-03
4.696577787399291992e-03
4.730902612209320068e-03
4.718616139143705368e-03
4.647097550332546234e-03
4.808599594980478287e-03
4.723642487078905106e-03
4.619964864104986191e-03
4.638645797967910767e-03
4.717829171568155289e-03
4.869940225034952164e-03
4.699166398495435715e-03
4.786806181073188782e-03
4.683101084083318710e-03
4.700914025306701660e-03
4.589063115417957306e-03
4.890744574368000031e-03
4.690879955887794495e-03
4.609758034348487854e-03
4.750028252601623535e-03
4.606815986335277557e-03
4.644007422029972076e-03
4.619969055056571960e-03
4.606045782566070557e-03
4.599011037498712540e-03
4.710796754807233810e-03
4.813757725059986115e-03
5.083438940346240997e-03
4.629826173186302185e-03
4.630215931683778763e-03
4.613117780536413193e-03
4.697955679148435593e-03
4.736012779176235199e-03
4.677645862102508545e-03
4.740427713841199875e-03
4.702251870185136795e-03
4.592774901539087296e-03
4.746276419609785080e-03
4.665324930101633072e-03
5.198606289923191071e-03
4.692377056926488876e-03
4.791728686541318893e-03
4.743103403598070145e-03
4.634518641978502274e-03
4.959760699421167374e-03
4.647084977477788925e-03
4.761501215398311615e-03
4.604365210980176926e-03
4.720946308225393295e-03
4.765421617776155472e-03
4.649904556572437286e-03
4.622155334800481796e-03
4.742764867842197418e-03
4.683210048824548721e-03
4.708940628916025162e-03
4.672795068472623825e-03
4.671442788094282150e-03
4.774377215653657913e-03
4.697504919022321701e-03
4.669124260544776917e-03
4.761585965752601624e-03
4.654132295399904251e-03
4.674668423831462860e-03
4.650148097425699234e-03
4.872163292020559311e-03
4.780099261552095413e-03
4.701145924627780914e-03
4.741594661027193069e-03
4.695692099630832672e-03
4.705461673438549042e-03
4.696489777415990829e-03
4.671866539865732193e-03
4.960181191563606262e-03
4.850955680012702942e-03
4.783959127962589264e-03
4.776250571012496948e-03
4.618608858436346054e-03
4.672081675380468369e-03
4.754677880555391312e-03
4.815601278096437454e-03
4.691978450864553452e-03
4.915297031402587891e-03
4.754873923957347870e-03
4.632995929569005966e-03
4.872966557741165161e-03
4.770367871969938278e-03
4.884706344455480576e-03
4.688394721597433090e-03
4.706772044301033020e-03
4.647621884942054749e-03
4.734077956527471542e-03
4.709164611995220184e-03
4.765007179230451584e-03
4.624591674655675888e-03
4.771014209836721420e-03
4.723554942756891251e-03
4.679601173847913742e-03
4.960549063980579376e-03
4.677962977439165115e-03
4.783757962286472321e-03
4.742302466183900833e-03
4.634375683963298798e-03
4.614525940269231796e-03
4.731591325253248215e-03
4.664781503379344940e-03
4.789135418832302094e-03
4.660359583795070648e-03
4.655311349779367447e-03
4.798014648258686066e-03
4.680635873228311539e-03
4.678062163293361664e-03
4.703347571194171906e-03
4.760849755257368088e-03
4.754585213959217072e-03
4.657571204006671906e-03
4.737223032861948013e-03
4.684014711529016495e-03
4.727056715637445450e-03
4.736215807497501373e-03
4.669601563364267349e-03
4.625946749001741409e-03
4.726695828139781952e-03
4.637781064957380295e-03
4.803100600838661194e-03
4.669475369155406952e-03
5.004495847970247269e-03
4.659595899283885956e-03
4.678705241531133652e-03
4.781771916896104813e-03
4.648478701710700989e-03
4.880298860371112823e-03
4.747410304844379425e-03
4.654656164348125458e-03
4.743485245853662491e-03
4.645233973860740662e-03
4.619089420884847641e-03
4.694412928074598312e-03
4.744810983538627625e-03
4.616621416062116623e-03
4.626299720257520676e-03
4.645001608878374100e-03
4.636618308722972870e-03
4.607897251844406128e-03
4.686199594289064407e-03
4.617095924913883209e-03
4.608234856277704239e-03
4.707288928329944611e-03
4.711856134235858917e-03
4.790178500115871429e-03
4.626782611012458801e-03
4.762077704071998596e-03
4.727111663669347763e-03
4.597713239490985870e-03
4.648356698453426361e-03
4.643721971660852432e-03
4.676441662013530731e-03
4.701675847172737122e-03
4.725723527371883392e-03
4.841769114136695862e-03
4.748512990772724152e-03
4.650874529033899307e-03
4.674580413848161697e-03
4.887366201728582382e-03
4.657477140426635742e-03
4.613454919308423996e-03
4.626385867595672607e-03
4.687224514782428741e-03
4.650729708373546600e-03
4.707204177975654602e-03
4.988919012248516083e-03
4.768688231706619263e-03
4.821774084120988846e-03
4.659120459109544754e-03
4.842450842261314392e-03
4.777464084327220917e-03
4.656811710447072983e-03
4.603763110935688019e-03
4.699284210801124573e-03
4.631330259144306183e-03
4.841736517846584320e-03
4.755932372063398361e-03
4.756811074912548065e-03
4.678770899772644043e-03
4.629531409591436386e-03
4.605262540280818939e-03
4.790716804563999176e-03
4.630352836102247238e-03
4.683662205934524536e-03
4.679615609347820282e-03
4.925798159092664719e-03
4.697017371654510498e-03
4.768794402480125427e-03
4.791047889739274979e-03
4.732829518616199493e-03
4.766984377056360245e-03
4.853034391999244690e-03
4.641089588403701782e-03
4.753668792545795441e-03
4.650696646422147751e-03
4.631159361451864243e-03
4.629943054169416428e-03
4.718661308288574219e-03
4.651407711207866669e-03
4.752187523990869522e-03
4.899867810308933258e-03
4.683095496147871017e-03
4.684400744736194611e-03
4.663751460611820221e-03
4.716576077044010162e-03
4.609279334545135498e-03
4.717703908681869507e-03
4.684248939156532288e-03
4.728345200419425964e-03
4.824327770620584488e-03
4.662905819714069366e-03
4.650566726922988892e-03
4.823370836675167084e-03
4.641176667064428329e-03
4.711536224931478500e-03
4.642596002668142319e-03
4.860868211835622787e-03
4.648196976631879807e-03
4.995852243155241013e-03
4.629930015653371811e-03
4.646359477192163467e-03
4.658012650907039642e-03
4.891239106655120850e-03
4.907467868179082870e-03
4.759743809700012207e-03
4.786512348800897598e-03
4.685589578002691269e-03
4.747300874441862106e-03
4.791532643139362335e-03
4.687111359089612961e-03
4.692342597991228104e-03
4.671636968851089478e-03
4.907384514808654785e-03
4.842100199311971664e-03
4.642960149794816971e-03
4.607111215591430664e-03
4.653230309486389160e-03
4.619155544787645340e-03
4.688392393290996552e-03
4.656214732676744461e-03
4.622366279363632202e-03
4.687748849391937256e-03
5.134503357112407684e-03
4.900931380689144135e-03
4.664252977818250656e-03
4.665818996727466583e-03
4.722375422716140747e-03
4.892898257821798325e-03
4.733216483145952225e-03
4.640466533601284027e-03
4.647422581911087036e-03
4.801026545464992523e-03
4.766657017171382904e-03
4.853007849305868149e-03
4.675365518778562546e-03
4.714001901447772980e-03
4.690236411988735199e-03
4.592531360685825348e-03
4.678144119679927826e-03
4.651940893381834030e-03
4.659746773540973663e-03
4.713350906968116760e-03
4.647796042263507843e-03
4.742085002362728119e-03
4.651551134884357452e-03
4.615116398781538010e-03
4.620828665792942047e-03
4.651603754609823227e-03
4.716375842690467834e-03
4.629844333976507187e-03
4.752486012876033783e-03
4.751652479171752930e-03
4.715855233371257782e-03
4.812553059309720993e-03
4.834339022636413574e-03
4.755748901516199112e-03
4.837354645133018494e-03
4.732058849185705185e-03
4.659817088395357132e-03
4.796346183866262436e-03
4.709057044237852097e-03
4.582175984978675842e-03
4.724309779703617096e-03
4.604987334460020065e-03
4.806828685104846954e-03
4.631876014173030853e-03
4.703575745224952698e-03
4.698313307017087936e-03
4.602767992764711380e-03
4.721902310848236084e-03
4.829540383070707321e-03
4.610626026988029480e-03
4.595625214278697968e-03
4.758355673402547836e-03
4.800294991582632065e-03
4.645559936761856079e-03
4.783363081514835358e-03
4.668562673032283783e-03
4.730500746518373489e-03
4.666893277317285538e-03
4.688813351094722748e-03
4.693994298577308655e-03
4.624119494110345840e-03
4.673866089433431625e-03
4.960068967193365097e-03
4.924857057631015778e-03
4.687893204391002655e-03
4.617444239556789398e-03
4.579838365316390991e-03
4.630948416888713837e-03
4.658177029341459274e-03
4.786970559507608414e-03
4.711618646979331970e-03
4.637173376977443695e-03
4.602889064699411392e-03
4.606919363141059875e-03
4.704650491476058960e-03
4.776682704687118530e-03
4.756220150738954544e-03
4.640843253582715988e-03
4.664488136768341064e-03
4.662094172090291977e-03
4.820446018129587173e-03
4.623095039278268814e-03
4.687229171395301819e-03
4.609263036400079727e-03
4.943076055496931076e-03
4.690467845648527145e-03
4.627922549843788147e-03
4.646244458854198456e-03
4.710603971034288406e-03
4.825443495064973831e-03
4.705592058598995209e-03
4.779887385666370392e-03
4.892924334853887558e-03
4.617330152541399002e-03
4.659498110413551331e-03
4.639444407075643539e-03
4.646403715014457703e-03
4.622967448085546494e-03
4.771978594362735748e-03
4.871053621172904968e-03
4.780965857207775116e-03
4.650252871215343475e-03
4.768535029143095016e-03
4.701813682913780212e-03
4.871440120041370392e-03
4.852761980146169662e-03
4.673611838370561600e-03
4.652506671845912933e-03
4.685656167566776276e-03
4.822368733584880829e-03
4.744215868413448334e-03
4.749333020299673080e-03
4.653376992791891098e-03
4.615891259163618088e-03
4.696380812674760818e-03
4.687128122895956039e-03
4.641184583306312561e-03
4.629039205610752106e-03
4.683728329837322235e-03
4.697968717664480209e-03
4.725555889308452606e-03
4.743428900837898254e-03
4.764794372022151947e-03
4.740435630083084106e-03
4.868474788963794708e-03
4.635935183614492416e-03
4.853336606174707413e-03
4.650814458727836609e-03
4.644867032766342163e-03
4.862336907535791397e-03
4.690920002758502960e-03
4.788514226675033569e-03
4.624695517122745514e-03
4.695014562457799911e-03
4.622549284249544144e-03
4.681935999542474747e-03
4.783924203366041183e-03
4.718576092272996902e-03
4.691809415817260742e-03
4.675243049860000610e-03
4.717114381492137909e-03
4.860829561948776245e-03
4.636162426322698593e-03
4.654705990105867386e-03
4.753251560032367706e-03
4.724836908280849457e-03
5.060332827270030975e-03
4.592063371092081070e-03
4.926426336169242859e-03
4.760334268212318420e-03
4.674849566072225571e-03
4.641769919544458389e-03
4.650919232517480850e-03
4.639961756765842438e-03
4.809120204299688339e-03
4.632491618394851685e-03
4.624928347766399384e-03
4.653990734368562698e-03
4.696669522672891617e-03
4.641477949917316437e-03
4.683376755565404892e-03
4.756728652864694595e-03
4.841300658881664276e-03
4.637183155864477158e-03
4.644679836928844452e-03
4.836396314203739166e-03
4.610309377312660217e-03
4.627566318958997726e-03
4.610101692378520966e-03
4.679624922573566437e-03
4.686074331402778625e-03
4.633996170014142990e-03
4.666758235543966293e-03
4.650719929486513138e-03
4.731139168143272400e-03
4.615876358002424240e-03
4.894510377198457718e-03
4.754360299557447433e-03
4.685758147388696671e-03
4.697206895798444748e-03
4.635116551071405411e-03
5.038722418248653412e-03
4.680567886680364609e-03
4.726154264062643051e-03
4.740947857499122620e-03
4.676072858273983002e-03
4.747262690216302872e-03
4.697174765169620514e-03
4.609429277479648590e-03
4.704553633928298950e-03
4.644833039492368698e-03
4.665249027311801910e-03
4.820605739951133728e-03
4.590882919728755951e-03
4.868615418672561646e-03
4.650309216231107712e-03
4.618597216904163361e-03
4.683542530983686447e-03
4.757741466164588928e-03
4.826731048524379730e-03
4.742812830954790115e-03
4.823319613933563232e-03
4.821542650461196899e-03
4.646531771868467331e-03
4.890482872724533081e-03
4.635583609342575073e-03
4.731181077659130096e-03
4.689158871769905090e-03
4.685354884713888168e-03
4.700916819274425507e-03
4.666712135076522827e-03
4.696174059063196182e-03
4.748238250613212585e-03
4.666373599320650101e-03
4.744648467749357224e-03
4.706445615738630295e-03
4.686919972300529480e-03
4.576104693114757538e-03
4.756482783704996109e-03
4.686687141656875610e-03
4.657097160816192627e-03
4.687291570007801056e-03
4.813697189092636108e-03
4.861233290284872055e-03
4.706372972577810287e-03
4.617332946509122849e-03
4.641832318156957626e-03
4.635400604456663132e-03
4.668130539357662201e-03
4.591736476868391037e-03
4.611777141690254211e-03
4.634586628526449203e-03
4.708967171609401703e-03
4.677835851907730103e-03
4.604952409863471985e-03
4.739287775009870529e-03
4.831106401979923248e-03
4.869781434535980225e-03
4.767157137393951416e-03
4.734173417091369629e-03
4.608458373695611954e-03
4.685477819293737411e-03
4.665026441216468811e-03
4.708861932158470154e-03
4.647589288651943207e-03
4.682830534875392914e-03
4.686139523983001709e-03
5.157817155122756958e-03
4.868696909397840500e-03
4.731908440589904785e-03
4.679314792156219482e-03
4.827754106372594833e-03
4.819421097636222839e-03
4.748533014208078384e-03
4.658604972064495087e-03
4.669751971960067749e-03
4.685363732278347015e-03
4.685631021857261658e-03
4.735247232019901276e-03
4.714431706815958023e-03
5.133317783474922180e-03
4.605199210345745087e-03
4.588637966662645340e-03
4.655275028198957443e-03
4.677933175116777420e-03
4.679830279201269150e-03
4.739964380860328674e-03
4.620289430022239685e-03
4.810669925063848495e-03
4.684544634073972702e-03
4.653401672840118408e-03
4.660601727664470673e-03
4.698054399341344833e-03
4.653629381209611893e-03
4.770821426063776016e-03
4.594569560140371323e-03
4.693459253758192062e-03
4.641828127205371857e-03
4.616473335772752762e-03
4.649601411074399948e-03
4.612516611814498901e-03
4.737462848424911499e-03
4.697801079601049423e-03
4.783673211932182312e-03
4.760469309985637665e-03
4.616602789610624313e-03
4.650880582630634308e-03
4.685594700276851654e-03
4.805952776223421097e-03
4.751673899590969086e-03
4.884507507085800171e-03
4.650879185646772385e-03
4.702700302004814148e-03
4.714332055300474167e-03
4.626235924661159515e-03
4.673556424677371979e-03
4.731489811092615128e-03
4.775966051965951920e-03
4.631852265447378159e-03
4.696177318692207336e-03
4.656712058931589127e-03
4.692543763667345047e-03
4.709566012024879456e-03
4.774363711476325989e-03
5.164782982319593430e-03
4.705581814050674438e-03
4.890795331448316574e-03
4.635286517441272736e-03
4.739951808005571365e-03
4.705297760665416718e-03
4.695301875472068787e-03
4.881329368799924850e-03
4.678882658481597900e-03
4.622768145054578781e-03
4.736128263175487518e-03
4.632935393601655960e-03
4.595415666699409485e-03
4.592639394104480743e-03
4.692765418440103531e-03
4.618019796907901764e-03
4.774556029587984085e-03
4.632747732102870941e-03
4.665955901145935059e-03
4.753037821501493454e-03
4.735643509775400162e-03
4.670967347919940948e-03
4.733457230031490326e-03
4.794377367943525314e-03
4.625413101166486740e-03
4.729276988655328751e-03
4.703989252448081970e-03
4.635943565517663956e-03
4.774257540702819824e-03
4.670523107051849365e-03
4.671254195272922516e-03
4.597078543156385422e-03
4.640472121536731720e-03
4.593121353536844254e-03
4.637168254703283310e-03
4.623378627002239227e-03
4.999664612114429474e-03
4.638777580112218857e-03
4.653002135455608368e-03
4.893550183624029160e-03
4.703560378402471542e-03
4.811353515833616257e-03
4.713659174740314484e-03
4.793767351657152176e-03
4.676627460867166519e-03
4.654932301491498947e-03
4.702702164649963379e-03
4.630423616617918015e-03
4.676144570112228394e-03
4.949753638356924057e-03
4.693042486906051636e-03
4.609655588865280151e-03
4.810425918549299240e-03
4.651520866900682449e-03
4.743908066302537918e-03
4.744095262140035629e-03
4.666651599109172821e-03
4.612473770976066589e-03
4.850293509662151337e-03
4.670657217502593994e-03
4.732020199298858643e-03
4.639148246496915817e-03
4.654941614717245102e-03
4.724949598312377930e-03
4.623932298272848129e-03
4.682912025600671768e-03
4.724196624010801315e-03
4.694326780736446381e-03
4.735443741083145142e-03
4.698543809354305267e-03
4.752524197101593018e-03
4.731856286525726318e-03
4.687502980232238770e-03
4.755368921905755997e-03
4.822623915970325470e-03
4.689009394496679306e-03
4.941814113408327103e-03
4.683453124016523361e-03
4.795367363840341568e-03
4.704944789409637451e-03
4.630592651665210724e-03
4.717150703072547913e-03
4.601906519383192062e-03
4.620161838829517365e-03
5.124001763761043549e-03
4.648405592888593674e-03
4.647804889827966690e-03
4.669460002332925797e-03
4.825240001082420349e-03
4.686466883867979050e-03
4.644495435059070587e-03
4.625861998647451401e-03
4.764823708683252335e-03
4.753435961902141571e-03
4.802491515874862671e-03
4.730808082967996597e-03
4.717049188911914825e-03
4.858473315834999084e-03
4.688010551035404205e-03
4.638212267309427261e-03
4.667875356972217560e-03
4.740081727504730225e-03
4.676167387515306473e-03
4.675256088376045227e-03
4.709409549832344055e-03
4.709424450993537903e-03
4.712270572781562805e-03
4.708821885287761688e-03
4.707356914877891541e-03
4.754230380058288574e-03
4.675977863371372223e-03
4.844507202506065369e-03
4.996447358280420303e-03
4.612837452441453934e-03
4.983277991414070129e-03
4.706347361207008362e-03
4.735549446195363998e-03
4.921996966004371643e-03
4.659290425479412079e-03
4.795809742063283920e-03
4.672272596508264542e-03
4.605502821505069733e-03
4.615371581166982651e-03
4.632788710296154022e-03
4.782612901180982590e-03
4.692242946475744247e-03
4.692060872912406921e-03
4.688385408371686935e-03
4.642155021429061890e-03
4.616057500243186951e-03
4.752502776682376862e-03
4.587184172123670578e-03
4.701433237642049789e-03
4.598591476678848267e-03
4.781842231750488281e-03
4.718571435660123825e-03
4.724710714071989059e-03
4.642231855541467667e-03
4.605066031217575073e-03
4.744505044072866440e-03
4.667215514928102493e-03
4.681257065385580063e-03
4.841773770749568939e-03
4.894994199275970459e-03
4.587461240589618683e-03
4.719702061265707016e-03
4.729803651571273804e-03
4.696500487625598907e-03
4.798113368451595306e-03
4.659466445446014404e-03
4.779190290719270706e-03
4.737438168376684189e-03
4.863634705543518066e-03
4.841205198317766190e-03
4.801956005394458771e-03
4.750803112983703613e-03
4.825793672353029251e-03
4.697836935520172119e-03
4.661848768591880798e-03
4.781948868185281754e-03
4.673875402659177780e-03
4.601667635142803192e-03
4.701328463852405548e-03
4.723578691482543945e-03
4.624110180884599686e-03
4.640853032469749451e-03
4.844880662858486176e-03
4.668589681386947632e-03
4.733064677566289902e-03
4.651038907468318939e-03
4.721877165138721466e-03
4.665581975132226944e-03
4.659248981624841690e-03
4.830183461308479309e-03
4.595625214278697968e-03
4.778812639415264130e-03
4.642218351364135742e-03
4.687887150794267654e-03
4.772830754518508911e-03
4.704431630671024323e-03
4.806377459317445755e-03
4.665862768888473511e-03
4.762855358421802521e-03
4.736033268272876740e-03
4.667968489229679108e-03
4.816236440092325211e-03
4.590911325067281723e-03
4.654334392398595810e-03
4.662692081183195114e-03
4.654884338378906250e-03
4.662498831748962402e-03
4.682674072682857513e-03
4.664551466703414917e-03
4.643322434276342392e-03
4.778686445206403732e-03
4.695454612374305725e-03
4.764461889863014221e-03
4.753737710416316986e-03
4.882445558905601501e-03
4.639986902475357056e-03
4.821824375540018082e-03
4.592830780893564224e-03
4.679535981267690659e-03
4.614915233105421066e-03
4.752445500344038010e-03
4.721339792013168335e-03
4.803085234016180038e-03
4.719544202089309692e-03
4.610799718648195267e-03
4.662949126213788986e-03
4.784605000168085098e-03
4.903882741928100586e-03
4.733746405690908432e-03
4.739540629088878632e-03
4.638032522052526474e-03
4.625434987246990204e-03
4.702027421444654465e-03
4.689701367169618607e-03
4.865049384534358978e-03
4.864398855715990067e-03
4.834419582039117813e-03
4.782529082149267197e-03
4.787325859069824219e-03
4.680252633988857269e-03
4.604660905897617340e-03
4.716364666819572449e-03
4.628276452422142029e-03
4.681585356593132019e-03
4.630448762327432632e-03
4.685255698859691620e-03
4.693185910582542419e-03
4.917649552226066589e-03
4.772495012730360031e-03
4.620312713086605072e-03
4.667035304009914398e-03
4.769781604409217834e-03
4.967764951288700104e-03
4.754984751343727112e-03
5.129183642566204071e-03
4.723608028143644333e-03
4.684025887399911880e-03
4.601599648594856262e-03
4.699385724961757660e-03
4.717548377811908722e-03
4.722869955003261566e-03
4.680589772760868073e-03
4.630150273442268372e-03
4.631144925951957703e-03
4.933806136250495911e-03
4.668723791837692261e-03
4.859741777181625366e-03
4.657333716750144958e-03
4.649027716368436813e-03
4.587306175380945206e-03
4.807578399777412415e-03
4.870089702308177948e-03
4.932669457048177719e-03
4.750966094434261322e-03
4.684935789555311203e-03
4.716427065432071686e-03
4.798059817403554916e-03
4.684495273977518082e-03
4.699592012912034988e-03
4.795138724148273468e-03
4.827053286135196686e-03
4.702626261860132217e-03
4.642012529075145721e-03
4.696534015238285065e-03
4.752026870846748352e-03
4.725736565887928009e-03
4.892315715551376343e-03
4.771149717271327972e-03
4.662465304136276245e-03
4.839351866394281387e-03
4.648498259484767914e-03
4.621656145900487900e-03
4.750012885779142380e-03
4.671657457947731018e-03
5.009979009628295898e-03
4.712679423391819000e-03
4.648392088711261749e-03
4.682889673858880997e-03
4.754041321575641632e-03
4.735107533633708954e-03
4.616289865225553513e-03
4.626948386430740356e-03
4.858534317463636398e-03
4.730824381113052368e-03
4.653549753129482269e-03
4.617355763912200928e-03
4.837645683437585831e-03
4.623785614967346191e-03
4.752656444907188416e-03
4.814140498638153076e-03
4.705051891505718231e-03
4.966659005731344223e-03
4.630999639630317688e-03
4.734243266284465790e-03
4.776487592607736588e-03
4.635782912373542786e-03
4.599849227815866470e-03
4.620957653969526291e-03
4.615861922502517700e-03
4.588227253407239914e-03
4.616045858711004257e-03
4.697925411164760590e-03
4.739237017929553986e-03
4.702916834503412247e-03
4.778833128511905670e-03
4.709435161203145981e-03
4.677901510149240494e-03
4.640296101570129395e-03
4.580556880682706833e-03
4.606589674949645996e-03
4.776272457093000412e-03
4.817960783839225769e-03
4.582133144140243530e-03
4.629740957170724869e-03
4.746714141219854355e-03
4.809102043509483337e-03
4.639480262994766235e-03
4.660180304199457169e-03
4.831464495509862900e-03
4.663482308387756348e-03
4.673217423260211945e-03
4.726730752736330032e-03
4.737549461424350739e-03
4.612969700247049332e-03
4.656566772609949112e-03
4.888746887445449829e-03
4.716763272881507874e-03
4.867802374064922333e-03
4.641497507691383362e-03
4.688071552664041519e-03
4.630516283214092255e-03
4.770977888256311417e-03
4.732018336653709412e-03
4.687223583459854126e-03
4.725756589323282242e-03
4.665424581617116928e-03
4.809943027794361115e-03
4.727529827505350113e-03
4.632029216736555099e-03
4.675648640841245651e-03
4.663723055273294449e-03
4.712251946330070496e-03
4.785427823662757874e-03
4.728374071419239044e-03
4.581490531563758850e-03
4.779838025569915771e-03
4.595324397087097168e-03
4.736436530947685242e-03
4.742712713778018951e-03
4.735845141112804413e-03
4.661350045353174210e-03
4.603930283337831497e-03
4.644232802093029022e-03
4.659498110413551331e-03
4.660421051084995270e-03
4.614518489688634872e-03
4.813841078430414200e-03
4.660630598664283752e-03
4.661463666707277298e-03
4.652582108974456787e-03
4.690336529165506363e-03
4.706374835222959518e-03
4.700296092778444290e-03
4.795434884727001190e-03
4.824916832149028778e-03
4.639380611479282379e-03
4.834512714296579361e-03
4.673229996114969254e-03
4.651813767850399017e-03
4.743345547467470169e-03
4.901153035461902618e-03
4.868775606155395508e-03
4.623811691999435425e-03
4.677053540945053101e-03
4.679713863879442215e-03
4.572684410959482193e-03
4.750500433146953583e-03
4.648103844374418259e-03
4.744085017591714859e-03
4.641210660338401794e-03
4.627661313861608505e-03
4.816869273781776428e-03
4.722072277218103409e-03
4.670374095439910889e-03
4.746195394545793533e-03
4.675072152167558670e-03
4.715397488325834274e-03
4.662688355892896652e-03
4.636324010789394379e-03
4.744010046124458313e-03
4.722678568214178085e-03
4.722544457763433456e-03
4.708494525402784348e-03
4.696563817560672760e-03
4.722209181636571884e-03
4.820202477276325226e-03
4.684990271925926208e-03
4.815008491277694702e-03
4.651213530451059341e-03
4.671697039157152176e-03
4.780566319823265076e-03
4.739024676382541656e-03
4.627740941941738129e-03
4.730682820081710815e-03
4.660700913518667221e-03
4.942408762872219086e-03
4.757639486342668533e-03
4.631593357771635056e-03
4.663672298192977905e-03
4.643057938665151596e-03
4.629134200513362885e-03
4.580900073051452637e-03
4.617657046765089035e-03
4.636417143046855927e-03
4.641599487513303757e-03
4.580262117087841034e-03
4.679366014897823334e-03
4.668262321501970291e-03
4.680556710809469223e-03
4.719371907413005829e-03
4.661234095692634583e-03
4.695442039519548416e-03
4.726200364530086517e-03
4.600291606038808823e-03
4.715701565146446228e-03
4.633081611245870590e-03
4.739904776215553284e-03
4.829439334571361542e-03
4.815954249352216721e-03
4.690533503890037537e-03
4.580717999488115311e-03
4.617856815457344055e-03
4.635750781744718552e-03
4.752333275973796844e-03
4.622831940650939941e-03
4.717940930277109146e-03
4.639781080186367035e-03
4.725485108792781830e-03
4.670529626309871674e-03
4.644688684493303299e-03
4.610665608197450638e-03
4.665378015488386154e-03
4.672521259635686874e-03
4.722970072180032730e-03
4.653233103454113007e-03
4.604104440659284592e-03
4.858701955527067184e-03
4.863331560045480728e-03
4.677255172282457352e-03
4.614683799445629120e-03
4.665489308536052704e-03
4.666468594223260880e-03
4.660998936742544174e-03
4.648381378501653671e-03
4.655412863940000534e-03
4.634944256395101547e-03
4.623440559953451157e-03
4.821687936782836914e-03
4.747479688376188278e-03
4.697812255471944809e-03
4.599701613187789917e-03
4.599113482981920242e-03
4.614034201949834824e-03
4.602638538926839828e-03
4.608195740729570389e-03
4.617705475538969040e-03
4.934787284582853317e-03
4.587896633893251419e-03
4.650170914828777313e-03
4.637755453586578369e-03
4.604426678270101547e-03
4.852349404245615005e-03
4.816854838281869888e-03
4.781078547239303589e-03
4.638665355741977692e-03
4.700470250099897385e-03
4.974751267582178116e-03
4.684185609221458435e-03
4.799001850187778473e-03
4.758781287819147110e-03
4.656355362385511398e-03
4.605975467711687088e-03
4.614308010786771774e-03
4.771039821207523346e-03
4.763133823871612549e-03
4.591952543705701828e-03
4.569428972899913788e-03
4.700744990259408951e-03
4.598476924002170563e-03
4.796191584318876266e-03
4.702914506196975708e-03
4.569901619106531143e-03
4.677256569266319275e-03
4.595357924699783325e-03
4.594714846462011337e-03
4.694079514592885971e-03
4.708162974566221237e-03
4.659728612750768661e-03
4.636655561625957489e-03
4.659067839384078979e-03
4.696717485785484314e-03
4.750313237309455872e-03
4.639734514057636261e-03
4.685023799538612366e-03
4.629794042557477951e-03
4.693548195064067841e-03
4.636005498468875885e-03
4.675004165619611740e-03
4.953764379024505615e-03
4.912661854177713394e-03
4.656877834349870682e-03
4.627715330570936203e-03
4.595422651618719101e-03
4.638918675482273102e-03
4.711076151579618454e-03
4.685450810939073563e-03
4.724354483187198639e-03
4.667498636990785599e-03
4.939509090036153793e-03
4.608372692018747330e-03
4.651464521884918213e-03
4.602430388331413269e-03
4.712967667728662491e-03
4.601022694259881973e-03
4.680634941905736923e-03
4.649951588362455368e-03
4.647131077945232391e-03
4.631496034562587738e-03
4.647114779800176620e-03
4.833340179175138474e-03
4.638132639229297638e-03
4.659666214138269424e-03
4.638601094484329224e-03
4.725888371467590332e-03
4.694206640124320984e-03
4.655740223824977875e-03
4.610913805663585663e-03
4.620350431650876999e-03
4.603744484484195709e-03
4.665507934987545013e-03
4.693597089499235153e-03
4.717997740954160690e-03
4.801684059202671051e-03
4.819785710424184799e-03
4.971922840923070908e-03
4.790850915014743805e-03
4.822520539164543152e-03
4.666855558753013611e-03
4.759827628731727600e-03
4.836274776607751846e-03
4.761273041367530823e-03
4.762425087392330170e-03
4.842949099838733673e-03
4.669325426220893860e-03
4.628762602806091309e-03
4.750421736389398575e-03
4.847138188779354095e-03
4.616951569914817810e-03
4.847460426390171051e-03
4.709377884864807129e-03
4.781058989465236664e-03
4.692664835602045059e-03
4.675405099987983704e-03
4.635920748114585876e-03
4.716516006737947464e-03
4.636764060705900192e-03
4.644628614187240601e-03
4.820195958018302917e-03
4.660215694457292557e-03
4.634467419236898422e-03
4.664166364818811417e-03
4.705031868070363998e-03
4.673275165259838104e-03
4.642752464860677719e-03
4.846432246267795563e-03
4.587442148476839066e-03
4.655957687646150589e-03
4.600808490067720413e-03
4.688673187047243118e-03
4.739299882203340530e-03
4.921577870845794678e-03
4.812606144696474075e-03
4.645258188247680664e-03
4.715328570455312729e-03
4.818020388484001160e-03
4.682470113039016724e-03
4.858800675719976425e-03
4.771022126078605652e-03
4.733948502689599991e-03
4.718273412436246872e-03
4.799666348844766617e-03
4.634601995348930359e-03
4.685622174292802811e-03
4.744966514408588409e-03
4.726261366158723831e-03
4.688810091465711594e-03
4.844248760491609573e-03
4.632833413779735565e-03
4.607391543686389923e-03
4.633225966244935989e-03
4.781167954206466675e-03
4.662247840315103531e-03
4.846081603318452835e-03
4.726386163383722305e-03
4.622137174010276794e-03
4.653406329452991486e-03
4.729130771011114120e-03
4.852076992392539978e-03
4.755981732159852982e-03
4.767164587974548340e-03
4.750542342662811279e-03
4.609786439687013626e-03
4.811027552932500839e-03
4.607415758073329926e-03
4.698117729276418686e-03
4.674824886023998260e-03
4.634407348930835724e-03
4.681142978370189667e-03
4.584542941302061081e-03
4.601241555064916611e-03
4.704386927187442780e-03
4.703444894403219223e-03
4.636519588530063629e-03
4.595492966473102570e-03
4.843903705477714539e-03
4.668594337999820709e-03
4.686310887336730957e-03
4.719512071460485458e-03
4.877212923020124435e-03
4.873689264059066772e-03
4.872164223343133926e-03
4.641490988433361053e-03
4.721577744930982590e-03
4.708542022854089737e-03
4.763976205140352249e-03
4.734995309263467789e-03
4.616781137883663177e-03
4.647879395633935928e-03
4.806551150977611542e-03
4.908515606075525284e-03
4.759731236845254898e-03
4.918978549540042877e-03
4.686927888542413712e-03
4.734924063086509705e-03
4.757843445986509323e-03
4.801713861525058746e-03
4.981001839041709900e-03
4.758272320032119751e-03
4.636020865291357040e-03
4.634458106011152267e-03
4.696463700383901596e-03
4.639540333300828934e-03
4.686295520514249802e-03
4.667755216360092163e-03
4.708831664174795151e-03
4.684699699282646179e-03
4.686781205236911774e-03
4.671641625463962555e-03
4.686565138399600983e-03
4.911685828119516373e-03
4.589021205902099609e-03
4.783226177096366882e-03
4.601621534675359726e-03
4.689230583608150482e-03
4.630187060683965683e-03
4.661679733544588089e-03
4.662911873310804367e-03
4.803568590432405472e-03
4.677942954003810883e-03
4.658356774598360062e-03
4.596551880240440369e-03
4.735095892101526260e-03
4.589583259075880051e-03
4.607136361300945282e-03
4.680450074374675751e-03
4.628897644579410553e-03
4.680750891566276550e-03
4.823181312531232834e-03
4.724064376205205917e-03
4.572562873363494873e-03
4.824343137443065643e-03
4.671567119657993317e-03
4.605093505233526230e-03
4.624426830559968948e-03
4.769992083311080933e-03
4.960733000189065933e-03
4.731109831482172012e-03
4.710663575679063797e-03
4.671999253332614899e-03
4.883675836026668549e-03
4.729463718831539154e-03
4.697464872151613235e-03
4.583443049341440201e-03
4.718160256743431091e-03
4.635839257389307022e-03
4.693768452852964401e-03
4.914481192827224731e-03
4.870247095823287964e-03
4.743550438433885574e-03
4.753128159791231155e-03
4.702363628894090652e-03
4.850520286709070206e-03
4.679876845329999924e-03
4.739764612168073654e-03
4.699647892266511917e-03
4.805043339729309082e-03
4.616543650627136230e-03
4.700063727796077728e-03
4.766501486301422119e-03
4.880555905401706696e-03
4.602929111570119858e-03
4.721691831946372986e-03
4.750811960548162460e-03
4.603436682373285294e-03
4.696178250014781952e-03
4.574152175337076187e-03
4.664052743464708328e-03
4.698728211224079132e-03
4.930547904223203659e-03
4.644819535315036774e-03
4.653860814869403839e-03
4.756994079798460007e-03
4.761603660881519318e-03
4.730024375021457672e-03
4.765658639371395111e-03
4.900723695755004883e-03
4.634463228285312653e-03
4.768711514770984650e-03
4.619187675416469574e-03
4.823345690965652466e-03
4.765042103826999664e-03
4.991613328456878662e-03
4.659355618059635162e-03
4.599271342158317566e-03
4.573006182909011841e-03
4.661254119127988815e-03
4.679919220507144928e-03
4.656608216464519501e-03
4.633286036550998688e-03
4.897170234471559525e-03
4.685736726969480515e-03
4.658181220293045044e-03
4.679630976170301437e-03
4.806909710168838501e-03
4.600103013217449188e-03
4.654723685234785080e-03
4.617195576429367065e-03
4.733289591968059540e-03
4.709254484623670578e-03
4.706052597612142563e-03
4.899995867162942886e-03
4.613191820681095123e-03
4.642360378056764603e-03
4.673596471548080444e-03
4.710968118160963058e-03
4.776055924594402313e-03
4.650916438549757004e-03
4.587723407894372940e-03
4.655210766941308975e-03
4.684523679316043854e-03
4.662673454731702805e-03
4.799721296876668930e-03
4.714692011475563049e-03
4.697569645941257477e-03
4.931221250444650650e-03
4.850631114095449448e-03
4.648698028177022934e-03
4.669824615120887756e-03
4.650398623198270798e-03
4.620765801519155502e-03
4.747394938021898270e-03
4.675306845456361771e-03
4.741135984659194946e-03
4.827785305678844452e-03
4.678088705986738205e-03
4.691125359386205673e-03
4.754768684506416321e-03
4.630533047020435333e-03
4.624499008059501648e-03
4.589615389704704285e-03
4.649967420846223831e-03
4.633317235857248306e-03
4.687222186475992203e-03
4.759208764880895615e-03
4.682694561779499054e-03
4.759364761412143707e-03
4.715048242360353470e-03
4.664075560867786407e-03
4.647305235266685486e-03
4.616138525307178497e-03
4.600388929247856140e-03
4.574313759803771973e-03
4.636514931917190552e-03
4.744877107441425323e-03
4.719648975878953934e-03
4.715406801551580429e-03
4.646832123398780823e-03
4.670062568038702011e-03
4.607946146279573441e-03
4.574713297188282013e-03
4.588891286402940750e-03
4.796852357685565948e-03
4.680354613810777664e-03
4.583889618515968323e-03
4.686621017754077911e-03
4.766589961946010590e-03
4.577731247991323471e-03
4.617446567863225937e-03
4.589985124766826630e-03
4.636455327272415161e-03
4.626794252544641495e-03
4.738210234791040421e-03
4.765183199197053909e-03
4.921840503811836243e-03
4.734461661428213120e-03
4.748454317450523376e-03
4.672732669860124588e-03
4.614165518432855606e-03
4.733598791062831879e-03
4.690392408519983292e-03
4.662685096263885498e-03
4.709875676780939102e-03
4.644616041332483292e-03
4.645750857889652252e-03
4.801183473318815231e-03
4.739324096590280533e-03
4.598672967404127121e-03
4.682652186602354050e-03
4.603850655257701874e-03
4.741900600492954254e-03
4.666625056415796280e-03
4.769206978380680084e-03
4.919189959764480591e-03
4.641983192414045334e-03
4.664373118430376053e-03
4.570244345813989639e-03
4.642669577151536942e-03
4.797956440597772598e-03
4.648155532777309418e-03
4.606538452208042145e-03
4.590800497680902481e-03
4.610691685229539871e-03
4.615523386746644974e-03
4.626691807061433792e-03
4.662109073251485825e-03
4.748494364321231842e-03
4.641108214855194092e-03
4.673427902162075043e-03
4.863657522946596146e-03
4.695759620517492294e-03
4.776388872414827347e-03
4.598798695951700211e-03
4.606625996530056000e-03
4.787761718034744263e-03
4.593032412230968475e-03
4.665594547986984253e-03
4.760538693517446518e-03
5.058677401393651962e-03
4.701569676399230957e-03
4.632902797311544418e-03
4.593454767018556595e-03
4.590093158185482025e-03
4.610323812812566757e-03
4.597085993736982346e-03
4.662922117859125137e-03
4.644353874027729034e-03
4.679954145103693008e-03
4.670704714953899384e-03
4.869448021054267883e-03
4.660210572183132172e-03
4.581972956657409668e-03
4.667779430747032166e-03
4.610868170857429504e-03
4.728388972580432892e-03
4.745857790112495422e-03
4.669865593314170837e-03
4.772067070007324219e-03
4.661659710109233856e-03
4.670332651585340500e-03
4.628386348485946655e-03
4.686475265771150589e-03
4.717265255749225616e-03
4.644907545298337936e-03
4.707932006567716599e-03
4.596654325723648071e-03
4.714819137006998062e-03
4.664765205234289169e-03
4.623737651854753494e-03
4.647238180041313171e-03
4.989198874682188034e-03
4.700580146163702011e-03
4.720664583146572113e-03
4.658801015466451645e-03
4.615549463778734207e-03
4.669086541980504990e-03
4.644439555704593658e-03
4.648220259696245193e-03
4.752369597554206848e-03
4.657772835344076157e-03
4.712452180683612823e-03
4.715518094599246979e-03
4.885159898549318314e-03
4.686770029366016388e-03
4.794929642230272293e-03
4.785923287272453308e-03
4.923248663544654846e-03
4.816121421754360199e-03
4.678294528275728226e-03
4.704202990978956223e-03
4.642877727746963501e-03
4.712227266281843185e-03
4.713050555437803268e-03
4.624860361218452454e-03
4.615887999534606934e-03
4.857088439166545868e-03
4.723913967609405518e-03
4.814933985471725464e-03
4.674316383898258209e-03
4.750917665660381317e-03
4.673631861805915833e-03
4.601258318871259689e-03
4.592682234942913055e-03
4.807703662663698196e-03
4.645268898457288742e-03
4.690523259341716766e-03
4.697936587035655975e-03
4.716713447123765945e-03
4.588486626744270325e-03
4.630189854651689529e-03
4.881321918219327927e-03
4.703423008322715759e-03
4.741284996271133423e-03
4.631583578884601593e-03
4.635634366422891617e-03
4.659248515963554382e-03
4.771921318024396896e-03
4.673246294260025024e-03
4.678247496485710144e-03
4.685578402131795883e-03
4.620829597115516663e-03
4.618568811565637589e-03
4.649928305298089981e-03
4.814295563846826553e-03
4.679518286138772964e-03
4.657361190766096115e-03
4.613998346030712128e-03
4.595500882714986801e-03
4.619497805833816528e-03
4.603596404194831848e-03
4.788000602275133133e-03
4.859134554862976074e-03
5.003598984330892563e-03
4.758146125823259354e-03
4.606531932950019836e-03
4.633203148841857910e-03
4.636989906430244446e-03
4.687718581408262253e-03
4.597046412527561188e-03
4.652612842619419098e-03
4.640064202249050140e-03
4.588462412357330322e-03
4.584033507853746414e-03
4.617067053914070129e-03
4.669401794672012329e-03
4.839472472667694092e-03
4.628479946404695511e-03
4.733081907033920288e-03
4.622440785169601440e-03
4.711600486189126968e-03
4.594529513269662857e-03
4.669172689318656921e-03
4.851323086768388748e-03
4.608630202710628510e-03
4.673674702644348145e-03
4.650269169360399246e-03
4.648230504244565964e-03
4.649832844734191895e-03
4.804408177733421326e-03
4.719819873571395874e-03
4.607754293829202652e-03
4.649024922400712967e-03
4.728649277240037918e-03
4.703386686742305756e-03
4.687853623181581497e-03
4.740334581583738327e-03
4.687838256359100342e-03
4.711780231446027756e-03
4.862300120294094086e-03
4.762760829180479050e-03
4.807296674698591232e-03
4.677992314100265503e-03
4.685977473855018616e-03
4.613153636455535889e-03
4.655513912439346313e-03
4.689129069447517395e-03
4.799956455826759338e-03
4.658260382711887360e-03
4.787479527294635773e-03
4.686247557401657104e-03
4.597040824592113495e-03
4.619805142283439636e-03
4.699874203652143478e-03
4.738708026707172394e-03
4.788338672369718552e-03
4.860315937548875809e-03
4.789544269442558289e-03
4.808104597032070160e-03
4.592799581587314606e-03
4.654852673411369324e-03
4.649548791348934174e-03
4.965867381542921066e-03
4.930370021611452103e-03
4.664014559239149094e-03
4.644905682653188705e-03
4.623614717274904251e-03
4.875150974839925766e-03
4.634218756109476089e-03
4.704771097749471664e-03
4.705920349806547165e-03
4.709887318313121796e-03
4.697956610471010208e-03
4.647639114409685135e-03
4.579760134220123291e-03
4.641022533178329468e-03
4.684281069785356522e-03
4.744129255414009094e-03
4.639009945094585419e-03
4.753741901367902756e-03
4.698981996625661850e-03
4.765344318002462387e-03
4.653295502066612244e-03
4.606479313224554062e-03
4.702081438153982162e-03
4.686063621193170547e-03
4.789268132299184799e-03
4.615308716893196106e-03
4.705088213086128235e-03
4.776818677783012390e-03
4.628977738320827484e-03
4.651324357837438583e-03
4.734939429908990860e-03
4.674596711993217468e-03
4.748089239001274109e-03
4.713356029242277145e-03
4.828652366995811462e-03
4.734295886009931564e-03
4.654590506106615067e-03
4.621749278157949448e-03
4.668025299906730652e-03
4.670946393162012100e-03
4.621124360710382462e-03
4.651470575481653214e-03
4.793857689946889877e-03
4.603981971740722656e-03
4.565165378153324127e-03
4.627072252333164215e-03
4.634379409253597260e-03
4.757352173328399658e-03
4.676981363445520401e-03
4.692276474088430405e-03
4.582408815622329712e-03
4.651837516576051712e-03
4.821284208446741104e-03
4.739248659461736679e-03
4.650904331356287003e-03
4.758466966450214386e-03
4.865254275500774384e-03
4.763823468238115311e-03
4.615826532244682312e-03
4.576948937028646469e-03
4.678648430854082108e-03
4.630993586033582687e-03
4.575772210955619812e-03
4.781016148626804352e-03
4.717698786407709122e-03
4.594094119966030121e-03
4.771824926137924194e-03
4.646142013370990753e-03
4.705492407083511353e-03
4.609830211848020554e-03
4.591964650899171829e-03
4.861106630414724350e-03
4.655387252569198608e-03
4.601926542818546295e-03
4.621438682079315186e-03
4.605659283697605133e-03
4.756890702992677689e-03
4.648241214454174042e-03
4.802701063454151154e-03
4.586013499647378922e-03
4.715942777693271637e-03
4.689424764364957809e-03
4.697068594396114349e-03
4.604035522788763046e-03
4.724646918475627899e-03
4.620892461389303207e-03
4.679756239056587219e-03
4.738808143883943558e-03
4.706907551735639572e-03
4.708434920758008957e-03
4.861911758780479431e-03
4.677117802202701569e-03
4.691979847848415375e-03
4.670201800763607025e-03
4.572767764329910278e-03
4.606973379850387573e-03
4.635910969227552414e-03
4.615515004843473434e-03
4.749014042317867279e-03
4.748177714645862579e-03
4.594495985656976700e-03
4.585479386150836945e-03
4.679708741605281830e-03
4.574091173708438873e-03
4.769644234329462051e-03
4.671647213399410248e-03
4.704993683844804764e-03
4.652893170714378357e-03
4.667434841394424438e-03
4.652744624763727188e-03
4.614449571818113327e-03
4.713740665465593338e-03
4.733520094305276871e-03
4.602273926138877869e-03
4.646306857466697693e-03
4.707200452685356140e-03
4.703677725046873093e-03
4.757595714181661606e-03
4.605880938470363617e-03
4.677942022681236267e-03
4.598192870616912842e-03
4.734908230602741241e-03
4.669256974011659622e-03
4.602727014571428299e-03
4.599153064191341400e-03
4.597451537847518921e-03
4.637317731976509094e-03
4.639619961380958557e-03
4.592332523316144943e-03
4.852469079196453094e-03
4.695963114500045776e-03
4.742010030895471573e-03
4.735297523438930511e-03
4.850655328482389450e-03
4.636955913156270981e-03
4.690121859312057495e-03
4.601927474141120911e-03
4.749720916152000427e-03
4.656034056097269058e-03
4.579595290124416351e-03
4.733525216579437256e-03
4.835505969822406769e-03
4.618982318788766861e-03
4.695724695920944214e-03
4.641143139451742172e-03
4.622645676136016846e-03
4.785068798810243607e-03
4.676569718867540359e-03
4.662808962166309357e-03
4.786847159266471863e-03
4.651411902159452438e-03
4.647778812795877457e-03
4.838035907596349716e-03
4.757135175168514252e-03
4.621544852852821350e-03
4.878121893852949142e-03
4.707838874310255051e-03
4.678130615502595901e-03
4.682003054767847061e-03
4.769586026668548584e-03
4.691427573561668396e-03
4.606623202562332153e-03
4.850042052567005157e-03
4.650813061743974686e-03
4.881479311734437943e-03
4.607053473591804504e-03
4.734911024570465088e-03
4.657405894249677658e-03
4.619881976395845413e-03
4.667813889682292938e-03
4.601233173161745071e-03
4.699481651186943054e-03
4.620036110281944275e-03
4.620805382728576660e-03
4.690024536103010178e-03
4.612645599991083145e-03
4.774745553731918335e-03
4.756085108965635300e-03
4.741367883980274200e-03
4.590838681906461716e-03
4.613920114934444427e-03
4.667196422815322876e-03
4.686210770159959793e-03
4.720425698906183243e-03
4.579517059028148651e-03
4.695159848779439926e-03
4.620251245796680450e-03
4.597036633640527725e-03
4.737800452858209610e-03
4.739726427942514420e-03
4.795076325535774231e-03
4.762086085975170135e-03
4.892723634839057922e-03
4.720133263617753983e-03
4.730579908937215805e-03
5.045197438448667526e-03
4.731489811092615128e-03
4.757332149893045425e-03
4.632127936929464340e-03
4.656768403947353363e-03
4.819376394152641296e-03
4.620400257408618927e-03
4.626050591468811035e-03
4.597167950123548508e-03
4.706535954028367996e-03
4.786690697073936462e-03
4.665784072130918503e-03
4.802360665053129196e-03
4.615357145667076111e-03
4.583741538226604462e-03
4.770910367369651794e-03
4.632805939763784409e-03
4.658913705497980118e-03
4.673432558774948120e-03
4.689627792686223984e-03
4.614169709384441376e-03
4.693998023867607117e-03
4.810070153325796127e-03
4.765985067933797836e-03
4.665275570005178452e-03
4.805904813110828400e-03
4.680073354393243790e-03
4.738086368888616562e-03
4.647540394216775894e-03
4.720180761069059372e-03
4.653979092836380005e-03
4.572634119540452957e-03
4.646179731935262680e-03
4.670585040003061295e-03
4.705796483904123306e-03
4.622187465429306030e-03
4.948247689753770828e-03
4.601975902915000916e-03
4.654724616557359695e-03
4.685415420681238174e-03
4.853858146816492081e-03
4.681847523897886276e-03
4.580419044941663742e-03
4.598763771355152130e-03
4.711949732154607773e-03
4.705263767391443253e-03
4.665944259613752365e-03
4.615311510860919952e-03
4.657890647649765015e-03
4.595170728862285614e-03
4.663079977035522461e-03
4.837400279939174652e-03
4.667256027460098267e-03
4.727519117295742035e-03
4.682242404669523239e-03
4.717254079878330231e-03
4.808925557881593704e-03
4.668060224503278732e-03
4.885837901383638382e-03
4.861885216087102890e-03
4.620741121470928192e-03
4.585667978972196579e-03
4.626286216080188751e-03
4.754405934363603592e-03
4.849974066019058228e-03
4.652265924960374832e-03
4.713192116469144821e-03
4.702545702457427979e-03
4.574679769575595856e-03
4.606050439178943634e-03
4.627882502973079681e-03
4.716254305094480515e-03
4.890931304544210434e-03
4.624933470040559769e-03
4.744939971715211868e-03
4.664089065045118332e-03
4.637625534087419510e-03
4.713609814643859863e-03
4.674042575061321259e-03
4.699438344687223434e-03
4.683009348809719086e-03
4.634272307157516479e-03
4.669815767556428909e-03
4.682063125073909760e-03
4.682019352912902832e-03
4.563760943710803986e-03
4.595999140292406082e-03
4.604364279657602310e-03
4.633096978068351746e-03
4.644379485398530960e-03
4.956942982971668243e-03
4.607839044183492661e-03
4.711378831416368484e-03
4.642301704734563828e-03
4.647580441087484360e-03
4.653948824852705002e-03
4.736403934657573700e-03
4.897093866020441055e-03
4.681620746850967407e-03
4.688616376370191574e-03
4.669607616961002350e-03
4.651950672268867493e-03
4.564072936773300171e-03
4.724581725895404816e-03
4.706509876996278763e-03
4.609358031302690506e-03
4.784607794135808945e-03
4.696601536124944687e-03
4.647033754736185074e-03
4.703724756836891174e-03
4.740266595035791397e-03
4.650180228054523468e-03
4.578616004437208176e-03
4.567319527268409729e-03
4.654678050428628922e-03
4.633501172065734863e-03
4.598733969032764435e-03
4.683711100369691849e-03
4.720803350210189819e-03
5.221244413405656815e-03
4.649629816412925720e-03
4.570165183395147324e-03
4.726612009108066559e-03
4.826876800507307053e-03
4.603352863341569901e-03
4.860550165176391602e-03
4.713640548288822174e-03
4.609394352883100510e-03
4.720676224678754807e-03
4.688977729529142380e-03
4.758660681545734406e-03
4.600556567311286926e-03
4.681596998125314713e-03
4.594105295836925507e-03
4.598256200551986694e-03
4.763925448060035706e-03
4.778396338224411011e-03
4.755243659019470215e-03
4.899161867797374725e-03
4.710151348263025284e-03
4.653456620872020721e-03
4.749192390590906143e-03
4.659427795559167862e-03
4.623538348823785782e-03
4.700517281889915466e-03
4.777927417308092117e-03
4.631547257304191589e-03
4.877416417002677917e-03
4.634717945009469986e-03
4.609340801835060120e-03
4.786189645528793335e-03
4.596639890223741531e-03
4.802878014743328094e-03
4.668918903917074203e-03
4.595594480633735657e-03
4.641079809516668320e-03
4.760485142469406128e-03
4.655475728213787079e-03
4.706869367510080338e-03
4.750825464725494385e-03
5.215713754296302795e-03
4.668527282774448395e-03
4.675600677728652954e-03
4.573067650198936462e-03
4.600783344358205795e-03
4.664757754653692245e-03
4.701250698417425156e-03
4.833531565964221954e-03
4.638612736016511917e-03
4.739509429782629013e-03
4.633254371583461761e-03
4.688649903982877731e-03
4.688302520662546158e-03
4.602731205523014069e-03
4.565824288874864578e-03
4.616252146661281586e-03
4.725379869341850281e-03
4.656651522964239120e-03
4.629323258996009827e-03
4.943063482642173767e-03
4.633217584341764450e-03
4.702737089246511459e-03
4.631057847291231155e-03
4.696520511060953140e-03
4.641967825591564178e-03
4.639253020286560059e-03
4.687026143074035645e-03
4.613620229065418243e-03
4.620226100087165833e-03
4.694133531302213669e-03
4.707644227892160416e-03
4.681783728301525116e-03
4.654923919588327408e-03
4.619970452040433884e-03
4.798489622771739960e-03
4.649657290428876877e-03
4.578613676130771637e-03
4.773933440446853638e-03
4.694625735282897949e-03
4.738808609545230865e-03
4.652941599488258362e-03
4.639686550945043564e-03
4.669378977268934250e-03
4.698404110968112946e-03
4.680308047682046890e-03
4.706776235252618790e-03
4.645176231861114502e-03
4.683924373239278793e-03
4.589707590639591217e-03
4.609528463333845139e-03
4.763434175401926041e-03
4.664562176913022995e-03
4.632666707038879395e-03
4.654929973185062408e-03
4.668999463319778442e-03
4.615175072103738785e-03
4.867590498179197311e-03
4.819808527827262878e-03
4.654090385884046555e-03
4.592034500092267990e-03
4.663879051804542542e-03
4.635849967598915100e-03
4.678706638514995575e-03
4.775557201355695724e-03
4.749981220811605453e-03
4.699323792010545731e-03
4.684076644480228424e-03
4.593514371663331985e-03
4.575143102556467056e-03
4.794422537088394165e-03
4.719262942671775818e-03
4.703924525529146194e-03
4.621997475624084473e-03
4.737660754472017288e-03
4.592153243720531464e-03
4.716450814157724380e-03
4.635986406356096268e-03
4.921707790344953537e-03
4.625188652426004410e-03
4.596193786710500717e-03
4.682455211877822876e-03
4.811731632798910141e-03
4.722896032035350800e-03
4.685946274548768997e-03
4.786719568073749542e-03
4.742725286632776260e-03
4.583363886922597885e-03
4.721444100141525269e-03
4.578414838761091232e-03
4.699952434748411179e-03
4.768428858369588852e-03
4.667925182729959488e-03
4.638490732759237289e-03
4.618081264197826385e-03
4.600483458489179611e-03
4.650949966162443161e-03
4.728108178824186325e-03
4.632736090570688248e-03
4.645232576876878738e-03
4.664899315685033798e-03
4.611294716596603394e-03
4.683522973209619522e-03
4.578752443194389343e-03
4.586224909871816635e-03
4.571543540805578232e-03
4.715006332844495773e-03
4.595215432345867157e-03
4.694805014878511429e-03
4.824959207326173782e-03
4.669560585170984268e-03
4.723639693111181259e-03
4.729109816253185272e-03
4.596987273544073105e-03
4.827196244150400162e-03
4.880736116319894791e-03
4.764481913298368454e-03
4.632201511412858963e-03
4.671995528042316437e-03
4.652783740311861038e-03
4.615197423845529556e-03
4.682665690779685974e-03
4.632203839719295502e-03
4.641624633222818375e-03
4.656061530113220215e-03
4.673925694078207016e-03
4.722972400486469269e-03
4.656158853322267532e-03
4.685312975198030472e-03
4.623155109584331512e-03
4.572922829538583755e-03
4.737130366265773773e-03
4.610140342265367508e-03
4.705024883151054382e-03
4.613937810063362122e-03
4.820103291422128677e-03
4.596855491399765015e-03
4.611108917742967606e-03
4.734471440315246582e-03
4.736549220979213715e-03
4.633187782019376755e-03
5.060738418251276016e-03
4.643664695322513580e-03
4.666228312999010086e-03
4.654840100556612015e-03
4.661078099161386490e-03
4.719353746622800827e-03
4.759144969284534454e-03
4.565431736409664154e-03
4.723450634628534317e-03
4.641097504645586014e-03
4.624828696250915527e-03
4.685355816036462784e-03
4.827164113521575928e-03
4.949809052050113678e-03
4.765035118907690048e-03
4.684955812990665436e-03
4.601505119353532791e-03
4.616047255694866180e-03
4.738388583064079285e-03
4.669365473091602325e-03
4.960661754012107849e-03
4.714344628155231476e-03
4.837489221245050430e-03
4.663146566599607468e-03
4.634861368685960770e-03
4.661475308239459991e-03
4.822623450309038162e-03
4.624099470674991608e-03
4.763802979141473770e-03
4.619357641786336899e-03
4.566924646496772766e-03
4.749124404042959213e-03
4.586376715451478958e-03
4.578293301165103912e-03
4.757632035762071609e-03
4.691312555223703384e-03
4.710546229034662247e-03
4.695931449532508850e-03
4.644901026040315628e-03
4.625335335731506348e-03
4.611026961356401443e-03
4.681781399995088577e-03
4.640046972781419754e-03
4.662494640797376633e-03
5.060664843767881393e-03
4.724323283880949020e-03
4.644387867301702499e-03
4.601112101227045059e-03
4.686357919126749039e-03
4.884588066488504410e-03
4.686712287366390228e-03
4.829538986086845398e-03
4.891886375844478607e-03
4.767291247844696045e-03
4.640222527086734772e-03
4.745451267808675766e-03
4.554910119622945786e-03
4.743346944451332092e-03
4.735554102808237076e-03
4.694036673754453659e-03
4.689123481512069702e-03
4.662650171667337418e-03
4.630462732166051865e-03
4.625069443136453629e-03
4.743412137031555176e-03
4.635763354599475861e-03
4.584805108606815338e-03
4.634830169379711151e-03
4.704336635768413544e-03
4.657395184040069580e-03
4.594642668962478638e-03
4.710020031780004501e-03
4.806488286703824997e-03
4.691523499786853790e-03
4.771494306623935699e-03
4.672356881201267242e-03
4.649040289223194122e-03
4.668139386922121048e-03
4.642338491976261139e-03
4.791314713656902313e-03
4.636852070689201355e-03
4.685648251324892044e-03
4.814810119569301605e-03
4.689679015427827835e-03
4.770325031131505966e-03
4.708482418209314346e-03
4.634563345462083817e-03
4.608360584825277328e-03
4.608515184372663498e-03
4.633150529116392136e-03
4.714825190603733063e-03
4.649166017770767212e-03
4.676030483096837997e-03
4.636933095753192902e-03
4.700064659118652344e-03
4.608519840985536575e-03
4.658075980842113495e-03
4.620945546776056290e-03
4.750126507133245468e-03
4.798311274498701096e-03
4.695244133472442627e-03
4.739071708172559738e-03
4.864468239247798920e-03
4.910930059850215912e-03
4.601070657372474670e-03
4.595159552991390228e-03
4.705022554844617844e-03
4.593200050294399261e-03
4.679867532104253769e-03
4.637217614799737930e-03
4.712187219411134720e-03
4.793773405253887177e-03
4.647519439458847046e-03
4.591766744852066040e-03
4.797766450792551041e-03
4.621131811290979385e-03
4.567748866975307465e-03
4.829098936170339584e-03
4.986564628779888153e-03
4.764512181282043457e-03
4.674554802477359772e-03
4.620859865099191666e-03
4.625896457582712173e-03
4.637049045413732529e-03
4.601196851581335068e-03
4.678444005548954010e-03
4.760965239256620407e-03
4.697819240391254425e-03
4.669173620641231537e-03
4.634739365428686142e-03
4.683028440922498703e-03
4.662809893488883972e-03
4.802914336323738098e-03
5.154616199433803558e-03
4.627198446542024612e-03
4.660472739487886429e-03
4.679428879171609879e-03
4.679622594267129898e-03
4.646175075322389603e-03
4.575847648084163666e-03
4.657599609345197678e-03
4.655729047954082489e-03
4.955393727868795395e-03
4.709339700639247894e-03
4.721432458609342575e-03
4.749224986881017685e-03
4.588617011904716492e-03
4.611358977854251862e-03
4.865751601755619049e-03
4.792065359652042389e-03
4.647216293960809708e-03
4.653465934097766876e-03
4.550222773104906082e-03
4.643790889531373978e-03
4.609055817127227783e-03
4.616662859916687012e-03
4.591612145304679871e-03
4.634319338947534561e-03
4.942279309034347534e-03
4.689489025622606277e-03
4.598642233759164810e-03
4.733406007289886475e-03
4.668222740292549133e-03
4.581536166369915009e-03
4.917980637401342392e-03
4.708589054644107819e-03
4.667750559747219086e-03
4.665194544941186905e-03
4.610743373632431030e-03
4.605964757502079010e-03
4.636376164853572845e-03
4.839935805648565292e-03
4.747693426907062531e-03
4.653080832213163376e-03
4.571448545902967453e-03
4.639865364879369736e-03
4.581755492836236954e-03
4.685567691922187805e-03
4.642370622605085373e-03
4.669983871281147003e-03
4.610074684023857117e-03
4.758491646498441696e-03
4.739978816360235214e-03
4.964216612279415131e-03
4.643052816390991211e-03
4.731710534542798996e-03
4.710429348051548004e-03
4.727884661406278610e-03
4.620586056262254715e-03
4.592198878526687622e-03
4.606512840837240219e-03
4.749875515699386597e-03
4.660881124436855316e-03
4.573110956698656082e-03
4.621268715709447861e-03
4.659846425056457520e-03
4.602383822202682495e-03
4.635524936020374298e-03
4.707267973572015762e-03
4.706942010670900345e-03
4.758051130920648575e-03
4.772410728037357330e-03
4.757781047374010086e-03
4.626885987818241119e-03
4.591261036694049835e-03
4.623308312147855759e-03
4.620528314262628555e-03
4.677759483456611633e-03
4.643591120839118958e-03
4.614032804965972900e-03
4.696715157479047775e-03
4.626983776688575745e-03
4.648030269891023636e-03
4.750224296003580093e-03
4.614531528204679489e-03
4.639605060219764709e-03
4.625454545021057129e-03
4.872900433838367462e-03
4.838770255446434021e-03
4.797277972102165222e-03
4.821844864636659622e-03
4.567088559269905090e-03
4.599106498062610626e-03
4.616906400769948959e-03
4.574492108076810837e-03
4.748611710965633392e-03
4.834164399653673172e-03
4.632230382412672043e-03
4.594789352267980576e-03
4.612440709024667740e-03
4.624867811799049377e-03
4.720439668744802475e-03
4.791619256138801575e-03
4.633002914488315582e-03
4.638096317648887634e-03
4.740817937999963760e-03
4.701546393334865570e-03
4.640224855393171310e-03
4.647130146622657776e-03
4.699818789958953857e-03
4.605081863701343536e-03
4.677967168390750885e-03
4.725166130810976028e-03
4.912559408694505692e-03
4.920114297419786453e-03
4.663184750825166702e-03
4.695460200309753418e-03
4.663219675421714783e-03
4.570032935589551926e-03
4.625083878636360168e-03
4.627936054021120071e-03
4.772481508553028107e-03
4.569182172417640686e-03
4.685044288635253906e-03
4.627550952136516571e-03
4.559213295578956604e-03
4.588260781019926071e-03
4.649165086448192596e-03
4.711558576673269272e-03
4.568682983517646790e-03
4.854272585362195969e-03
4.563057795166969299e-03
4.641266074031591415e-03
4.604588262736797333e-03
4.614508710801601410e-03
4.729129839688539505e-03
4.567769821733236313e-03
4.673807881772518158e-03
4.738925956189632416e-03
4.719460383057594299e-03
4.619779530912637711e-03
5.041788332164287567e-03
4.756505135446786880e-03
4.631865303963422775e-03
4.579284228384494781e-03
4.628580994904041290e-03
4.612204618752002716e-03
4.876775201410055161e-03
4.658694844692945480e-03
4.619445186108350754e-03
4.604889079928398132e-03
4.610059317201375961e-03
4.589244723320007324e-03
4.700544755905866623e-03
4.756055772304534912e-03
4.658169113099575043e-03
4.636858124285936356e-03
4.623208194971084595e-03
4.747824743390083313e-03
4.698670003563165665e-03
4.628151655197143555e-03
4.616784397512674332e-03
4.665895365178585052e-03
4.634873010218143463e-03
4.769984632730484009e-03
4.794380161911249161e-03
4.781175870448350906e-03
4.569382872432470322e-03
4.630623850971460342e-03
4.592277575284242630e-03
4.585949238389730453e-03
4.594066180288791656e-03
4.633291158825159073e-03
4.603922832757234573e-03
4.634379409253597260e-03
4.647220950573682785e-03
4.663444589823484421e-03
4.569675773382186890e-03
4.721174482256174088e-03
4.756830167025327682e-03
4.608807153999805450e-03
4.665544722229242325e-03
4.616560414433479309e-03
4.735966678708791733e-03
4.718914628028869629e-03
4.817305598407983780e-03
4.840229172259569168e-03
4.561264999210834503e-03
4.575764294713735580e-03
4.640061873942613602e-03
4.875467158854007721e-03
4.638018086552619934e-03
4.705561790615320206e-03
4.742516670376062393e-03
4.688075743615627289e-03
4.598993808031082153e-03
4.623716697096824646e-03
4.819728899747133255e-03
4.590708296746015549e-03
4.597655031830072403e-03
4.640595987439155579e-03
4.739642143249511719e-03
4.611054435372352600e-03
4.587033763527870178e-03
4.683854989707469940e-03
4.644532687962055206e-03
4.660938400775194168e-03
4.616022109985351562e-03
4.686451982706785202e-03
4.776270128786563873e-03
4.589067772030830383e-03
4.568168893456459045e-03
4.630496259778738022e-03
4.576859064400196075e-03
4.653559066355228424e-03
4.864404909312725067e-03
4.556026309728622437e-03
4.772350657731294632e-03
4.661274608224630356e-03
4.688425920903682709e-03
4.608296323567628860e-03
4.598082508891820908e-03
4.686915781348943710e-03
4.600046202540397644e-03
4.620358347892761230e-03
4.718415904790163040e-03
4.753076471388339996e-03
4.635416902601718903e-03
4.625143948942422867e-03
4.636061843484640121e-03
4.597278311848640442e-03
4.771295934915542603e-03
4.672251641750335693e-03
4.717446863651275635e-03
4.947216715663671494e-03
4.567388445138931274e-03
4.628669004887342453e-03
4.641667474061250687e-03
4.690299741923809052e-03
4.743446130305528641e-03
4.916718229651451111e-03
4.687173757702112198e-03
4.732632078230381012e-03
4.593101330101490021e-03
4.624974913895130157e-03
4.789624363183975220e-03
4.673680290579795837e-03
4.762185737490653992e-03
4.687780514359474182e-03
4.664775449782609940e-03
4.613992758095264435e-03
4.623883869498968124e-03
4.636643454432487488e-03
4.704454913735389709e-03
4.607658833265304565e-03
4.670659545809030533e-03
4.684215411543846130e-03
4.784218501299619675e-03
4.849255550652742386e-03
4.640512634068727493e-03
4.610342439264059067e-03
4.607242532074451447e-03
4.688927903771400452e-03
4.658580292016267776e-03
4.673965275287628174e-03
4.571564029902219772e-03
4.695716779679059982e-03
4.663269035518169403e-03
4.617653787136077881e-03
4.647910129278898239e-03
4.688272252678871155e-03
4.714975133538246155e-03
4.730620887130498886e-03
4.613990429788827896e-03
4.695109557360410690e-03
4.611728712916374207e-03
4.869542084634304047e-03
4.709886386990547180e-03
4.869332071393728256e-03
4.604017827659845352e-03
4.587305244058370590e-03
4.616159945726394653e-03
4.727101419121026993e-03
4.677681252360343933e-03
4.618525505065917969e-03
5.065842531621456146e-03
4.695482552051544189e-03
4.729981068521738052e-03
4.658415447920560837e-03
4.721882753074169159e-03
4.626007750630378723e-03
4.621344618499279022e-03
4.704866558313369751e-03
4.601371940225362778e-03
4.592499695718288422e-03
4.709585104137659073e-03
4.598860163241624832e-03
4.781524650752544403e-03
4.619539249688386917e-03
4.779225215315818787e-03
4.744945559650659561e-03
4.769069608300924301e-03
4.643397405743598938e-03
4.592348355799913406e-03
4.659842699766159058e-03
4.625907633453607559e-03
4.611242562532424927e-03
4.633233416825532913e-03
4.662957973778247833e-03
4.579990170896053314e-03
4.609499592334032059e-03
4.794851411134004593e-03
4.758365452289581299e-03
4.733509849756956100e-03
4.652538336813449860e-03
4.641883075237274170e-03
4.641865845769643784e-03
4.580745473504066467e-03
4.646451212465763092e-03
4.602262284606695175e-03
4.658328369259834290e-03
4.702190402895212173e-03
4.625045694410800934e-03
4.649018403142690659e-03
4.603604786098003387e-03
4.605351947247982025e-03
4.606006667017936707e-03
4.650442395359277725e-03
4.693214315921068192e-03
4.668073263019323349e-03
4.621540661901235580e-03
4.814266227185726166e-03
4.811953287571668625e-03
4.699199460446834564e-03
4.572512116283178329e-03
4.712770693004131317e-03
4.621378146111965179e-03
4.578009713441133499e-03
4.834642633795738220e-03
4.911648109555244446e-03
4.647069610655307770e-03
4.686550237238407135e-03
4.577877465635538101e-03
4.586481954902410507e-03
4.626617301255464554e-03
4.653220530599355698e-03
4.631497431546449661e-03
4.613908473402261734e-03
4.658518359065055847e-03
4.729858133941888809e-03
4.831230267882347107e-03
4.636500030755996704e-03
4.903352353721857071e-03
4.818405024707317352e-03
4.599255975335836411e-03
4.578870255500078201e-03
4.711455199867486954e-03
4.622597713023424149e-03
4.714777227491140366e-03
4.810802638530731201e-03
4.688841756433248520e-03
4.633232019841670990e-03
4.618999548256397247e-03
4.789566155523061752e-03
4.747691564261913300e-03
4.862981848418712616e-03
4.634572193026542664e-03
4.665056243538856506e-03
4.728652536869049072e-03
4.616310819983482361e-03
4.608170129358768463e-03
4.724171478301286697e-03
4.729042295366525650e-03
4.674700088798999786e-03
4.633582662791013718e-03
4.634306766092777252e-03
4.690327681601047516e-03
4.727804102003574371e-03
4.671073518693447113e-03
4.666899330914020538e-03
4.843798466026782990e-03
4.679024685174226761e-03
4.683355335146188736e-03
4.634637385606765747e-03
4.625456407666206360e-03
4.648565314710140228e-03
4.639307502657175064e-03
4.674125462770462036e-03
4.638292361050844193e-03
4.566630348563194275e-03
4.643344320356845856e-03
4.738614894449710846e-03
4.963855724781751633e-03
4.769392777234315872e-03
4.796639084815979004e-03
4.640567582100629807e-03
4.888989962637424469e-03
4.552979022264480591e-03
4.966202192008495331e-03
4.606214817613363266e-03
4.659769125282764435e-03
4.638647194951772690e-03
4.630562383681535721e-03
4.881701897829771042e-03
4.584799986332654953e-03
4.598679021000862122e-03
4.692487884312868118e-03
4.675151314586400986e-03
4.602311644703149796e-03
4.801194649189710617e-03
4.598828498274087906e-03
4.621658474206924438e-03
4.667769186198711395e-03
4.651857074350118637e-03
4.639992956072092056e-03
4.601764027029275894e-03
4.555925261229276657e-03
4.645624198019504547e-03
5.039577838033437729e-03
4.620707593858242035e-03
4.633154254406690598e-03
4.783078562468290329e-03
4.653155803680419922e-03
4.662347957491874695e-03
4.667938686907291412e-03
4.615438170731067657e-03
4.727155901491641998e-03
4.699860699474811554e-03
4.716374445706605911e-03
4.739953670650720596e-03
4.624040331691503525e-03
4.582394845783710480e-03
4.879923537373542786e-03
4.575471393764019012e-03
4.646134097129106522e-03
4.720817320048809052e-03
4.731222521513700485e-03
4.676842596381902695e-03
4.634376615285873413e-03
4.645204637199640274e-03
4.704043734818696976e-03
4.675872158259153366e-03
4.562364891171455383e-03
4.684149287641048431e-03
4.642038140445947647e-03
4.634134937077760696e-03
4.632527939975261688e-03
4.552625585347414017e-03
4.615336656570434570e-03
4.624780733138322830e-03
4.648587666451931000e-03
4.696869291365146637e-03
4.777773283421993256e-03
4.692547488957643509e-03
4.666986409574747086e-03
4.578282125294208527e-03
4.856164567172527313e-03
4.577389918267726898e-03
4.670416470617055893e-03
4.686298780143260956e-03
4.711387678980827332e-03
4.751509986817836761e-03
4.659162368625402451e-03
4.690746311098337173e-03
4.660289268940687180e-03
4.821622278541326523e-03
4.642139654606580734e-03
4.739646334201097488e-03
4.572287201881408691e-03
4.687863867729902267e-03
4.707708954811096191e-03
4.645089618861675262e-03
4.750024061650037766e-03
4.704160615801811218e-03
4.686611238867044449e-03
4.630154464393854141e-03
4.782816395163536072e-03
4.623748827725648880e-03
4.697544034570455551e-03
4.571638535708189011e-03
4.704913124442100525e-03
4.617934580892324448e-03
4.592499695718288422e-03
4.581466317176818848e-03
4.643037449568510056e-03
4.699566401541233063e-03
4.944180604070425034e-03
4.685984924435615540e-03
4.641571082174777985e-03
4.621320869773626328e-03
4.720074124634265900e-03
4.651897586882114410e-03
4.591811913996934891e-03
4.790069535374641418e-03
4.601331427693367004e-03
4.600362852215766907e-03
4.568915348500013351e-03
4.722921177744865417e-03
4.565166309475898743e-03
4.618066363036632538e-03
4.620365798473358154e-03
4.598146304488182068e-03
4.652397241443395615e-03
4.779933020472526550e-03
4.697677679359912872e-03
4.606528207659721375e-03
4.779371432960033417e-03
4.624712280929088593e-03
4.773003049194812775e-03
4.595242440700531006e-03
4.593375604599714279e-03
4.594136495143175125e-03
4.596678540110588074e-03
4.708593245595693588e-03
4.737032577395439148e-03
4.799369722604751587e-03
4.636109340935945511e-03
4.649427253752946854e-03
4.613759461790323257e-03
4.689814522862434387e-03
4.594434518367052078e-03
4.639097023755311966e-03
4.578802734613418579e-03
4.626571666449308395e-03
4.715615417808294296e-03
4.594794008880853653e-03
4.743634723126888275e-03
4.778865724802017212e-03
4.677123855799436569e-03
4.603407345712184906e-03
4.692296497523784637e-03
4.741472657769918442e-03
4.632261116057634354e-03
4.849008284509181976e-03
4.629664588719606400e-03
4.619046114385128021e-03
4.595817998051643372e-03
4.563644528388977051e-03
4.740581382066011429e-03
4.632704891264438629e-03
4.732176661491394043e-03
4.643311724066734314e-03
4.647543188184499741e-03
4.712930414825677872e-03
4.594012629240751266e-03
4.655990283936262131e-03
4.666840657591819763e-03
4.725199192762374878e-03
4.807290621101856232e-03
4.675748758018016815e-03
4.589845426380634308e-03
4.624402616173028946e-03
4.701898433268070221e-03
4.650132264941930771e-03
4.614395089447498322e-03
4.825645592063665390e-03
4.831211175769567490e-03
4.755402915179729462e-03
4.606897477060556412e-03
4.576504696160554886e-03
4.726632032543420792e-03
4.680472426116466522e-03
4.727755207568407059e-03
4.648793954402208328e-03
4.726712126284837723e-03
4.733043722808361053e-03
4.804220516234636307e-03
4.577066283673048019e-03
4.677886608988046646e-03
4.845958203077316284e-03
4.600423388183116913e-03
4.622817970812320709e-03
4.621522966772317886e-03
4.626148846000432968e-03
4.639209248125553131e-03
4.576614592224359512e-03
4.585925024002790451e-03
4.576817620545625687e-03
4.557513631880283356e-03
4.586281254887580872e-03
4.559018183499574661e-03
4.600357264280319214e-03
4.694929812103509903e-03
4.720993340015411377e-03
4.657362122088670731e-03
4.636344034224748611e-03
4.792123101651668549e-03
4.738164134323596954e-03
4.689297173172235489e-03
4.644959233701229095e-03
4.714504349976778030e-03
4.784899763762950897e-03
4.600938875228166580e-03
4.640605766326189041e-03
4.844350740313529968e-03
4.660638049244880676e-03
4.667867440730333328e-03
4.778846632689237595e-03
4.627184011042118073e-03
4.576489329338073730e-03
4.611895885318517685e-03
4.604535643011331558e-03
4.592545796185731888e-03
4.789880011230707169e-03
4.674850031733512878e-03
4.653460346162319183e-03
4.564048722386360168e-03
4.611543845385313034e-03
4.723992664366960526e-03
4.676830489188432693e-03
4.648117348551750183e-03
4.727909341454505920e-03
4.624401684850454330e-03
4.722781479358673096e-03
4.715272225439548492e-03
4.740497563034296036e-03
4.563802387565374374e-03
4.646860063076019287e-03
4.617493599653244019e-03
4.645433276891708374e-03
4.816103260964155197e-03
4.770501051098108292e-03
4.652258940041065216e-03
4.650064744055271149e-03
4.647532943636178970e-03
4.635051824152469635e-03
4.627799149602651596e-03
4.615728743374347687e-03
4.579838365316390991e-03
4.738495219498872757e-03
4.810654558241367340e-03
4.838754422962665558e-03
4.603899549692869186e-03
4.628446884453296661e-03
4.684641025960445404e-03
4.626639187335968018e-03
4.540800582617521286e-03
4.564801696687936783e-03
4.725112579762935638e-03
4.815066698938608170e-03
4.560735076665878296e-03
4.749584477394819260e-03
4.654942546039819717e-03
4.838862456381320953e-03
4.622678738087415695e-03
4.647799767553806305e-03
4.740696400403976440e-03
4.642501473426818848e-03
4.863542970269918442e-03
4.752350971102714539e-03
4.681809805333614349e-03
4.684426821768283844e-03
4.696372430771589279e-03
4.685984924435615540e-03
4.615555051714181900e-03
4.633354023098945618e-03
4.686378873884677887e-03
4.619672894477844238e-03
4.572047386318445206e-03
4.643787164241075516e-03
4.645026754587888718e-03
4.708406981080770493e-03
4.702777601778507233e-03
4.624535795301198959e-03
4.755975678563117981e-03
5.029472522437572479e-03
4.676457960158586502e-03
4.588999785482883453e-03
4.755524452775716782e-03
4.602003376930952072e-03
4.545012488961219788e-03
4.616891033947467804e-03
4.748294595628976822e-03
4.746722057461738586e-03
4.611821845173835754e-03
4.608348943293094635e-03
4.611665848642587662e-03
4.790666978806257248e-03
4.650636110454797745e-03
4.648966714739799500e-03
4.799342248588800430e-03
4.798448178917169571e-03
4.808760248124599457e-03
4.688325803726911545e-03
4.697168245911598206e-03
4.600125364959239960e-03
4.647163208574056625e-03
4.691831301897764206e-03
4.590034019201993942e-03
4.628402180969715118e-03
4.646840505301952362e-03
4.829177167266607285e-03
4.626385867595672607e-03
4.763044882565736771e-03
4.775884561240673065e-03
4.714425653219223022e-03
4.635406192392110825e-03
4.581634420901536942e-03
4.576446488499641418e-03
4.747615195810794830e-03
5.000878125429153442e-03
4.697127733379602432e-03
4.602783825248479843e-03
4.674883093684911728e-03
4.691813141107559204e-03
4.686337895691394806e-03
4.593377467244863510e-03
4.719811026006937027e-03
4.867617040872573853e-03
4.669686313718557358e-03
4.656916484236717224e-03
4.623574204742908478e-03
4.540941677987575531e-03
4.680415149778127670e-03
4.690371453762054443e-03
4.623510874807834625e-03
4.601938184350728989e-03
4.712746944278478622e-03
4.584599286317825317e-03
4.721819423139095306e-03
4.599709529429674149e-03
4.576598759740591049e-03
4.779732786118984222e-03
4.782165400683879852e-03
4.544986411929130554e-03
4.680138546973466873e-03
4.649999551475048065e-03
4.661389160901308060e-03
4.611668176949024200e-03
4.567306954413652420e-03
4.626823123544454575e-03
4.602773115038871765e-03
4.580627195537090302e-03
4.812887404114007950e-03
5.074950866401195526e-03
4.673956893384456635e-03
4.597158171236515045e-03
4.592797718942165375e-03
4.705955274403095245e-03
4.642920568585395813e-03
4.658088088035583496e-03
4.766616504639387131e-03
4.633432719856500626e-03
4.649058915674686432e-03
4.607117269188165665e-03
4.687511827796697617e-03
4.749070387333631516e-03
4.652656149119138718e-03
4.687906708568334579e-03
4.705071449279785156e-03
4.678949713706970215e-03
4.755356814712285995e-03
4.598340019583702087e-03
4.868779797106981277e-03
4.599022213369607925e-03
4.692391958087682724e-03
4.676687996834516525e-03
4.641628358513116837e-03
4.669953603297472000e-03
4.568152129650115967e-03
4.872677847743034363e-03
4.616662859916687012e-03
4.647020716220140457e-03
4.673884715884923935e-03
4.715526010841131210e-03
4.618851002305746078e-03
4.680221434682607651e-03
4.582411143928766251e-03
4.663683939725160599e-03
4.723644349724054337e-03
4.612682387232780457e-03
4.679996520280838013e-03
4.693803843110799789e-03
4.768935963511466980e-03
4.662832245230674744e-03
4.675549454987049103e-03
4.706751089543104172e-03
4.832774866372346878e-03
4.699043463915586472e-03
4.638069774955511093e-03
4.709854722023010254e-03
4.695487208664417267e-03
4.628190770745277405e-03
4.660991486161947250e-03
4.566538613289594650e-03
4.546836949884891510e-03
4.597368650138378143e-03
4.637608304619789124e-03
4.776760004460811615e-03
4.665161948651075363e-03
4.837253596633672714e-03
4.798690322786569595e-03
4.611487500369548798e-03
4.627699498087167740e-03
4.701507743448019028e-03
4.750508815050125122e-03
4.679184406995773315e-03
4.597239196300506592e-03
4.616015590727329254e-03
4.725696519017219543e-03
4.648158326745033264e-03
4.559100139886140823e-03
4.579531028866767883e-03
4.573245532810688019e-03
4.700434859842061996e-03
4.575524013489484787e-03
4.613224416971206665e-03
4.585847258567810059e-03
4.629091825336217880e-03
4.690764006227254868e-03
4.726601764559745789e-03
4.694867413491010666e-03
4.750804509967565536e-03
4.879802931100130081e-03
4.603667184710502625e-03
4.694176837801933289e-03
4.596894606947898865e-03
4.715024959295988083e-03
4.566086456179618835e-03
4.639009013772010803e-03
4.625101108103990555e-03
4.618527833372354507e-03
4.577124025672674179e-03
4.602076020091772079e-03
4.602688830345869064e-03
4.780893679708242416e-03
4.617221653461456299e-03
4.627073649317026138e-03
4.635830875486135483e-03
4.759898409247398376e-03
4.596627783030271530e-03
4.798797890543937683e-03
4.603508394211530685e-03
4.659852944314479828e-03
4.617251455783843994e-03
4.562733694911003113e-03
4.613806493580341339e-03
4.571113735437393188e-03
4.851779434829950333e-03
4.723299760371446609e-03
4.628277849406003952e-03
4.759381990879774094e-03
4.733520559966564178e-03
4.748309962451457977e-03
4.720720462501049042e-03
4.614785779267549515e-03
4.577268846333026886e-03
4.747974220663309097e-03
4.649784881621599197e-03
4.717951640486717224e-03
4.650010727345943451e-03
4.590800497680902481e-03
4.780866671353578568e-03
4.650290124118328094e-03
4.758209455758333206e-03
4.715717397630214691e-03
4.862235859036445618e-03
4.862783476710319519e-03
4.663795698434114456e-03
4.744248464703559875e-03
4.785912577062845230e-03
4.805113654583692551e-03
4.620324354618787766e-03
4.882199224084615707e-03
4.778278525918722153e-03
4.661965649574995041e-03
4.602373111993074417e-03
4.588313400745391846e-03
4.770312458276748657e-03
4.806502256542444229e-03
4.593134857714176178e-03
4.612386692315340042e-03
4.702080972492694855e-03
4.850830417126417160e-03
4.718090407550334930e-03
4.707145038992166519e-03
4.759754054248332977e-03
4.632089287042617798e-03
4.678204655647277832e-03
4.654921591281890869e-03
4.703477025032043457e-03
4.641003906726837158e-03
4.821872804313898087e-03
4.603787790983915329e-03
4.679272416979074478e-03
4.640952683985233307e-03
4.643914289772510529e-03
4.615839570760726929e-03
4.666949156671762466e-03
4.560176283121109009e-03
4.789581988006830215e-03
4.629858769476413727e-03
4.582237452268600464e-03
4.688566550612449646e-03
4.622239619493484497e-03
4.546487238258123398e-03
4.612138029187917709e-03
4.699348006397485733e-03
4.670993424952030182e-03
4.656393080949783325e-03
4.648009315133094788e-03
4.728761035948991776e-03
4.692541901022195816e-03
4.683761857450008392e-03
4.595163278281688690e-03
4.549554083496332169e-03
4.584106151014566422e-03
4.709335975348949432e-03
4.714619833976030350e-03
4.565944429486989975e-03
4.681313876062631607e-03
4.774036817252635956e-03
4.830805119127035141e-03
4.634882789105176926e-03
4.645055159926414490e-03
4.638907499611377716e-03
4.634146578609943390e-03
5.101068876683712006e-03
4.646754357963800430e-03
4.724693018943071365e-03
4.646070767194032669e-03
4.639202263206243515e-03
4.708960186690092087e-03
4.591953940689563751e-03
4.599226173013448715e-03
4.568825941532850266e-03
4.651411436498165131e-03
4.618044942617416382e-03
4.632157739251852036e-03
4.759779199957847595e-03
4.689875990152359009e-03
4.611544311046600342e-03
4.617216531187295914e-03
4.783342592418193817e-03
4.628068301826715469e-03
4.630389623343944550e-03
4.635392688214778900e-03
4.714646842330694199e-03
4.675026051700115204e-03
4.617945291101932526e-03
4.699504934251308441e-03
4.588670562952756882e-03
4.679259844124317169e-03
4.644023720175027847e-03
4.601188469678163528e-03
4.669593647122383118e-03
4.629763308912515640e-03
4.772366024553775787e-03
4.903860390186309814e-03
4.943193867802619934e-03
4.595431033521890640e-03
4.608889110386371613e-03
4.607656504958868027e-03
4.626506008207798004e-03
4.683702718466520309e-03
4.649677313864231110e-03
4.586653783917427063e-03
4.574931226670742035e-03
4.667814821004867554e-03
4.792765248566865921e-03
4.598743282258510590e-03
4.673027433454990387e-03
4.592900630086660385e-03
4.600882995873689651e-03
4.616816062480211258e-03
4.694500938057899475e-03
4.753351677209138870e-03
4.771727602928876877e-03
4.733613226562738419e-03
4.571469966322183609e-03
4.648111294955015182e-03
4.666223656386137009e-03
4.610958509147167206e-03
4.561211913824081421e-03
4.650081507861614227e-03
4.650148097425699234e-03
5.023043602705001831e-03
4.542501643300056458e-03
4.620861727744340897e-03
4.647727124392986298e-03
4.619545303285121918e-03
4.680573474615812302e-03
4.621519241482019424e-03
4.753961227834224701e-03
4.565811250358819962e-03
4.552646540105342865e-03
4.653178621083498001e-03
4.547975491732358932e-03
4.601153079420328140e-03
4.668334499001502991e-03
4.667515400797128677e-03
4.846827127039432526e-03
4.623789805918931961e-03
4.637640435248613358e-03
4.669714719057083130e-03
4.669369198381900787e-03
4.632587078958749771e-03
4.589156713336706161e-03
4.598260391503572464e-03
4.578041844069957733e-03
4.612375516444444656e-03
4.647568799555301666e-03
4.884101916104555130e-03
4.755775444209575653e-03
4.644259344786405563e-03
4.787191282957792282e-03
4.666792694479227066e-03
4.721695091575384140e-03
4.758900031447410583e-03
4.802111536264419556e-03
4.753925371915102005e-03
4.741207696497440338e-03
4.598520230501890182e-03
4.659710917621850967e-03
4.719404969364404678e-03
4.773695021867752075e-03
4.738747607916593552e-03
4.610229749232530594e-03
4.760854877531528473e-03
4.684268962591886520e-03
4.633815959095954895e-03
4.670641385018825531e-03
4.599478095769882202e-03
4.749298561364412308e-03
4.736648872494697571e-03
4.556796513497829437e-03
4.573501180857419968e-03
4.638598300516605377e-03
4.805372096598148346e-03
4.553637467324733734e-03
4.787095356732606888e-03
4.632505122572183609e-03
4.586836323142051697e-03
4.678598605096340179e-03
4.856457468122243881e-03
4.757919348776340485e-03
4.632542841136455536e-03
4.597752820700407028e-03
4.732527770102024078e-03
4.663574043661355972e-03
4.758809227496385574e-03
4.673494026064872742e-03
4.687330685555934906e-03
4.627739079296588898e-03
4.646913614124059677e-03
4.702487029135227203e-03
4.733024630695581436e-03
4.765148274600505829e-03
4.616872407495975494e-03
4.641808569431304932e-03
4.821362905204296112e-03
4.582601133733987808e-03
4.601995926350355148e-03
4.696232266724109650e-03
4.569800104945898056e-03
4.728276748210191727e-03
4.780117888003587723e-03
4.795559681951999664e-03
4.698260687291622162e-03
4.661136772483587265e-03
4.705192055553197861e-03
4.976571537554264069e-03
4.588641691952943802e-03
4.622165579348802567e-03
4.634610842913389206e-03
4.646790679544210434e-03
4.548494238406419754e-03
4.809256643056869507e-03
4.794160369783639908e-03
4.645710345357656479e-03
4.629804287105798721e-03
4.618509206920862198e-03
4.951264243572950363e-03
4.649005364626646042e-03
4.658287391066551208e-03
4.632243420928716660e-03
4.643697291612625122e-03
4.571108613163232803e-03
4.668867681175470352e-03
4.666332621127367020e-03
4.629984032362699509e-03
4.609117284417152405e-03
4.568638745695352554e-03
4.556711297482252121e-03
4.651020746678113937e-03
4.604607354849576950e-03
4.621934611350297928e-03
4.590908996760845184e-03
4.638411570340394974e-03
4.613163415342569351e-03
4.778170958161354065e-03
4.602494649589061737e-03
4.747756291180849075e-03
4.732507281005382538e-03
4.578224383294582367e-03
4.625044297426939011e-03
4.738214891403913498e-03
4.710904788225889206e-03
4.747637081891298294e-03
4.681743681430816650e-03
4.669079091399908066e-03
4.645070061087608337e-03
4.598899744451045990e-03
4.639744292944669724e-03
4.619437269866466522e-03
4.555040504783391953e-03
4.718239419162273407e-03
4.627211950719356537e-03
4.584015812724828720e-03
4.562246147543191910e-03
4.706235136836767197e-03
4.693669266998767853e-03
4.636992700397968292e-03
4.713172093033790588e-03
4.759027156978845596e-03
4.603999666869640350e-03
4.592449404299259186e-03
4.702136851847171783e-03
4.732592031359672546e-03
4.623771645128726959e-03
4.672797862440347672e-03
4.647454712539911270e-03
4.576539620757102966e-03
4.719237331300973892e-03
4.624438006430864334e-03
4.619510844349861145e-03
4.606085829436779022e-03
4.565303213894367218e-03
4.748456645756959915e-03
4.735982976853847504e-03
4.650956019759178162e-03
4.650460090488195419e-03
4.667516797780990601e-03
4.691211972385644913e-03
4.797427915036678314e-03
4.554770886898040771e-03
4.628303926438093185e-03
4.563848953694105148e-03
4.720631521195173264e-03
4.887348506599664688e-03
4.568863660097122192e-03
4.653919488191604614e-03
4.604976158589124680e-03
4.565262701362371445e-03
4.707239568233489990e-03
4.553657956421375275e-03
4.566033370792865753e-03
4.608453251421451569e-03
4.568844102323055267e-03
4.614531528204679489e-03
4.645574837923049927e-03
4.602497909218072891e-03
4.640384111553430557e-03
4.656457342207431793e-03
4.595244769006967545e-03
4.642915446311235428e-03
4.631318151950836182e-03
4.737744573503732681e-03
4.632237367331981659e-03
4.586371127516031265e-03
4.622211214154958725e-03
4.662525840103626251e-03
4.858773201704025269e-03
4.615183919668197632e-03
4.795223008841276169e-03
4.642159212380647659e-03
4.732270725071430206e-03
4.705461207777261734e-03
4.603741224855184555e-03
4.561830777674913406e-03
4.616210237145423889e-03
4.655860364437103271e-03
4.630851093679666519e-03
4.712902940809726715e-03
4.715797025710344315e-03
4.709220491349697113e-03
4.630437120795249939e-03
4.636804107576608658e-03
4.624340683221817017e-03
4.597093909978866577e-03
4.630686249583959579e-03
4.586160648614168167e-03
4.589462652802467346e-03
4.572647623717784882e-03
4.658287856727838516e-03
4.656512290239334106e-03
4.683021921664476395e-03
4.696813412010669708e-03
4.673308227211236954e-03
4.669982939958572388e-03
4.562527406960725784e-03
4.661392886191606522e-03
4.727701190859079361e-03
4.612209275364875793e-03
4.658927675336599350e-03
4.729790147393941879e-03
4.867117851972579956e-03
4.793610423803329468e-03
4.639746621251106262e-03
4.579982254654169083e-03
4.844527225941419601e-03
4.564659669995307922e-03
4.706530831754207611e-03
4.547414369881153107e-03
4.579823464155197144e-03
4.665506072342395782e-03
4.585437010973691940e-03
4.846976138651371002e-03
4.672596231102943420e-03
4.675591364502906799e-03
4.743350669741630554e-03
4.703138954937458038e-03
4.810597747564315796e-03
4.652250558137893677e-03
4.823135212063789368e-03
4.719390999525785446e-03
4.638117272406816483e-03
4.687349312007427216e-03
4.916396923363208771e-03
4.697865806519985199e-03
4.570908378809690475e-03
4.659987986087799072e-03
4.682694096118211746e-03
4.609785042703151703e-03
4.738938994705677032e-03
4.586709663271903992e-03
4.614577163010835648e-03
4.540858790278434753e-03
4.791719838976860046e-03
4.587220028042793274e-03
4.609767347574234009e-03
4.590451717376708984e-03
4.814186133444309235e-03
4.696158692240715027e-03
4.656262230128049850e-03
4.632119089365005493e-03
4.631568212062120438e-03
4.706157837063074112e-03
4.634765908122062683e-03
4.687152337282896042e-03
4.602949135005474091e-03
4.594558849930763245e-03
4.556975327432155609e-03
4.748563747853040695e-03
4.582378081977367401e-03
4.605801776051521301e-03
4.798094742000102997e-03
4.975783638656139374e-03
4.633859731256961823e-03
4.567454103380441666e-03
4.610121250152587891e-03
4.655715078115463257e-03
4.714067559689283371e-03
4.625429399311542511e-03
4.650380462408065796e-03
4.601286724209785461e-03
4.708366468548774719e-03
4.722801502794027328e-03
4.667104221880435944e-03
4.604734946042299271e-03
4.756023176014423370e-03
4.734698683023452759e-03
4.827746655791997910e-03
4.655237309634685516e-03
4.696565214544534683e-03
4.626489710062742233e-03
4.582746420055627823e-03
4.557102452963590622e-03
4.803103860467672348e-03
4.558109212666749954e-03
4.601258318871259689e-03
4.575692117214202881e-03
4.555764142423868179e-03
4.626670852303504944e-03
4.635143559426069260e-03
4.603652749210596085e-03
4.664430860430002213e-03
4.707067739218473434e-03
4.726862069219350815e-03
4.554942250251770020e-03
4.727615509182214737e-03
4.619713872671127319e-03
4.666200838983058929e-03
4.528224468231201172e-03
4.620883148163557053e-03
4.621574655175209045e-03
4.629894625395536423e-03
4.613188561052083969e-03
4.594075027853250504e-03
4.681091755628585815e-03
4.735807422548532486e-03
4.631028510630130768e-03
4.595365375280380249e-03
4.671472590416669846e-03
4.658898338675498962e-03
4.772076383233070374e-03
4.878215491771697998e-03
4.655276425182819366e-03
4.641943145543336868e-03
4.617444705218076706e-03
4.593193531036376953e-03
4.622268024832010269e-03
4.670192487537860870e-03
4.618498031049966812e-03
4.623483400791883469e-03
4.610526841133832932e-03
4.662159830331802368e-03
4.565430339425802231e-03
4.752432927489280701e-03
4.650344606488943100e-03
4.543632734566926956e-03
4.559120628982782364e-03
4.603462293744087219e-03
4.685816820710897446e-03
4.687916487455368042e-03
4.598341882228851318e-03
4.688965622335672379e-03
4.633989185094833374e-03
4.623399581760168076e-03
4.692632704973220825e-03
4.704684484750032425e-03
4.618562292307615280e-03
4.648386966437101364e-03
4.639280028641223907e-03
4.640642553567886353e-03
4.584035836160182953e-03
4.684190265834331512e-03
4.636843223124742508e-03
4.649391397833824158e-03
4.677250515669584274e-03
4.635581746697425842e-03
4.624601919203996658e-03
4.731431137770414352e-03
4.682443104684352875e-03
4.669631365686655045e-03
4.551877733319997787e-03
4.572423174977302551e-03
4.776144865900278091e-03
4.728175234049558640e-03
4.892320372164249420e-03
4.552863538265228271e-03
4.628440365195274353e-03
4.654642194509506226e-03
4.612198099493980408e-03
4.807912278920412064e-03
4.594121593981981277e-03
4.604633431881666183e-03
4.677413962781429291e-03
4.749884363263845444e-03
4.721846897155046463e-03
4.572947509586811066e-03
4.579309374094009399e-03
4.609220195561647415e-03
4.652516450732946396e-03
4.850021097809076309e-03
4.665083251893520355e-03
4.749454557895660400e-03
4.799213726073503494e-03
4.689601715654134750e-03
4.586584866046905518e-03
4.598251543939113617e-03
4.662422928959131241e-03
4.695883486419916153e-03
4.761461634188890457e-03
4.923099651932716370e-03
4.672538954764604568e-03
4.586193244904279709e-03
4.588586743921041489e-03
4.636009689420461655e-03
4.575893282890319824e-03
4.739505704492330551e-03
4.811216611415147781e-03
4.601458087563514709e-03
4.632078576833009720e-03
4.639950115233659744e-03
4.622400272637605667e-03
4.596563056111335754e-03
4.649664275348186493e-03
4.713118541985750198e-03
4.562642425298690796e-03
4.719516728073358536e-03
4.636170808225870132e-03
4.581874702125787735e-03
4.573930054903030396e-03
4.664971027523279190e-03
4.600313026458024979e-03
4.616951104253530502e-03
4.591677803546190262e-03
4.612708929926156998e-03
4.643176682293415070e-03
4.578569438308477402e-03
4.624980967491865158e-03
4.645222332328557968e-03
4.765018820762634277e-03
4.760467447340488434e-03
4.549237899482250214e-03
4.537888336926698685e-03
4.640506580471992493e-03
4.688365384936332703e-03
5.182675551623106003e-03
4.842273890972137451e-03
4.652076866477727890e-03
4.728865809738636017e-03
4.738750867545604706e-03
4.650366026908159256e-03
4.740742500871419907e-03
4.649772774428129196e-03
4.657164216041564941e-03
4.652342759072780609e-03
4.590942990034818649e-03
4.588456358760595322e-03
4.736519418656826019e-03
4.661203827708959579e-03
4.570247139781713486e-03
4.745235666632652283e-03
4.670457914471626282e-03
4.545230884104967117e-03
4.654615651816129684e-03
4.688074346631765366e-03
4.795717075467109680e-03
4.606142174452543259e-03
4.753479268401861191e-03
4.615934565663337708e-03
4.610885400325059891e-03
4.704779479652643204e-03
4.568031989037990570e-03
4.627748392522335052e-03
4.631009884178638458e-03
4.688306711614131927e-03
4.563378635793924332e-03
4.555158782750368118e-03
4.649382084608078003e-03
4.551139660179615021e-03
4.625642672181129456e-03
4.736162256449460983e-03
4.590135067701339722e-03
4.811858292669057846e-03
4.659281112253665924e-03
4.593062680214643478e-03
4.625947214663028717e-03
4.616206977516412735e-03
4.670261871069669724e-03
4.675836302340030670e-03
4.740962758660316467e-03
4.863264039158821106e-03
4.723775666207075119e-03
4.606177099049091339e-03
4.624362569302320480e-03
4.757168237119913101e-03
4.715849645435810089e-03
4.572637379169464111e-03
4.571737721562385559e-03
4.738023504614830017e-03
4.619203507900238037e-03
4.640674218535423279e-03
4.659328609704971313e-03
4.610317293554544449e-03
4.751762840896844864e-03
4.788955207914113998e-03
4.716884810477495193e-03
4.579055588692426682e-03
4.642911255359649658e-03
4.636274650692939758e-03
4.705829080194234848e-03
4.702036734670400620e-03
4.810922779142856598e-03
4.618960898369550705e-03
4.577115643769502640e-03
4.634245298802852631e-03
4.571320489048957825e-03
4.578064195811748505e-03
4.742829129099845886e-03
5.069083534181118011e-03
4.685590974986553192e-03
4.736809525638818741e-03
4.753185436129570007e-03
4.683426115661859512e-03
4.670721013098955154e-03
4.648303613066673279e-03
4.632012918591499329e-03
4.587911069393157959e-03
4.609395284205675125e-03
4.600536078214645386e-03
4.718489479273557663e-03
4.684733226895332336e-03
4.606558941304683685e-03
4.630294162780046463e-03
4.579301457852125168e-03
4.662727471441030502e-03
4.554817453026771545e-03
4.708621185272932053e-03
4.628079943358898163e-03
4.629590548574924469e-03
4.582524299621582031e-03
4.745963495224714279e-03
4.586616996675729752e-03
4.740675445646047592e-03
4.685050807893276215e-03
4.571784753352403641e-03
4.600289277732372284e-03
4.640188068151473999e-03
4.595482256263494492e-03
4.621181171387434006e-03
4.658565390855073929e-03
4.723191261291503906e-03
4.725629929453134537e-03
4.621194209903478622e-03
4.634825047105550766e-03
4.760351497679948807e-03
4.590430296957492828e-03
4.632457625120878220e-03
4.618254024535417557e-03
4.583300091326236725e-03
4.641963634639978409e-03
4.697053693234920502e-03
4.769983701407909393e-03
4.801219329237937927e-03
4.570023156702518463e-03
4.627618007361888885e-03
4.660624079406261444e-03
4.614282399415969849e-03
4.730022512376308441e-03
4.628277383744716644e-03
4.636104218661785126e-03
4.656098783016204834e-03
4.847964737564325333e-03
4.627289716154336929e-03
4.772176034748554230e-03
4.535741638392210007e-03
4.664333537220954895e-03
4.671456292271614075e-03
4.672736860811710358e-03
4.907703027129173279e-03
4.591185599565505981e-03
4.578695632517337799e-03
4.705789964646100998e-03
4.734421148896217346e-03
4.624317865818738937e-03
4.655697382986545563e-03
4.714158363640308380e-03
4.669262561947107315e-03
4.743315745145082474e-03
4.584328737109899521e-03
4.582769703119993210e-03
4.559978842735290527e-03
4.617362748831510544e-03
4.710659384727478027e-03
4.677554592490196228e-03
4.573688842356204987e-03
4.614972043782472610e-03
4.582126159220933914e-03
4.804830998182296753e-03
4.637647420167922974e-03
4.602261818945407867e-03
4.777544178068637848e-03
4.596658982336521149e-03
4.734401591122150421e-03
4.640380386263132095e-03
4.674700088798999786e-03
4.784865770488977432e-03
4.564913921058177948e-03
4.591702017933130264e-03
4.680242389440536499e-03
4.873841535300016403e-03
4.860509652644395828e-03
4.625927656888961792e-03
4.778866656124591827e-03
4.681215621531009674e-03
4.659360274672508240e-03
4.765295423567295074e-03
4.665364511311054230e-03
4.562870599329471588e-03
4.607509355992078781e-03
4.690949339419603348e-03
4.764287266880273819e-03
4.703319165855646133e-03
4.570615943521261215e-03
4.585311282426118851e-03
4.637387581169605255e-03
4.579597618430852890e-03
4.573811311274766922e-03
4.703648388385772705e-03
4.686069209128618240e-03
4.660530481487512589e-03
4.578960128128528595e-03
4.638568963855504990e-03
4.609331022948026657e-03
4.650779534131288528e-03
4.632720723748207092e-03
4.640412516891956329e-03
4.668883513659238815e-03
4.608778748661279678e-03
4.653716925531625748e-03
4.614419769495725632e-03
4.676547367125749588e-03
4.637531004846096039e-03
4.574806895107030869e-03
4.608975257724523544e-03
4.664300940930843353e-03
4.617582540959119797e-03
4.612786229699850082e-03
4.557061474770307541e-03
4.629949573427438736e-03
4.629541654139757156e-03
4.607960581779479980e-03
4.949451889842748642e-03
4.616008140146732330e-03
4.640993196517229080e-03
4.644597880542278290e-03
4.806426353752613068e-03
4.914560820907354355e-03
4.760920070111751556e-03
4.567597061395645142e-03
4.570933990180492401e-03
4.595355596393346786e-03
4.621592815965414047e-03
4.646467976272106171e-03
4.606467206031084061e-03
4.605178255587816238e-03
4.599427338689565659e-03
4.546577576547861099e-03
4.606308881193399429e-03
4.551559686660766602e-03
4.594864789396524429e-03
4.709862172603607178e-03
4.635112360119819641e-03
4.695782437920570374e-03
4.617078229784965515e-03
4.584918729960918427e-03
4.565697629004716873e-03
4.722827114164829254e-03
4.755380097776651382e-03
4.589872900396585464e-03
4.637776408344507217e-03
4.728390835225582123e-03
4.598516039550304413e-03
4.554099868983030319e-03
4.674693103879690170e-03
4.604868125170469284e-03
4.600044339895248413e-03
4.643644206225872040e-03
4.762390162795782089e-03
4.564133938401937485e-03
4.681855905801057816e-03
4.560595843940973282e-03
4.643322899937629700e-03
4.563003778457641602e-03
4.773253109306097031e-03
4.680508282035589218e-03
4.861993715167045593e-03
4.622057545930147171e-03
4.640314728021621704e-03
4.573003854602575302e-03
4.648955073207616806e-03
4.609631840139627457e-03
4.671365953981876373e-03
4.712257999926805496e-03
4.641338717192411423e-03
4.589665681123733521e-03
4.842491354793310165e-03
4.784208722412586212e-03
4.806511569768190384e-03
4.729720298200845718e-03
4.627511836588382721e-03
4.676546435803174973e-03
4.567714873701334000e-03
4.738076590001583099e-03
4.606819711625576019e-03
4.695944953709840775e-03
4.637167323380708694e-03
4.617915488779544830e-03
4.692966584116220474e-03
4.594454541802406311e-03
4.555848427116870880e-03
4.571912344545125961e-03
4.597960505634546280e-03
4.693705588579177856e-03
4.714917857199907303e-03
4.730337299406528473e-03
4.583817906677722931e-03
4.671950358897447586e-03
4.586982540786266327e-03
4.581128712743520737e-03
4.604005720466375351e-03
4.656085278838872910e-03
4.763085860759019852e-03
4.736263304948806763e-03
4.853484220802783966e-03
4.785808734595775604e-03
4.738248884677886963e-03
4.710529930889606476e-03
4.595978651195764542e-03
4.571254365146160126e-03
4.727249499410390854e-03
4.587660077959299088e-03
4.682017024606466293e-03
4.655061289668083191e-03
4.785208497196435928e-03
4.683097358793020248e-03
4.707315471023321152e-03
4.614449571818113327e-03
4.622497595846652985e-03
4.672490525990724564e-03
4.617597907781600952e-03
4.624349530786275864e-03
4.698642995208501816e-03
4.877616651356220245e-03
4.621937405318021774e-03
4.674262367188930511e-03
4.738827235996723175e-03
4.565746523439884186e-03
4.689287394285202026e-03
4.583531524986028671e-03
4.759949166327714920e-03
4.578960593789815903e-03
4.680994898080825806e-03
4.626269452273845673e-03
4.549632780253887177e-03
4.620133899152278900e-03
4.644325468689203262e-03
4.722116049379110336e-03
4.572900477796792984e-03
4.605139605700969696e-03
4.607975948601961136e-03
4.569770768284797668e-03
4.628146067261695862e-03
4.805501084774732590e-03
4.776601679623126984e-03
4.588346462696790695e-03
4.623957443982362747e-03
4.579201340675354004e-03
4.610129632055759430e-03
4.572004079818725586e-03
4.762662574648857117e-03
4.685285966843366623e-03
4.693562164902687073e-03
4.612535703927278519e-03
4.632112104445695877e-03
4.599580541253089905e-03
4.723606165498495102e-03
4.637196194380521774e-03
4.628441762179136276e-03
4.620927851647138596e-03
4.576316103339195251e-03
4.607592243701219559e-03
4.610110074281692505e-03
4.644856788218021393e-03
4.579466767609119415e-03
4.812247119843959808e-03
4.607801791280508041e-03
4.659667611122131348e-03
4.806490149348974228e-03
4.682317376136779785e-03
4.871083423495292664e-03
5.027881823480129242e-03
4.721740260720252991e-03
4.717361181974411011e-03
4.617081489413976669e-03
4.753407090902328491e-03
4.630319774150848389e-03
4.542194772511720657e-03
4.697084426879882812e-03
4.630057606846094131e-03
4.648057743906974792e-03
4.559652414172887802e-03
4.702324047684669495e-03
4.610810894519090652e-03
4.676754120737314224e-03
4.783964715898036957e-03
4.844729322940111160e-03
4.880959168076515198e-03
4.640431609004735947e-03
4.538721404969692230e-03
4.577751737087965012e-03
4.574515856802463531e-03
4.613762255758047104e-03
4.608401563018560410e-03
4.645920824259519577e-03
4.793430212885141373e-03
4.601661115884780884e-03
4.707414656877517700e-03
4.665189422667026520e-03
4.597448743879795074e-03
4.761335905641317368e-03
4.602883942425251007e-03
4.627866204828023911e-03
4.577194806188344955e-03
4.818273242563009262e-03
4.622306674718856812e-03
4.717702511698007584e-03
4.618238192051649094e-03
4.883459769189357758e-03
4.645461216568946838e-03
4.606435075402259827e-03
4.694756586104631424e-03
4.680585116147994995e-03
4.614519421011209488e-03
4.553253762423992157e-03
4.583614878356456757e-03
4.666799679398536682e-03
4.705614876002073288e-03
4.567761439830064774e-03
4.568194970488548279e-03
4.545391071587800980e-03
4.734005779027938843e-03
4.822493530809879303e-03
4.659212194383144379e-03
4.723988007754087448e-03
4.815184045583009720e-03
4.553556442260742188e-03
4.561287816613912582e-03
4.605637397617101669e-03
4.591015633195638657e-03
4.603111650794744492e-03
4.597384948283433914e-03
4.757341928780078888e-03
4.648951347917318344e-03
4.724355414509773254e-03
4.690682049840688705e-03
4.677040036767721176e-03
4.687609151005744934e-03
4.798023961484432220e-03
4.743164405226707458e-03
4.665766842663288116e-03
4.621830768883228302e-03
4.625639412552118301e-03
4.610716365277767181e-03
4.598827566951513290e-03
4.838051740080118179e-03
4.576511681079864502e-03
4.688846413046121597e-03
4.849262069910764694e-03
4.749634768813848495e-03
4.696880467236042023e-03
4.609411582350730896e-03
4.604813642799854279e-03
4.626013804227113724e-03
4.796246998012065887e-03
4.546945448964834213e-03
4.616336431354284286e-03
4.822229035198688507e-03
4.584609530866146088e-03
4.844201728701591492e-03
4.535715095698833466e-03
4.725680220872163773e-03
4.596071783453226089e-03
4.625026602298021317e-03
4.770270548760890961e-03
4.679303150624036789e-03
4.804017022252082825e-03
4.566807765513658524e-03
4.776821471750736237e-03
4.622945096343755722e-03
4.580316599458456039e-03
4.739356692880392075e-03
4.569337703287601471e-03
4.627432208508253098e-03
4.605233203619718552e-03
4.659127444028854370e-03
4.613236989825963974e-03
4.571308847516775131e-03
4.671649076044559479e-03
4.577343817800283432e-03
4.685291089117527008e-03
4.639050923287868500e-03
4.635102581232786179e-03
4.645999986678361893e-03
4.803279880434274673e-03
4.698347300291061401e-03
4.691820591688156128e-03
4.713625181466341019e-03
4.618983715772628784e-03
4.622149746865034103e-03
4.639110062271356583e-03
4.620986524969339371e-03
4.570851102471351624e-03
4.659957252442836761e-03
4.796241410076618195e-03
4.596295300871133804e-03
4.568541422486305237e-03
4.715677350759506226e-03
4.622348118573427200e-03
4.602997563779354095e-03
4.585893359035253525e-03
4.582285881042480469e-03
4.550955723971128464e-03
4.639335442334413528e-03
4.604064393788576126e-03
4.615254700183868408e-03
4.670576192438602448e-03
4.618501290678977966e-03
4.670621361583471298e-03
4.701380152255296707e-03
4.702595993876457214e-03
4.749407060444355011e-03
4.738826770335435867e-03
4.725032486021518707e-03
4.822392016649246216e-03
4.673311486840248108e-03
5.138563923537731171e-03
4.666276741772890091e-03
4.695482552051544189e-03
4.596876911818981171e-03
4.781172610819339752e-03
4.560753237456083298e-03
4.596998915076255798e-03
4.987591411918401718e-03
4.616649355739355087e-03
4.549534060060977936e-03
4.670234862715005875e-03
4.575797356665134430e-03
4.716303665190935135e-03
4.602946806699037552e-03
4.601943306624889374e-03
4.749643150717020035e-03
4.650028422474861145e-03
4.811319988220930099e-03
4.633754026144742966e-03
4.610570147633552551e-03
4.609615541994571686e-03
4.648393951356410980e-03
4.832918290048837662e-03
4.653214477002620697e-03
4.604466259479522705e-03
4.603830631822347641e-03
4.672565031796693802e-03
4.677158314734697342e-03
4.687639884650707245e-03
4.560405854135751724e-03
4.585952498018741608e-03
4.548455122858285904e-03
4.608807153999805450e-03
4.553901497274637222e-03
4.657546058297157288e-03
4.878731444478034973e-03
4.809299483895301819e-03
4.657437093555927277e-03
4.725451115518808365e-03
4.633500706404447556e-03
4.606025293469429016e-03
4.739703610539436340e-03
4.721054341644048691e-03
4.708525259047746658e-03
4.620980005711317062e-03
4.641745239496231079e-03
4.687845241278409958e-03
4.567062947899103165e-03
4.588889889419078827e-03
4.705051891505718231e-03
4.604447633028030396e-03
4.760631825774908066e-03
4.899822641164064407e-03
4.600291140377521515e-03
4.599945619702339172e-03
4.560597706586122513e-03
4.856680985540151596e-03
4.671643953770399094e-03
4.566051065921783447e-03
4.726190585643053055e-03
4.690121393650770187e-03
4.727565217763185501e-03
4.750116728246212006e-03
4.643210209906101227e-03
4.567970056086778641e-03
4.550301469862461090e-03
4.695265553891658783e-03
4.563816823065280914e-03
4.633986391127109528e-03
4.616689402610063553e-03
4.651929717510938644e-03
4.597116261720657349e-03
4.625986330211162567e-03
4.617649130523204803e-03
4.617959260940551758e-03
4.729302600026130676e-03
4.709636792540550232e-03
4.680526908487081528e-03
4.789369646459817886e-03
4.572640638798475266e-03
4.618175327777862549e-03
4.700683057308197021e-03
4.584047012031078339e-03
4.724332597106695175e-03
4.621154628694057465e-03
4.551351536065340042e-03
4.657485987991094589e-03
4.681875463575124741e-03
4.650718532502651215e-03
4.589122720062732697e-03
4.583572968840599060e-03
4.576760809868574142e-03
4.623216576874256134e-03
4.635675810277462006e-03
4.683069419115781784e-03
4.657876212149858475e-03
4.612982738763093948e-03
4.590277094393968582e-03
4.631397314369678497e-03
4.636816214770078659e-03
4.606491420418024063e-03
4.630245268344879150e-03
4.629527684301137924e-03
4.866873379796743393e-03
4.753112327307462692e-03
4.699042066931724548e-03
4.734038375318050385e-03
4.574646241962909698e-03
4.588055424392223358e-03
4.618572536855936050e-03
4.802110139280557632e-03
4.648867994546890259e-03
4.639198072254657745e-03
4.721060860902070999e-03
4.577365703880786896e-03
4.588049836456775665e-03
4.758036229759454727e-03
4.563741851598024368e-03
4.770197439938783646e-03
4.860394634306430817e-03
4.940130282193422318e-03
4.630868323147296906e-03
4.653478041291236877e-03
4.642671905457973480e-03
4.693950526416301727e-03
4.617858678102493286e-03
4.586732480674982071e-03
4.854356404393911362e-03
4.553270526230335236e-03
4.644535947591066360e-03
4.678042139858007431e-03
4.598338622599840164e-03
4.564795643091201782e-03
4.544940777122974396e-03
4.643701482564210892e-03
4.601286724209785461e-03
4.648081492632627487e-03
4.747074097394943237e-03
4.661674145609140396e-03
4.681034944951534271e-03
4.595041275024414062e-03
4.737046547234058380e-03
4.721716046333312988e-03
4.593178164213895798e-03
4.679427482187747955e-03
4.605904221534729004e-03
4.613613709807395935e-03
4.624469671398401260e-03
4.568582400679588318e-03
4.743950907140970230e-03
4.697779659181833267e-03
4.693516064435243607e-03
4.560353700071573257e-03
4.606436938047409058e-03
4.896346479654312134e-03
4.538249690085649490e-03
4.830393940210342407e-03
4.659833852201700211e-03
4.798242356628179550e-03
4.625806584954261780e-03
4.542088136076927185e-03
4.593203309923410416e-03
4.740962292999029160e-03
4.622296895831823349e-03
4.690696019679307938e-03
4.754437599331140518e-03
4.692459478974342346e-03
4.695981740951538086e-03
4.605017602443695068e-03
4.723342135548591614e-03
4.576270002871751785e-03
4.702250007539987564e-03
4.615503828972578049e-03
4.756974987685680389e-03
4.593270365148782730e-03
4.604048561304807663e-03
4.585199523717164993e-03
4.617996979504823685e-03
4.759497009217739105e-03
4.639423917979001999e-03
4.656907171010971069e-03
4.607823677361011505e-03
4.751289729028940201e-03
4.819364286959171295e-03
4.632559604942798615e-03
4.658802412450313568e-03
4.698969889432191849e-03
4.787917248904705048e-03
4.775509703904390335e-03
4.588425625115633011e-03
4.591881297528743744e-03
4.611876327544450760e-03
4.620987456291913986e-03
4.562402609735727310e-03
4.611983895301818848e-03
4.588645882904529572e-03
4.551892168819904327e-03
4.628793336451053619e-03
4.635265097022056580e-03
4.623834509402513504e-03
4.709355998784303665e-03
4.666494205594062805e-03
4.587927833199501038e-03
4.711384419351816177e-03
4.551408346742391586e-03
4.707931540906429291e-03
4.577160347253084183e-03
4.662112798541784286e-03
4.611541051417589188e-03
4.586697090417146683e-03
4.596321843564510345e-03
4.725829698145389557e-03
4.614216741174459457e-03
4.731430672109127045e-03
4.701502621173858643e-03
4.554451443254947662e-03
4.641927778720855713e-03
4.613689612597227097e-03
4.678837023675441742e-03
4.700262565165758133e-03
4.557284060865640640e-03
4.603303037583827972e-03
4.582819528877735138e-03
4.609540570527315140e-03
4.655467811971902847e-03
4.607161041349172592e-03
4.670050460845232010e-03
4.700606223195791245e-03
4.720633849501609802e-03
4.636154044419527054e-03
4.593786317855119705e-03
4.673775751143693924e-03
4.659846425056457520e-03
4.771884065121412277e-03
4.717618227005004883e-03
4.592049401253461838e-03
4.577621817588806152e-03
4.673468414694070816e-03
4.627681337296962738e-03
4.620672203600406647e-03
4.710739478468894958e-03
4.898221231997013092e-03
4.738747142255306244e-03
4.620268940925598145e-03
4.635928198695182800e-03
4.638487473130226135e-03
4.768199753016233444e-03
4.940464626997709274e-03
4.947037436068058014e-03
4.999336786568164825e-03
4.576616920530796051e-03
4.615595564246177673e-03
4.648224450647830963e-03
4.618655890226364136e-03
4.658014513552188873e-03
4.536650143563747406e-03
4.688605666160583496e-03
4.720887169241905212e-03
4.582458641380071640e-03
4.765903577208518982e-03
4.927528090775012970e-03
4.556042607873678207e-03
4.735063761472702026e-03
4.648852627724409103e-03
4.608953371644020081e-03
4.562083166092634201e-03
4.537227097898721695e-03
4.595536738634109497e-03
4.529062658548355103e-03
4.546331707388162613e-03
4.605361726135015488e-03
4.852180369198322296e-03
4.614258185029029846e-03
4.612007178366184235e-03
4.733461420983076096e-03
4.687693435698747635e-03
4.815512336790561676e-03
4.576154518872499466e-03
4.563731607049703598e-03
4.575661383569240570e-03
4.626354668289422989e-03
4.608341027051210403e-03
4.652319476008415222e-03
4.661694169044494629e-03
4.878185689449310303e-03
4.678363911807537079e-03
4.548212513327598572e-03
4.599264357239007950e-03
4.754784982651472092e-03
4.581122193485498428e-03
4.667693749070167542e-03
4.592166747897863388e-03
4.716440103948116302e-03
4.699227865785360336e-03
4.718765616416931152e-03
4.694948904216289520e-03
4.605527035892009735e-03
4.548442550003528595e-03
4.645603708922863007e-03
4.698408301919698715e-03
4.692621994763612747e-03
4.615245386958122253e-03
4.624900873750448227e-03
4.715365357697010040e-03
4.648860543966293335e-03
4.656589590013027191e-03
4.666334949433803558e-03
4.613783676177263260e-03
4.593596793711185455e-03
4.621985368430614471e-03
4.607558250427246094e-03
4.712943919003009796e-03
4.751425702124834061e-03
4.564000759273767471e-03
4.701933823525905609e-03
4.879635293036699295e-03
4.943141713738441467e-03
4.669780377298593521e-03
4.812172614037990570e-03
4.669113550335168839e-03
4.630827810615301132e-03
4.570765420794487000e-03
4.577267915010452271e-03
4.596976563334465027e-03
4.678229801356792450e-03
4.548951983451843262e-03
4.728635773062705994e-03
4.608848132193088531e-03
4.705409053713083267e-03
4.589240998029708862e-03
4.719757940620183945e-03
4.623305983841419220e-03
4.664746113121509552e-03
4.806827288120985031e-03
4.724955186247825623e-03
4.634230863302946091e-03
4.738801158964633942e-03
4.567611031234264374e-03
4.601226188242435455e-03
4.576871637254953384e-03
4.566952120512723923e-03
4.630049690604209900e-03
4.604462068527936935e-03
4.685048945248126984e-03
4.549821838736534119e-03
4.542036913335323334e-03
4.644474480301141739e-03
4.716274328529834747e-03
4.692469257861375809e-03
4.695153329521417618e-03
4.599777050316333771e-03
4.579508677124977112e-03
4.559958819299936295e-03
4.703140351921319962e-03
4.648887552320957184e-03
4.571414552628993988e-03
4.737223964184522629e-03
4.709286615252494812e-03
4.793452098965644836e-03
4.594389814883470535e-03
4.565199371427297592e-03
4.859385080635547638e-03
4.641926847398281097e-03
4.668630659580230713e-03
4.637039732187986374e-03
4.577704239636659622e-03
4.581658169627189636e-03
4.617210943251848221e-03
4.550682380795478821e-03
4.628897644579410553e-03
4.618597216904163361e-03
4.748580045998096466e-03
4.722491838037967682e-03
4.548746626824140549e-03
4.648543428629636765e-03
4.635993391275405884e-03
4.643451422452926636e-03
4.615616053342819214e-03
4.673024639487266541e-03
4.556883126497268677e-03
4.718150477856397629e-03
4.604395944625139236e-03
4.847601056098937988e-03
4.655579570680856705e-03
4.617303609848022461e-03
4.533424973487854004e-03
4.757516551762819290e-03
4.587636794894933701e-03
4.757705144584178925e-03
4.758135415613651276e-03
4.586818162351846695e-03
4.567596130073070526e-03
4.584549926221370697e-03
4.696668125689029694e-03
4.630713257938623428e-03
4.678319673985242844e-03
4.558131564408540726e-03
4.582160152494907379e-03
4.741467069834470749e-03
4.741699900478124619e-03
4.818532150238752365e-03
4.564458504319190979e-03
4.585606977343559265e-03
4.545580595731735229e-03
4.594444762915372849e-03
4.596438724547624588e-03
4.624549765139818192e-03
4.630088340491056442e-03
4.817210137844085693e-03
4.703257232904434204e-03
4.629509989172220230e-03
4.585808143019676208e-03
4.579856060445308685e-03
4.762020427733659744e-03
4.726286046206951141e-03
4.663955420255661011e-03
4.589247517287731171e-03
4.551137797534465790e-03
4.679983016103506088e-03
4.650283139199018478e-03
4.555478226393461227e-03
4.632145632058382034e-03
4.559325985610485077e-03
4.627435933798551559e-03
4.623250104486942291e-03
4.661417566239833832e-03
4.655560944229364395e-03
4.567217547446489334e-03
4.660186823457479477e-03
4.544625524431467056e-03
4.640466533601284027e-03
4.638089798390865326e-03
4.633157048374414444e-03
4.639360588043928146e-03
4.614371340721845627e-03
4.966004285961389542e-03
4.601495806127786636e-03
4.612080287188291550e-03
4.601580090820789337e-03
4.589069634675979614e-03
4.557898733764886856e-03
4.585586953908205032e-03
4.569003358483314514e-03
4.646541085094213486e-03
4.683876875787973404e-03
4.656356759369373322e-03
4.558283835649490356e-03
4.645832814276218414e-03
4.889096599072217941e-03
4.593455698341131210e-03
4.724088124930858612e-03
4.565021023154258728e-03
4.637113306671380997e-03
4.584551323205232620e-03
4.693490453064441681e-03
4.639846272766590118e-03
4.605925641953945160e-03
4.651510622352361679e-03
4.602588713169097900e-03
4.593813326209783554e-03
4.751913249492645264e-03
4.659011494368314743e-03
4.582040011882781982e-03
4.664940759539604187e-03
4.588393960148096085e-03
4.649119917303323746e-03
4.626044537872076035e-03
4.618975333869457245e-03
4.611433949321508408e-03
4.614392295479774475e-03
4.692105576395988464e-03
4.639409948140382767e-03
4.582316149026155472e-03
4.542834591120481491e-03
4.682865459471940994e-03
4.586143419146537781e-03
4.554904066026210785e-03
4.617649596184492111e-03
4.659898113459348679e-03
4.762357100844383240e-03
4.575930070132017136e-03
4.689421504735946655e-03
4.676056560128927231e-03
4.610190168023109436e-03
4.642148036509752274e-03
4.719413816928863525e-03
4.591607023030519485e-03
4.910302814096212387e-03
4.652150906622409821e-03
4.581138957291841507e-03
4.785676021128892899e-03
4.745717160403728485e-03
4.621689207851886749e-03
4.613021854311227798e-03
4.577123560011386871e-03
4.569235723465681076e-03
4.592482000589370728e-03
4.703283775597810745e-03
4.638025537133216858e-03
4.598213359713554382e-03
4.662561696022748947e-03
4.673240706324577332e-03
4.657840356230735779e-03
4.575372673571109772e-03
4.583099391311407089e-03
4.621312022209167480e-03
4.582202062010765076e-03
4.625224974006414413e-03
4.593685735017061234e-03
4.646748770028352737e-03
4.684263374656438828e-03
4.819605499505996704e-03
4.621861036866903305e-03
4.686294589191675186e-03
4.561830312013626099e-03
4.708244930952787399e-03
4.594165366142988205e-03
4.641976673156023026e-03
4.628128372132778168e-03
4.525665193796157837e-03
4.616593010723590851e-03
4.590189084410667419e-03
4.647004418075084686e-03
4.785858094692230225e-03
4.679906181991100311e-03
4.632084630429744720e-03
4.610178992152214050e-03
4.592017270624637604e-03
4.621890839189291000e-03
4.581200424581766129e-03
4.693877417594194412e-03
4.711924586445093155e-03
4.600122105330228806e-03
4.588575568050146103e-03
4.642590880393981934e-03
4.563857335597276688e-03
4.555844236165285110e-03
4.573057405650615692e-03
4.781028255820274353e-03
4.642431624233722687e-03
4.572796169668436050e-03
4.913824610412120819e-03
4.742919467389583588e-03
4.709029104560613632e-03
4.718539770692586899e-03
4.540210589766502380e-03
4.842145834118127823e-03
4.593592137098312378e-03
4.572231322526931763e-03
4.521054681390523911e-03
4.731328692287206650e-03
4.775862209498882294e-03
4.739547614008188248e-03
4.543559625744819641e-03
4.682679660618305206e-03
4.632016178220510483e-03
4.574531223624944687e-03
4.829157609492540359e-03
4.821019247174263000e-03
4.674099385738372803e-03
4.528518300503492355e-03
4.586003255099058151e-03
4.691482055932283401e-03
4.590831231325864792e-03
4.547923803329467773e-03
4.632443189620971680e-03
4.598817788064479828e-03
4.608929622918367386e-03
4.837461281567811966e-03
4.529721103608608246e-03
4.672234412282705307e-03
4.604869987815618515e-03
4.600911866873502731e-03
4.603341221809387207e-03
4.584042355418205261e-03
4.825100302696228027e-03
4.687241278588771820e-03
4.647682886570692062e-03
4.600881133228540421e-03
4.698933567851781845e-03
4.742708988487720490e-03
4.848226439207792282e-03
4.775371402502059937e-03
4.706908483058214188e-03
4.566913470625877380e-03
4.700824618339538574e-03
4.612804390490055084e-03
4.694604314863681793e-03
4.802888259291648865e-03
4.657223355025053024e-03
4.686487372964620590e-03
4.613944329321384430e-03
4.686898551881313324e-03
4.639533814042806625e-03
4.576102364808320999e-03
4.765429068356752396e-03
4.632552620023488998e-03
4.627294372767210007e-03
4.587125964462757111e-03
4.668268375098705292e-03
4.554942715913057327e-03
4.562877118587493896e-03
4.548283293843269348e-03
4.525900352746248245e-03
4.605082329362630844e-03
4.688553977757692337e-03
4.608830902725458145e-03
4.795258864760398865e-03
5.191411357372999191e-03
4.731643944978713989e-03
4.689991008490324020e-03
4.585280548781156540e-03
4.616107791662216187e-03
4.625719971954822540e-03
5.041549447923898697e-03
4.593650344759225845e-03
4.594353958964347839e-03
4.666442982852458954e-03
4.647717811167240143e-03
4.570074379444122314e-03
4.582875873893499374e-03
4.601659253239631653e-03
4.582501947879791260e-03
4.675559699535369873e-03
4.607710056006908417e-03
4.654947202652692795e-03
4.680266603827476501e-03
4.711827728897333145e-03
4.624705296009778976e-03
4.521410912275314331e-03
4.583877045661211014e-03
4.570564720779657364e-03
4.659415688365697861e-03
4.637144040316343307e-03
4.641535691916942596e-03
4.900563973933458328e-03
4.729934502393007278e-03
4.705039318650960922e-03
4.710769746452569962e-03
4.570878110826015472e-03
4.654696211218833923e-03
4.635574761778116226e-03
4.745047539472579956e-03
4.762811120599508286e-03
4.737065639346837997e-03
4.610490519553422928e-03
4.531005863100290298e-03
4.587458446621894836e-03
4.580024629831314087e-03
4.701103083789348602e-03
4.615490324795246124e-03
4.633894190192222595e-03
4.622257780283689499e-03
4.590546246618032455e-03
4.829747602343559265e-03
4.678624682128429413e-03
4.700969904661178589e-03
4.550218582153320312e-03
4.634111188352108002e-03
4.597744438797235489e-03
4.605915397405624390e-03
4.741308744996786118e-03
4.666225984692573547e-03
4.741616547107696533e-03
4.617934115231037140e-03
4.751059692353010178e-03
4.582193680107593536e-03
4.585851915180683136e-03
4.833381623029708862e-03
4.685765132308006287e-03
4.512839950621128082e-03
